#JD -  2457565 (hr) Flux  Fl_err  Model_fl   Residual for 2.17um (%) Airmass
      -4.5079613       1.0070045    0.0018526802      0.00000      0.00000       1.4160000
      -4.4866787       1.0022258    0.0018393199      0.00000      0.00000       1.4080000
      -4.4653956       1.0030519    0.0018461238      0.00000      0.00000       1.4010000
      -4.4441073       1.0039645    0.0018524496      0.00000      0.00000       1.3940001
      -4.4228128       1.0045069    0.0018544798      0.00000      0.00000       1.3870000
      -4.4015156       1.0070350    0.0018373148      0.00000      0.00000       1.3800000
      -4.3802279       1.0044312    0.0018134200      0.00000      0.00000       1.3730000
      -4.3589434       1.0071261    0.0018546838      0.00000      0.00000       1.3660001
      -4.3376587       1.0104577    0.0018677729      0.00000      0.00000       1.3600000
      -4.3163706       1.0039762    0.0018761290      0.00000      0.00000       1.3530000
      -4.2950823       1.0050408    0.0019231415      0.00000      0.00000       1.3470000
      -4.2737971       1.0085424    0.0019572010      0.00000      0.00000       1.3410000
      -4.2525150       1.0071955    0.0019373256      0.00000      0.00000       1.3340000
      -4.2312308       1.0059129    0.0018494412      0.00000      0.00000       1.3279999
      -4.2099406       1.0012468    0.0018392762      0.00000      0.00000       1.3220000
      -4.1886509       1.0015650    0.0018195748      0.00000      0.00000       1.3160000
      -4.1673621       1.0029286    0.0018077391      0.00000      0.00000       1.3099999
      -4.1460789      0.99841195    0.0017723697      0.00000      0.00000       1.3049999
      -4.1247933       1.0066897    0.0018058405      0.00000      0.00000       1.2990000
      -4.1035074       1.0019715    0.0017777297      0.00000      0.00000       1.2930000
      -4.0822223       1.0067267    0.0018024796      0.00000      0.00000       1.2880000
      -4.0609334      0.99809788    0.0017579536      0.00000      0.00000       1.2819999
      -4.0396478       1.0055412    0.0017860425      0.00000      0.00000       1.2770000
      -4.0183600       1.0065899    0.0017953577      0.00000      0.00000       1.2720000
      -3.9970688       1.0056397    0.0017783964      0.00000      0.00000       1.2660000
      -3.9757763       1.0003384    0.0017831103      0.00000      0.00000       1.2610000
      -3.9544877       1.0047386    0.0017907785      0.00000      0.00000       1.2560000
      -3.9332025       1.0039126    0.0017816151      0.00000      0.00000       1.2510000
      -3.9119164       1.0022494    0.0017703040      0.00000      0.00000       1.2460001
      -3.8906290       1.0096261    0.0018207207      0.00000      0.00000       1.2420000
      -3.8693396       1.0031486    0.0018267948      0.00000      0.00000       1.2370000
      -3.8480549       1.0095124    0.0018699385      0.00000      0.00000       1.2320000
      -3.8267708       1.0061222    0.0018116143      0.00000      0.00000       1.2280000
      -3.8054845       1.0075465    0.0018370323      0.00000      0.00000       1.2230000
      -3.7841999       1.0061437    0.0018454724      0.00000      0.00000       1.2190000
      -3.7629137       1.0140589    0.0018306534      0.00000      0.00000       1.2140000
      -3.7416330       1.0091322    0.0018315621      0.00000      0.00000       1.2100000
      -3.7203483       1.0049843    0.0018104880      0.00000      0.00000       1.2060000
      -3.6990596       1.0034422    0.0018169901      0.00000      0.00000       1.2010000
      -3.6777688       1.0005875    0.0018113503      0.00000      0.00000       1.1970000
      -3.6564842       1.0193540    0.0036625661      0.00000      0.00000       1.1930000
      -3.6351994       1.0080403    0.0018152571      0.00000      0.00000       1.1890000
      -3.6139144       1.0015200    0.0017789500      0.00000      0.00000       1.1849999
      -3.5926299      0.99885737    0.0018013500      0.00000      0.00000       1.1810000
      -3.5713435       1.0035265    0.0018018814      0.00000      0.00000       1.1770000
      -3.5500550       1.0101723    0.0018612835      0.00000      0.00000       1.1730000
      -3.5287660       1.0023302    0.0018351928      0.00000      0.00000       1.1700000
      -3.5074870      0.99938612    0.0018506466      0.00000      0.00000       1.1660000
      -3.4862004       1.0032075    0.0018174412      0.00000      0.00000       1.1619999
      -3.4649138       1.0048189    0.0017869721      0.00000      0.00000       1.1590000
      -3.4436293       1.0043792    0.0018443440      0.00000      0.00000       1.1550000
      -3.4223535       1.0098521    0.0018538854      0.00000      0.00000       1.1520000
      -3.4010635       1.0045273    0.0018062199      0.00000      0.00000       1.1480000
      -3.3797848       1.0021945    0.0018092870      0.00000      0.00000       1.1450000
      -3.3584981       1.0063575    0.0018058266      0.00000      0.00000       1.1420000
      -3.3372108       1.0010746    0.0017572173      0.00000      0.00000       1.1390001
      -3.3159238       1.0055782    0.0017613569      0.00000      0.00000       1.1350000
      -3.2946643       1.0033445    0.0017858420      0.00000      0.00000       1.1320000
      -3.2733795       1.0036472    0.0017870077      0.00000      0.00000       1.1289999
      -3.2520884       1.0059368    0.0017900131      0.00000      0.00000       1.1260000
      -3.2307875       1.0034148    0.0017922061      0.00000      0.00000       1.1230000
      -3.2095167       1.0080293    0.0018014145      0.00000      0.00000       1.1200000
      -3.1882283       1.0079106    0.0018040426      0.00000      0.00000       1.1170000
      -3.1669402       1.0013782    0.0018008564      0.00000      0.00000       1.1140000
      -3.1456558       1.0021364    0.0017915060      0.00000      0.00000       1.1109999
      -3.1243688       1.0056753    0.0017888404      0.00000      0.00000       1.1090000
      -3.1030767       1.0021278    0.0017890065      0.00000      0.00000       1.1059999
      -3.0817351       1.0076312    0.0018006593      0.00000      0.00000       1.1030000
      -3.0604299       1.0026623    0.0017881545      0.00000      0.00000       1.1010000
      -3.0391400       1.0032452    0.0017986856      0.00000      0.00000       1.0980000
      -3.0178195       1.0074983    0.0018162339      0.00000      0.00000       1.0950000
      -2.9965365       1.0008062    0.0017797186      0.00000      0.00000       1.0930001
      -2.9752419       1.0013109    0.0017801340      0.00000      0.00000       1.0900000
      -2.9539556       1.0054647    0.0017853519      0.00000      0.00000       1.0880001
      -2.9326723      0.99997851    0.0017865609      0.00000      0.00000       1.0860000
      -2.9113919       1.0062895    0.0017886124      0.00000      0.00000       1.0829999
      -2.8901050      0.99967726    0.0017893057      0.00000      0.00000       1.0810000
      -2.8688100      0.99920313    0.0018039852      0.00000      0.00000       1.0790000
      -2.8475259      0.99468337    0.0017780513      0.00000      0.00000       1.0760000
      -2.8262412       1.0052339    0.0017995815      0.00000      0.00000       1.0740000
      -2.8049542      0.99981448    0.0017913473      0.00000      0.00000       1.0720000
      -2.7836670       1.0093097    0.0017920427      0.00000      0.00000       1.0700001
      -2.7623799       1.0027531    0.0017892348      0.00000      0.00000       1.0680000
      -2.7410997      0.99608382    0.0017841113      0.00000      0.00000       1.0660000
      -2.7198104       1.0054522    0.0018129025      0.00000      0.00000       1.0640000
      -2.6985222       1.0016738    0.0018191391      0.00000      0.00000       1.0620000
      -2.6772096       1.0060867    0.0017900762      0.00000      0.00000       1.0599999
      -2.6559244       1.0028749    0.0017868462      0.00000      0.00000       1.0580000
      -2.6346418       1.0057079    0.0017926413      0.00000      0.00000       1.0560000
      -2.6133788       1.0079379    0.0018247301      0.00000      0.00000       1.0549999
      -2.5920948      0.99645449    0.0018103033      0.00000      0.00000       1.0530000
      -2.5708120       1.0051250    0.0018047988      0.00000      0.00000       1.0510000
      -2.5494897      0.99737251    0.0017726252      0.00000      0.00000       1.0490000
      -2.5282015       1.0046193    0.0018014972      0.00000      0.00000       1.0480000
      -2.5069191       1.0009933    0.0017921125      0.00000      0.00000       1.0460000
      -2.4856354      0.99612183    0.0017777434      0.00000      0.00000       1.0440000
      -2.4643516      0.99466459    0.0017703396      0.00000      0.00000       1.0430000
      -2.4430683       1.0024699    0.0017759418      0.00000      0.00000       1.0410000
      -2.4217818      0.99519316    0.0017701574      0.00000      0.00000       1.0400000
      -2.4004989       1.0082986    0.0017846833      0.00000      0.00000       1.0380000
      -2.3792167      0.99608842    0.0017669824      0.00000      0.00000       1.0369999
      -2.3579327       1.0082667    0.0018123709      0.00000      0.00000       1.0360000
      -2.3366460      0.99773605    0.0017686568      0.00000      0.00000       1.0340000
      -2.3153603      0.99894937    0.0017709570      0.00000      0.00000       1.0330000
      -2.2940740       1.0019836    0.0017768462      0.00000      0.00000       1.0319999
      -2.2727892       1.0006603    0.0017846221      0.00000      0.00000       1.0300000
      -2.2515030      0.98903307    0.0017543122      0.00000      0.00000       1.0290000
      -2.2302154      0.99491276    0.0017619695      0.00000      0.00000       1.0280000
      -2.2089278      0.99837864    0.0017778064      0.00000      0.00000       1.0270000
      -2.1876383      0.99792229    0.0017725785      0.00000      0.00000       1.0260000
      -2.1663489       1.0001147    0.0017843687      0.00000      0.00000       1.0240000
      -2.1450635       1.0025444    0.0018034796      0.00000      0.00000       1.0230000
      -2.1237799       1.0042932    0.0017883465      0.00000      0.00000       1.0220000
      -2.1024884      0.99252631    0.0017658198      0.00000      0.00000       1.0210000
      -2.0811985      0.99794306    0.0017640874      0.00000      0.00000       1.0200000
      -2.0599118      0.99547437    0.0017721849      0.00000      0.00000       1.0190001
      -2.0386263      0.99744347    0.0017607655      0.00000      0.00000       1.0180000
      -2.0173329      0.99575594    0.0017741765      0.00000      0.00000       1.0180000
      -1.9960691      0.99727068    0.0017740978      0.00000      0.00000       1.0170000
      -1.9747869       1.0046619    0.0017888666      0.00000      0.00000       1.0160000
      -1.9534993      0.99659885    0.0017909389      0.00000      0.00000       1.0150000
      -1.9322144      0.99494463    0.0017650746      0.00000      0.00000       1.0140001
      -1.9109266      0.99928592    0.0017880224      0.00000      0.00000       1.0140001
      -1.8896425      0.99048904    0.0017794629      0.00000      0.00000       1.0130000
      -1.8683515      0.99294835    0.0017637173      0.00000      0.00000       1.0120000
      -1.8470625      0.99558649    0.0017660405      0.00000      0.00000       1.0120000
      -1.8257635      0.99997996    0.0017971698      0.00000      0.00000       1.0110000
      -1.8044778      0.99648058    0.0017646620      0.00000      0.00000       1.0100000
      -1.7832113       1.0053733    0.0018122787      0.00000      0.00000       1.0100000
      -1.7619204      0.99927571    0.0017806136      0.00000      0.00000       1.0089999
      -1.7406241       1.0028425    0.0017707520      0.00000      0.00000       1.0089999
      -1.7193345       1.0029299    0.0018319876      0.00000      0.00000       1.0080000
      -1.6980541       1.0007840    0.0018403073      0.00000      0.00000       1.0080000
      -1.6767681      0.99779753    0.0017891750      0.00000      0.00000       1.0070000
      -1.6554749      0.99448476    0.0017660026      0.00000      0.00000       1.0070000
      -1.6341845      0.99379920    0.0017609627      0.00000      0.00000       1.0070000
      -1.6128945       1.0003486    0.0017791475      0.00000      0.00000       1.0060000
      -1.5916034      0.99751443    0.0017599017      0.00000      0.00000       1.0060000
      -1.5703135      0.99980699    0.0017749267      0.00000      0.00000       1.0060000
      -1.5490272       1.0012777    0.0018035986      0.00000      0.00000       1.0060000
      -1.5277421       1.0010721    0.0017838970      0.00000      0.00000       1.0050000
      -1.5064534      0.99285879    0.0017675583      0.00000      0.00000       1.0050000
      -1.4851331      0.99902493    0.0017777412      0.00000      0.00000       1.0050000
      -1.4637620      0.99657898    0.0017749348      0.00000      0.00000       1.0050000
      -1.4424256       1.0014701    0.0017938128      0.00000      0.00000       1.0050000
      -1.4210700      0.99487331    0.0017712605      0.00000      0.00000       1.0050000
      -1.3997464      0.99681614    0.0017687887      0.00000      0.00000       1.0050000
      -1.3784496      0.99612309    0.0017428722      0.00000      0.00000       1.0050000
      -1.3571502      0.99776025    0.0017529901      0.00000      0.00000       1.0050000
      -1.3358176      0.99531431    0.0017564832      0.00000      0.00000       1.0050000
      -1.3144943      0.99535854    0.0017438234      0.00000      0.00000       1.0050000
      -1.2931982       1.0002559    0.0017532201      0.00000      0.00000       1.0050000
      -1.2718925      0.99205489    0.0017500257      0.00000      0.00000       1.0050000
      -1.2505543       1.0020356    0.0017757940      0.00000      0.00000       1.0050000
      -1.2292571      0.99525183    0.0017686920      0.00000      0.00000       1.0060000
      -1.2079121       1.0018684    0.0018279222      0.00000      0.00000       1.0060000
      -1.1864119      0.99647562    0.0017598841      0.00000      0.00000       1.0060000
      -1.1648556      0.99250979    0.0017518083      0.00000      0.00000       1.0060000
      -1.1432757      0.99015204    0.0017505229      0.00000      0.00000       1.0070000
      -1.1217138      0.99366388    0.0017642939      0.00000      0.00000       1.0070000
      -1.1001447      0.99529165    0.0017789553      0.00000      0.00000       1.0070000
      -1.0786917      0.99884808    0.0018505316      0.00000      0.00000       1.0080000
      -1.0572883      0.99722139    0.0018114692      0.00000      0.00000       1.0080000
      -1.0359918       1.0104973    0.0018429844      0.00000      0.00000       1.0089999
      -1.0146990      0.99340758    0.0017730438      0.00000      0.00000       1.0089999
     -0.99341132      0.99591618    0.0017989539      0.00000      0.00000       1.0100000
     -0.97212387      0.99688240    0.0017653192      0.00000      0.00000       1.0100000
     -0.95083896      0.98988311    0.0017662334      0.00000      0.00000       1.0110000
     -0.92955304       1.0019234    0.0017928686      0.00000      0.00000       1.0110000
     -0.90826621      0.99637126    0.0017667795      0.00000      0.00000       1.0120000
     -0.88698229      0.99540007    0.0017764251      0.00000      0.00000       1.0130000
     -0.86567354      0.99713147    0.0017791364      0.00000      0.00000       1.0130000
     -0.84438941      0.99094196    0.0017609872      0.00000      0.00000       1.0140001
     -0.82310593      0.99991785    0.0017755588      0.00000      0.00000       1.0150000
     -0.80182615      0.99533976    0.0017572922      0.00000      0.00000       1.0160000
     -0.78054763      0.99075617    0.0017551511      0.00000      0.00000       1.0160000
     -0.75925862      0.99490382    0.0017629812      0.00000      0.00000       1.0170000
     -0.73797115      0.99552068    0.0017569226      0.00000      0.00000       1.0180000
     -0.71670296      0.99817796    0.0017669956      0.00000      0.00000       1.0190001
     -0.69542237      0.99406497    0.0017536878      0.00000      0.00000       1.0200000
     -0.67411321      0.99406199    0.0017608103      0.00000      0.00000       1.0210000
     -0.65283032       1.0008679    0.0017682479      0.00000      0.00000       1.0220000
     -0.63155042      0.99464554    0.0017573387      0.00000      0.00000       1.0230000
     -0.61026839      0.98937016    0.0017635771      0.00000      0.00000       1.0240000
     -0.58898444      0.99732250    0.0017730535      0.00000      0.00000       1.0250000
     -0.56766572      0.99651579    0.0017565229      0.00000      0.00000       1.0260000
     -0.54637922       1.0019191    0.0017628891      0.00000      0.00000       1.0270000
     -0.52509350      0.99943568    0.0017649142      0.00000      0.00000       1.0290000
     -0.50380809      0.99585316    0.0017499500      0.00000      0.00000       1.0300000
     -0.48252201      0.99377952    0.0017631487      0.00000      0.00000       1.0310000
     -0.46121979      0.99487936    0.0017610517      0.00000      0.00000       1.0319999
     -0.43993957      0.99736944    0.0017535983      0.00000      0.00000       1.0340000
     -0.41866070      0.99866563    0.0017504455      0.00000      0.00000       1.0350000
     -0.39737700      0.99873622    0.0017745293      0.00000      0.00000       1.0360000
     -0.37609053      0.99511714    0.0017632271      0.00000      0.00000       1.0380000
     -0.35480246      0.99749592    0.0017423270      0.00000      0.00000       1.0390000
     -0.33352101      0.99196524    0.0017342219      0.00000      0.00000       1.0410000
     -0.31223339       1.0003291    0.0017582690      0.00000      0.00000       1.0420001
     -0.29094817      0.99958292    0.0017855370      0.00000      0.00000       1.0440000
     -0.26966213      0.99559209    0.0017816983      0.00000      0.00000       1.0450000
     -0.24837996       1.0008145    0.0017621921      0.00000      0.00000       1.0470001
     -0.22709475       1.0047219    0.0017881003      0.00000      0.00000       1.0490000
     -0.20581328      0.99396793    0.0017565136      0.00000      0.00000       1.0500000
     -0.18454986       1.0009105    0.0017729613      0.00000      0.00000       1.0520000
     -0.16326788      0.99125098    0.0017695567      0.00000      0.00000       1.0540000
     -0.14198078      0.99641378    0.0017610127      0.00000      0.00000       1.0560000
     -0.12069470      0.99648663    0.0017598624      0.00000      0.00000       1.0570000
    -0.099403773       1.0019831    0.0017662093      0.00000      0.00000       1.0590000
    -0.078121606      0.99013453    0.0017522069      0.00000      0.00000       1.0610000
    -0.056835741      0.99240868    0.0017585282      0.00000      0.00000       1.0630000
    -0.035551451       1.0005132    0.0017699845      0.00000      0.00000       1.0650001
    -0.014262501       1.0013996    0.0017613590      0.00000      0.00000       1.0670000
    0.0070317909       1.0023647    0.0017560130      0.00000      0.00000       1.0690000
     0.028319634      0.99914635    0.0017867695      0.00000      0.00000       1.0710000
     0.049611636      0.99746261    0.0017807984      0.00000      0.00000       1.0730000
     0.070890438       1.0004925    0.0017919357      0.00000      0.00000       1.0760000
     0.092175856      0.99764668    0.0017752635      0.00000      0.00000       1.0779999
      0.11345667       1.0106468    0.0017985304      0.00000      0.00000       1.0800000
      0.13474718      0.99684250    0.0017525686      0.00000      0.00000       1.0820000
      0.15603294      0.99980130    0.0017449439      0.00000      0.00000       1.0850000
      0.17732018      0.99776657    0.0017532439      0.00000      0.00000       1.0870000
      0.19860030      0.99547139    0.0017715467      0.00000      0.00000       1.0890000
      0.21991114       1.0004916    0.0017563494      0.00000      0.00000       1.0920000
      0.24119604      0.99920900    0.0017502596      0.00000      0.00000       1.0940000
      0.26248111      0.99110870    0.0017560350      0.00000      0.00000       1.0970000
      0.28376437      0.99700870    0.0017588526      0.00000      0.00000       1.1000000
      0.30505269      0.99853807    0.0017736036      0.00000      0.00000       1.1020000
      0.32633759      0.98724470    0.0017367045      0.00000      0.00000       1.1050000
      0.34762360      0.99651940    0.0017517688      0.00000      0.00000       1.1080000
      0.36890593       1.0050907    0.0017749978      0.00000      0.00000       1.1100000
      0.39019101      0.99007865    0.0017704912      0.00000      0.00000       1.1130000
      0.41147520      0.99036130    0.0018665565      0.00000      0.00000       1.1160001
      0.43276212       1.0038709    0.0018058807      0.00000      0.00000       1.1190000
      0.45407556      0.99853310    0.0017951689      0.00000      0.00000       1.1220000
      0.47536588      0.99916648    0.0017946362      0.00000      0.00000       1.1250000
      0.49665185      0.99386808    0.0017684826      0.00000      0.00000       1.1280000
      0.51793963      0.98963368    0.0017637616      0.00000      0.00000       1.1310000
      0.53922379      0.99767774    0.0017626072      0.00000      0.00000       1.1339999
      0.56051090      0.99825117    0.0017665788      0.00000      0.00000       1.1370000
      0.58182743      0.99601413    0.0017885822      0.00000      0.00000       1.1400000
      0.60311656      0.99751542    0.0018268078      0.00000      0.00000       1.1440001
      0.62439974      0.99893537    0.0018063137      0.00000      0.00000       1.1470000
      0.64568509       1.0009191    0.0018237212      0.00000      0.00000       1.1500000
      0.66694215       1.0006735    0.0018127854      0.00000      0.00000       1.1540000
      0.68823010      0.99324671    0.0017955987      0.00000      0.00000       1.1569999
      0.70951850       1.0004043    0.0018178137      0.00000      0.00000       1.1610000
      0.73080416      0.99299890    0.0017965449      0.00000      0.00000       1.1650000
      0.75209593       1.0018661    0.0018179701      0.00000      0.00000       1.1680000
      0.77338417      0.99972014    0.0018130173      0.00000      0.00000       1.1720001
      0.79466857      0.99501134    0.0017805383      0.00000      0.00000       1.1760000
      0.81595929      0.99781125    0.0017927111      0.00000      0.00000       1.1799999
      0.83724816       1.0032195    0.0018268480      0.00000      0.00000       1.1830000
      0.85853855       1.0063030    0.0018418556      0.00000      0.00000       1.1870000
      0.87982589       1.0003865    0.0018522534      0.00000      0.00000       1.1910000
      0.90109129      0.99575323    0.0018486071      0.00000      0.00000       1.1950001
      0.92238396       1.0004925    0.0019537851      0.00000      0.00000       1.2000000
      0.94367310       1.0096667    0.0018622823      0.00000      0.00000       1.2040000
      0.96495920       1.0041632    0.0018455160      0.00000      0.00000       1.2079999
      0.98624663      0.99692140    0.0018326167      0.00000      0.00000       1.2120000
       1.0075327      0.99757293    0.0018170317      0.00000      0.00000       1.2170000
       1.0288198       1.0038929    0.0018434954      0.00000      0.00000       1.2210000
       1.0501104      0.99395294    0.0018219604      0.00000      0.00000       1.2260000
       1.0713952       1.0004994    0.0018394107      0.00000      0.00000       1.2300000
       1.0926827       1.0027514    0.0018332710      0.00000      0.00000       1.2350000
       1.1139714      0.99637063    0.0018224097      0.00000      0.00000       1.2400000
       1.1352604      0.99240218    0.0018013105      0.00000      0.00000       1.2440000
       1.1565445       1.0061499    0.0018282604      0.00000      0.00000       1.2490000
       1.1778304      0.99638706    0.0018329114      0.00000      0.00000       1.2539999
       1.1991148      0.99100217    0.0018275992      0.00000      0.00000       1.2589999
       1.2204035      0.99645684    0.0018451440      0.00000      0.00000       1.2640001
       1.2416932      0.99892373    0.0018840420      0.00000      0.00000       1.2700000
       1.2629996      0.99571071    0.0019675791      0.00000      0.00000       1.2750000
       1.2842866      0.99706955    0.0019937219      0.00000      0.00000       1.2800000
       1.3055758      0.99571667    0.0020543676      0.00000      0.00000       1.2850000
       1.3268633      0.99817615    0.0019554755      0.00000      0.00000       1.2910000
       1.3481439       1.0020353    0.0019161345      0.00000      0.00000       1.2970001
       1.3694396      0.99936274    0.0018811726      0.00000      0.00000       1.3020000
       1.3907259      0.98936700    0.0019965568      0.00000      0.00000       1.3080000
       1.4120099      0.99993148    0.0019683245      0.00000      0.00000       1.3140000
       1.4332928       1.0026226    0.0020227757      0.00000      0.00000       1.3200001
       1.4545817       1.0078586    0.0020445869      0.00000      0.00000       1.3260000
       1.4758677      0.99818987    0.0019549332      0.00000      0.00000       1.3320000
       1.4971568       1.0003193    0.0019344534      0.00000      0.00000       1.3380001
       1.5184443      0.99304070    0.0018849404      0.00000      0.00000       1.3440000
       1.5610209      0.99530374    0.0018456131      0.00000      0.00000       1.3570000
       1.5823297       1.0013914    0.0019199688      0.00000      0.00000       1.3640000
       1.6036168       1.0002190    0.0018713882      0.00000      0.00000       1.3700000
       1.6248999      0.99589054    0.0018403473      0.00000      0.00000       1.3770000
       1.6461870       1.0033490    0.0018834221      0.00000      0.00000       1.3839999
       1.6674712      0.99913615    0.0018582375      0.00000      0.00000       1.3910000
       1.6887611      0.99506090    0.0018649014      0.00000      0.00000       1.3980000
       1.7100477       1.0007733    0.0018770423      0.00000      0.00000       1.4050000
       1.7313302      0.99765138    0.0018738354      0.00000      0.00000       1.4130000
       1.7526195      0.99920945    0.0018875921      0.00000      0.00000       1.4200000
       1.7951940      0.99636729    0.0018862649      0.00000      0.00000       1.4349999
       1.8164771      0.99258183    0.0018973084      0.00000      0.00000       1.4430000
       1.8377657      0.99908252    0.0018901489      0.00000      0.00000       1.4510000
       1.8590505      0.99716388    0.0018570352      0.00000      0.00000       1.4590000
       1.8803402      0.99610783    0.0018490336      0.00000      0.00000       1.4670000
       1.9016242      0.99744076    0.0018640672      0.00000      0.00000       1.4760000
       1.9229171      0.99378719    0.0018641238      0.00000      0.00000       1.4840000
       1.9442026       1.0006587    0.0018719477      0.00000      0.00000       1.4930000
       1.9654895      0.99795091    0.0018489262      0.00000      0.00000       1.5020000
       1.9867744      0.99467325    0.0018861092      0.00000      0.00000       1.5110000
       2.0080604      0.99582202    0.0018544383      0.00000      0.00000       1.5200000
       2.0293426       1.0011917    0.0018740071      0.00000      0.00000       1.5290000
       2.0506265      0.99792302    0.0018728023      0.00000      0.00000       1.5380000
       2.0719079      0.99127002    0.0018786660      0.00000      0.00000       1.5480000
       2.0931978       1.0067357    0.0019613237      0.00000      0.00000       1.5570000
       2.1144856      0.99610097    0.0019475404      0.00000      0.00000       1.5670000
       2.1357764      0.99546570    0.0019247011      0.00000      0.00000       1.5770000
       2.1570659       1.0010309    0.0019774726      0.00000      0.00000       1.5870000
       2.1783537      0.99776106    0.0019130836      0.00000      0.00000       1.5970000
       2.1996406      0.99595482    0.0019015516      0.00000      0.00000       1.6080000
       2.2209243      0.99867493    0.0019386771      0.00000      0.00000       1.6190000
       2.2422080      0.99944002    0.0019415266      0.00000      0.00000       1.6300000
       2.2634933       1.0005970    0.0019207286      0.00000      0.00000       1.6410000
       2.2847803       1.0037429    0.0019241733      0.00000      0.00000       1.6520000
       2.3060650       1.0050214    0.0019457689      0.00000      0.00000       1.6630000
       2.3273491       1.0014456    0.0019487635      0.00000      0.00000       1.6750000
       2.3486363       1.0015293    0.0019278829      0.00000      0.00000       1.6870000
       2.3699216       1.0054576    0.0019793873      0.00000      0.00000       1.6990000
       2.3912100      0.99330909    0.0019456631      0.00000      0.00000       1.7110000
       2.4124989       1.0059685    0.0019827578      0.00000      0.00000       1.7240000
       2.4337846      0.99848769    0.0019681881      0.00000      0.00000       1.7370000
       2.4550720       1.0019005    0.0020042545      0.00000      0.00000       1.7500000
       2.4763804       1.0044737    0.0020399437      0.00000      0.00000       1.7630000
       2.4976665       1.0053660    0.0021230150      0.00000      0.00000       1.7760000
       2.5189524       1.0054158    0.0021776431      0.00000      0.00000       1.7900000
       2.5402373       1.0038058    0.0021422996      0.00000      0.00000       1.8040000
       2.5615239       1.0005139    0.0020853893      0.00000      0.00000       1.8180000
       2.5828096       1.0055591    0.0020781259      0.00000      0.00000       1.8329999
       2.6040757       1.0009438    0.0021068496      0.00000      0.00000       1.8480000
       2.6253590       1.0033607    0.0020802222      0.00000      0.00000       1.8630000
       2.6466481       1.0000525    0.0021867486      0.00000      0.00000       1.8780000
       2.6679351      0.99994033    0.0021240164      0.00000      0.00000       1.8940001
       2.6893067       1.0034891    0.0021157781      0.00000      0.00000       1.9100000
       2.7106012       1.0039434    0.0021220072      0.00000      0.00000       1.9270000
       2.7318859       1.0067043    0.0021405537      0.00000      0.00000       1.9430000
       2.7531718       1.0045577    0.0021704287      0.00000      0.00000       1.9600000
       2.7744564      0.99974605    0.0021399566      0.00000      0.00000       1.9780000
       2.7957372       1.0067239    0.0021581103      0.00000      0.00000       1.9960001
       2.8170511       1.0029309    0.0021714933      0.00000      0.00000       2.0139999
       2.8383384       1.0010230    0.0021480081      0.00000      0.00000       2.0320001
       2.8596192       1.0129923    0.0021751181      0.00000      0.00000       2.0510001
       2.8809043       1.0043144    0.0021968567      0.00000      0.00000       2.0699999
       2.9021905      0.99524931    0.0021016356      0.00000      0.00000       2.0899999
       2.9234769       1.0067870    0.0021829344      0.00000      0.00000       2.1099999
       2.9447625       1.0031433    0.0021163556      0.00000      0.00000       2.1310000
       2.9660517       1.0000000    0.0021125282      0.00000      0.00000       2.1520000
