#JD -  2457565 (hr) Flux  Fl_err  Model_fl   Residual for 2.23um (%) Airmass
      -4.5079613       1.0080971    0.0019622179      0.00000      0.00000       1.4160000
      -4.4866787      0.99969843    0.0019326686      0.00000      0.00000       1.4080000
      -4.4653956       1.0052036    0.0019390741      0.00000      0.00000       1.4010000
      -4.4441073       1.0046836    0.0019546265      0.00000      0.00000       1.3940001
      -4.4228128      0.99947723    0.0019569689      0.00000      0.00000       1.3870000
      -4.4015156       1.0098592    0.0019435102      0.00000      0.00000       1.3800000
      -4.3802279       1.0058406    0.0019306468      0.00000      0.00000       1.3730000
      -4.3589434       1.0110297    0.0019614960      0.00000      0.00000       1.3660001
      -4.3376587       1.0098804    0.0019798187      0.00000      0.00000       1.3600000
      -4.3163706       1.0080984    0.0019925202      0.00000      0.00000       1.3530000
      -4.2950823       1.0068726    0.0020496846      0.00000      0.00000       1.3470000
      -4.2737971       1.0108531    0.0020845610      0.00000      0.00000       1.3410000
      -4.2525150       1.0005951    0.0020280370      0.00000      0.00000       1.3340000
      -4.2312308       1.0027836    0.0019350782      0.00000      0.00000       1.3279999
      -4.2099406       1.0024720    0.0019481695      0.00000      0.00000       1.3220000
      -4.1886509      0.99795393    0.0019158156      0.00000      0.00000       1.3160000
      -4.1673621       1.0020243    0.0019117080      0.00000      0.00000       1.3099999
      -4.1460789       1.0002091    0.0018805448      0.00000      0.00000       1.3049999
      -4.1247933       1.0051454    0.0018921496      0.00000      0.00000       1.2990000
      -4.1035074       1.0023804    0.0018752433      0.00000      0.00000       1.2930000
      -4.0822223       1.0053017    0.0018918216      0.00000      0.00000       1.2880000
      -4.0609334       1.0083507    0.0018816987      0.00000      0.00000       1.2819999
      -4.0396478       1.0027769    0.0018870356      0.00000      0.00000       1.2770000
      -4.0183600       1.0033570    0.0018876419      0.00000      0.00000       1.2720000
      -3.9757763       1.0039816    0.0018907982      0.00000      0.00000       1.2610000
      -3.9544877       1.0077400    0.0018913751      0.00000      0.00000       1.2560000
      -3.9332025       1.0067976    0.0018811904      0.00000      0.00000       1.2510000
      -3.9119164       1.0029035    0.0018742195      0.00000      0.00000       1.2460001
      -3.8906290       1.0054565    0.0019055257      0.00000      0.00000       1.2420000
      -3.8693396       1.0041475    0.0019213838      0.00000      0.00000       1.2370000
      -3.8480549       1.0055753    0.0019705385      0.00000      0.00000       1.2320000
      -3.8267708       1.0031864    0.0018953457      0.00000      0.00000       1.2280000
      -3.8054845       1.0032170    0.0019128093      0.00000      0.00000       1.2230000
      -3.7841999       1.0043260    0.0019211805      0.00000      0.00000       1.2190000
      -3.7629137       1.0105820    0.0018988315      0.00000      0.00000       1.2140000
      -3.7416330       1.0063173    0.0019109518      0.00000      0.00000       1.2100000
      -3.7203483       1.0106535    0.0019235402      0.00000      0.00000       1.2060000
      -3.6990596       1.0035493    0.0019141728      0.00000      0.00000       1.2010000
      -3.6777688       1.0023735    0.0019187164      0.00000      0.00000       1.1970000
      -3.6351994       1.0083946    0.0018971424      0.00000      0.00000       1.1890000
      -3.6139144       1.0021187    0.0018726251      0.00000      0.00000       1.1849999
      -3.5926299       1.0027350    0.0019124687      0.00000      0.00000       1.1810000
      -3.5713435       1.0016988    0.0018944592      0.00000      0.00000       1.1770000
      -3.5500550       1.0036479    0.0019381047      0.00000      0.00000       1.1730000
      -3.5287660       1.0021650    0.0019214707      0.00000      0.00000       1.1700000
      -3.5074870       1.0077422    0.0019521824      0.00000      0.00000       1.1660000
      -3.4862004       1.0039575    0.0019117884      0.00000      0.00000       1.1619999
      -3.4649138       1.0048303    0.0018820866      0.00000      0.00000       1.1590000
      -3.4436293       1.0009444    0.0019349790      0.00000      0.00000       1.1550000
      -3.4223535       1.0054703    0.0019317790      0.00000      0.00000       1.1520000
      -3.4010635       1.0031480    0.0018899723      0.00000      0.00000       1.1480000
      -3.3797848       1.0037218    0.0018976851      0.00000      0.00000       1.1450000
      -3.3584981       1.0019517    0.0018752528      0.00000      0.00000       1.1420000
      -3.3372108       1.0037595    0.0018436091      0.00000      0.00000       1.1390001
      -3.3159238       1.0049346    0.0018473532      0.00000      0.00000       1.1350000
      -3.2946643       1.0036457    0.0018694713      0.00000      0.00000       1.1320000
      -3.2733795       1.0115565    0.0018929986      0.00000      0.00000       1.1289999
      -3.2520884       1.0104522    0.0018858629      0.00000      0.00000       1.1260000
      -3.2307875       1.0037531    0.0018954685      0.00000      0.00000       1.1230000
      -3.2095167       1.0130520    0.0019118788      0.00000      0.00000       1.1200000
      -3.1882283       1.0111193    0.0019048087      0.00000      0.00000       1.1170000
      -3.1669402       1.0064024    0.0019048223      0.00000      0.00000       1.1140000
      -3.1456558       1.0023043    0.0018856734      0.00000      0.00000       1.1109999
      -3.1243688      0.99796817    0.0018615021      0.00000      0.00000       1.1090000
      -3.1030767       1.0001516    0.0018829241      0.00000      0.00000       1.1059999
      -3.0817351       1.0044364    0.0018873782      0.00000      0.00000       1.1030000
      -3.0604299       1.0090204    0.0018928366      0.00000      0.00000       1.1010000
      -3.0391400       1.0119170    0.0019064482      0.00000      0.00000       1.0980000
      -3.0178195       1.0055431    0.0019035844      0.00000      0.00000       1.0950000
      -2.9965365       1.0032758    0.0018834885      0.00000      0.00000       1.0930001
      -2.9752419       1.0069503    0.0018856984      0.00000      0.00000       1.0900000
      -2.9539556       1.0028001    0.0018786076      0.00000      0.00000       1.0880001
      -2.9326723       1.0032850    0.0018882734      0.00000      0.00000       1.0860000
      -2.9113919       1.0034995    0.0018654246      0.00000      0.00000       1.0829999
      -2.8901050       1.0009874    0.0018750439      0.00000      0.00000       1.0810000
      -2.8688100       1.0013698    0.0018982098      0.00000      0.00000       1.0790000
      -2.8475259      0.99688291    0.0018759083      0.00000      0.00000       1.0760000
      -2.8262412       1.0054753    0.0018974024      0.00000      0.00000       1.0740000
      -2.8049542       1.0051307    0.0018980935      0.00000      0.00000       1.0720000
      -2.7836670       1.0022058    0.0018668998      0.00000      0.00000       1.0700001
      -2.7623799      0.99949292    0.0018830335      0.00000      0.00000       1.0680000
      -2.7410997      0.99818314    0.0018773845      0.00000      0.00000       1.0660000
      -2.7198104      0.99728506    0.0018933829      0.00000      0.00000       1.0640000
      -2.6985222       1.0027213    0.0019245432      0.00000      0.00000       1.0620000
      -2.6772096       1.0044251    0.0018808468      0.00000      0.00000       1.0599999
      -2.6559244       1.0032401    0.0018806535      0.00000      0.00000       1.0580000
      -2.6346418       1.0051287    0.0018777013      0.00000      0.00000       1.0560000
      -2.6133788       1.0026958    0.0019105714      0.00000      0.00000       1.0549999
      -2.5920948       1.0051890    0.0019283057      0.00000      0.00000       1.0530000
      -2.5708120       1.0028373    0.0018988659      0.00000      0.00000       1.0510000
      -2.5494897      0.99937077    0.0018736814      0.00000      0.00000       1.0490000
      -2.5282015       1.0024190    0.0018895599      0.00000      0.00000       1.0480000
      -2.5069191      0.99582612    0.0018853266      0.00000      0.00000       1.0460000
      -2.4856354       1.0036566    0.0018710803      0.00000      0.00000       1.0440000
      -2.4643516      0.99134836    0.0018534199      0.00000      0.00000       1.0430000
      -2.4430683       1.0031912    0.0018713354      0.00000      0.00000       1.0410000
      -2.4217818      0.99626442    0.0018650826      0.00000      0.00000       1.0400000
      -2.4004989       1.0042496    0.0018802591      0.00000      0.00000       1.0380000
      -2.3792167       1.0000000    0.0018742774      0.00000      0.00000       1.0369999
      -2.3579327       1.0058570    0.0019001375      0.00000      0.00000       1.0360000
      -2.3366460      0.99575205    0.0018532784      0.00000      0.00000       1.0340000
      -2.3153603       1.0029591    0.0018688173      0.00000      0.00000       1.0330000
      -2.2940740      0.99419303    0.0018569498      0.00000      0.00000       1.0319999
      -2.2727892       1.0044606    0.0018812515      0.00000      0.00000       1.0300000
      -2.2302154       1.0021204    0.0018632110      0.00000      0.00000       1.0280000
      -2.2089278       1.0022870    0.0018714371      0.00000      0.00000       1.0270000
      -2.1876383       1.0031912    0.0018737555      0.00000      0.00000       1.0260000
      -2.1663489      0.99628956    0.0018738013      0.00000      0.00000       1.0240000
      -2.1450635       1.0023962    0.0018919566      0.00000      0.00000       1.0230000
      -2.1237799       1.0003817    0.0018798714      0.00000      0.00000       1.0220000
      -2.1024884      0.99739212    0.0018601180      0.00000      0.00000       1.0210000
      -2.0811985       1.0035737    0.0018751038      0.00000      0.00000       1.0200000
      -2.0599118      0.99799885    0.0018685353      0.00000      0.00000       1.0190001
      -2.0386263       1.0051864    0.0018756104      0.00000      0.00000       1.0180000
      -2.0173329       1.0018186    0.0018783176      0.00000      0.00000       1.0180000
      -1.9960691       1.0036021    0.0018835526      0.00000      0.00000       1.0170000
      -1.9747869       1.0020277    0.0018729730      0.00000      0.00000       1.0160000
      -1.9534993      0.99895395    0.0018855387      0.00000      0.00000       1.0150000
      -1.9322144      0.99671473    0.0018729148      0.00000      0.00000       1.0140001
      -1.9109266       1.0029276    0.0018883053      0.00000      0.00000       1.0140001
      -1.8896425       1.0000909    0.0018948867      0.00000      0.00000       1.0130000
      -1.8683515      0.99800763    0.0018683660      0.00000      0.00000       1.0120000
      -1.8470625      0.99509912    0.0018563513      0.00000      0.00000       1.0120000
      -1.8257635       1.0004854    0.0018873133      0.00000      0.00000       1.0110000
      -1.8044778      0.99617790    0.0018556145      0.00000      0.00000       1.0100000
      -1.7832113       1.0125254    0.0019143291      0.00000      0.00000       1.0100000
      -1.7619204      0.99964055    0.0018773039      0.00000      0.00000       1.0089999
      -1.7406241      0.99931903    0.0018766543      0.00000      0.00000       1.0089999
      -1.7193345      0.99918785    0.0019258205      0.00000      0.00000       1.0080000
      -1.6980541       1.0026449    0.0019437203      0.00000      0.00000       1.0080000
      -1.6767681       1.0003357    0.0018923592      0.00000      0.00000       1.0070000
      -1.6554749      0.99933224    0.0018710134      0.00000      0.00000       1.0070000
      -1.6341845      0.99778627    0.0018634135      0.00000      0.00000       1.0070000
      -1.6128945       1.0015790    0.0018712749      0.00000      0.00000       1.0060000
      -1.5916034      0.99235188    0.0018441527      0.00000      0.00000       1.0060000
      -1.5703135       1.0018206    0.0018714226      0.00000      0.00000       1.0060000
      -1.5490272      0.99486829    0.0018822874      0.00000      0.00000       1.0060000
      -1.5277421      0.99749074    0.0018775157      0.00000      0.00000       1.0050000
      -1.5064534      0.99721986    0.0018788177      0.00000      0.00000       1.0050000
      -1.4851331      0.99873932    0.0018681262      0.00000      0.00000       1.0050000
      -1.4424256       1.0003180    0.0018871123      0.00000      0.00000       1.0050000
      -1.4210700      0.99820530    0.0018809981      0.00000      0.00000       1.0050000
      -1.3997464       1.0007863    0.0018697879      0.00000      0.00000       1.0050000
      -1.3784496      0.98965731    0.0018272944      0.00000      0.00000       1.0050000
      -1.3571502      0.99763088    0.0018377888      0.00000      0.00000       1.0050000
      -1.3358176      0.99848539    0.0018620656      0.00000      0.00000       1.0050000
      -1.3144943       1.0022579    0.0018593272      0.00000      0.00000       1.0050000
      -1.2931982      0.99891653    0.0018494154      0.00000      0.00000       1.0050000
      -1.2718925       1.0004902    0.0018630922      0.00000      0.00000       1.0050000
      -1.2505543       1.0035803    0.0018836507      0.00000      0.00000       1.0050000
      -1.2292571      0.99526695    0.0018749989      0.00000      0.00000       1.0060000
      -1.2079121       1.0000229    0.0019327078      0.00000      0.00000       1.0060000
      -1.1864119       1.0019769    0.0018709438      0.00000      0.00000       1.0060000
      -1.1648556      0.99433461    0.0018597725      0.00000      0.00000       1.0060000
      -1.1432757      0.99646217    0.0018618562      0.00000      0.00000       1.0070000
      -1.1217138      0.99874972    0.0018713004      0.00000      0.00000       1.0070000
      -1.1001447      0.99991698    0.0018826057      0.00000      0.00000       1.0070000
      -1.0786917       1.0028240    0.0019724584      0.00000      0.00000       1.0080000
      -1.0572883      0.99702611    0.0019171565      0.00000      0.00000       1.0080000
      -1.0359918       1.0041931    0.0019034533      0.00000      0.00000       1.0089999
      -1.0146990      0.99374800    0.0018689397      0.00000      0.00000       1.0089999
     -0.99341132      0.99674729    0.0018973067      0.00000      0.00000       1.0100000
     -0.97212387      0.99905377    0.0018829468      0.00000      0.00000       1.0100000
     -0.95083896      0.99552412    0.0018694351      0.00000      0.00000       1.0110000
     -0.92955304       1.0051810    0.0018830497      0.00000      0.00000       1.0110000
     -0.90826621      0.99547238    0.0018639073      0.00000      0.00000       1.0120000
     -0.88698229      0.99872338    0.0018733280      0.00000      0.00000       1.0130000
     -0.86567354      0.99331209    0.0018674295      0.00000      0.00000       1.0130000
     -0.84438941      0.99696158    0.0018655568      0.00000      0.00000       1.0140001
     -0.82310593       1.0032501    0.0018806861      0.00000      0.00000       1.0150000
     -0.80182615      0.99754146    0.0018535160      0.00000      0.00000       1.0160000
     -0.78054763      0.99122212    0.0018483439      0.00000      0.00000       1.0160000
     -0.75925862      0.99917344    0.0018664563      0.00000      0.00000       1.0170000
     -0.73797115      0.99442445    0.0018518890      0.00000      0.00000       1.0180000
     -0.71670296       1.0005752    0.0018693312      0.00000      0.00000       1.0190001
     -0.69542237      0.99728839    0.0018584890      0.00000      0.00000       1.0200000
     -0.67411321       1.0033876    0.0018772163      0.00000      0.00000       1.0210000
     -0.65283032      0.99807079    0.0018585840      0.00000      0.00000       1.0220000
     -0.63155042      0.99657153    0.0018615837      0.00000      0.00000       1.0230000
     -0.61026839      0.99262575    0.0018673499      0.00000      0.00000       1.0240000
     -0.58898444      0.99682938    0.0018604972      0.00000      0.00000       1.0250000
     -0.56766572      0.99487307    0.0018523348      0.00000      0.00000       1.0260000
     -0.54637922       1.0008011    0.0018676153      0.00000      0.00000       1.0270000
     -0.52509350       1.0032286    0.0018690725      0.00000      0.00000       1.0290000
     -0.50380809      0.99558575    0.0018464816      0.00000      0.00000       1.0300000
     -0.48252201      0.99229161    0.0018696272      0.00000      0.00000       1.0310000
     -0.46121979       1.0013379    0.0018862977      0.00000      0.00000       1.0319999
     -0.43993957       1.0001652    0.0018639479      0.00000      0.00000       1.0340000
     -0.41866070      0.99664143    0.0018505926      0.00000      0.00000       1.0350000
     -0.39737700       1.0000591    0.0018769688      0.00000      0.00000       1.0360000
     -0.37609053       1.0046186    0.0018860697      0.00000      0.00000       1.0380000
     -0.35480246      0.99509886    0.0018414387      0.00000      0.00000       1.0390000
     -0.33352101      0.99516228    0.0018442867      0.00000      0.00000       1.0410000
     -0.31223339      0.99766923    0.0018552925      0.00000      0.00000       1.0420001
     -0.29094817       1.0063709    0.0019045555      0.00000      0.00000       1.0440000
     -0.26966213      0.99954875    0.0019019557      0.00000      0.00000       1.0450000
     -0.24837996       1.0047122    0.0018690600      0.00000      0.00000       1.0470001
     -0.20581328      0.99427810    0.0018673143      0.00000      0.00000       1.0500000
     -0.18454986      0.99772021    0.0018807734      0.00000      0.00000       1.0520000
     -0.16326788      0.99179297    0.0018627905      0.00000      0.00000       1.0540000
     -0.14198078       1.0001493    0.0018791926      0.00000      0.00000       1.0560000
     -0.12069470      0.99121565    0.0018474665      0.00000      0.00000       1.0570000
    -0.099403773       1.0047555    0.0018729319      0.00000      0.00000       1.0590000
    -0.078121606      0.99262822    0.0018526463      0.00000      0.00000       1.0610000
    -0.056835741      0.99455146    0.0018646020      0.00000      0.00000       1.0630000
    -0.035551451      0.99872509    0.0018713135      0.00000      0.00000       1.0650001
    -0.014262501      0.99603760    0.0018532048      0.00000      0.00000       1.0670000
    0.0070317909      0.99816046    0.0018540059      0.00000      0.00000       1.0690000
     0.028319634      0.99319335    0.0018832488      0.00000      0.00000       1.0710000
     0.049611636       1.0009874    0.0018913303      0.00000      0.00000       1.0730000
     0.070890438      0.99968325    0.0019009365      0.00000      0.00000       1.0760000
     0.092175856      0.99575844    0.0018843302      0.00000      0.00000       1.0779999
      0.11345667      0.98732288    0.0018534947      0.00000      0.00000       1.0800000
      0.13474718      0.99332130    0.0018562236      0.00000      0.00000       1.0820000
      0.15603294       1.0001486    0.0018471642      0.00000      0.00000       1.0850000
      0.17732018       1.0000901    0.0018599603      0.00000      0.00000       1.0870000
      0.19860030      0.99495984    0.0018814296      0.00000      0.00000       1.0890000
      0.21991114       1.0003221    0.0018616013      0.00000      0.00000       1.0920000
      0.24119604      0.99745759    0.0018592087      0.00000      0.00000       1.0940000
      0.26248111      0.99418195    0.0018616178      0.00000      0.00000       1.0970000
      0.28376437      0.99340474    0.0018570209      0.00000      0.00000       1.1000000
      0.30505269      0.99608405    0.0018738927      0.00000      0.00000       1.1020000
      0.32633759      0.98913991    0.0018494235      0.00000      0.00000       1.1050000
      0.34762360      0.99729077    0.0018516376      0.00000      0.00000       1.1080000
      0.39019101      0.99023446    0.0018879198      0.00000      0.00000       1.1130000
      0.41147520      0.99164559    0.0019812591      0.00000      0.00000       1.1160001
      0.43276212      0.99992226    0.0019064355      0.00000      0.00000       1.1190000
      0.45407556      0.99891628    0.0019137772      0.00000      0.00000       1.1220000
      0.47536588      0.99787517    0.0019062983      0.00000      0.00000       1.1250000
      0.49665185      0.99317230    0.0018746432      0.00000      0.00000       1.1280000
      0.51793963      0.99347157    0.0018682776      0.00000      0.00000       1.1310000
      0.53922379      0.99818126    0.0018757588      0.00000      0.00000       1.1339999
      0.56051090      0.99609871    0.0018614059      0.00000      0.00000       1.1370000
      0.58182743      0.99585143    0.0018722100      0.00000      0.00000       1.1400000
      0.60311656       1.0030515    0.0019395273      0.00000      0.00000       1.1440001
      0.62439974       1.0016751    0.0019072603      0.00000      0.00000       1.1470000
      0.64568509      0.99485849    0.0019112172      0.00000      0.00000       1.1500000
      0.66694215       1.0013559    0.0019032427      0.00000      0.00000       1.1540000
      0.68823010      0.99479891    0.0019034417      0.00000      0.00000       1.1569999
      0.70951850      0.99620586    0.0019152707      0.00000      0.00000       1.1610000
      0.73080416      0.99262617    0.0019014334      0.00000      0.00000       1.1650000
      0.75209593      0.99707205    0.0019126110      0.00000      0.00000       1.1680000
      0.77338417       1.0084405    0.0019216515      0.00000      0.00000       1.1720001
      0.79466857      0.99485892    0.0018804987      0.00000      0.00000       1.1760000
      0.81595929      0.99305910    0.0018728370      0.00000      0.00000       1.1799999
      0.83724816       1.0000666    0.0019176166      0.00000      0.00000       1.1830000
      0.87982589      0.99285649    0.0019372098      0.00000      0.00000       1.1910000
      0.90109129      0.99015451    0.0019325940      0.00000      0.00000       1.1950001
      0.92238396      0.99895600    0.0020686838      0.00000      0.00000       1.2000000
      0.94367310      0.99138493    0.0019538211      0.00000      0.00000       1.2040000
      0.96495920       1.0029226    0.0019322818      0.00000      0.00000       1.2079999
      0.98624663      0.99310718    0.0019183203      0.00000      0.00000       1.2120000
       1.0075327      0.99790219    0.0019196345      0.00000      0.00000       1.2170000
       1.0288198      0.99868954    0.0019171962      0.00000      0.00000       1.2210000
       1.0501104      0.99856083    0.0019218384      0.00000      0.00000       1.2260000
       1.0713952      0.99852213    0.0019273185      0.00000      0.00000       1.2300000
       1.0926827       1.0000488    0.0019070647      0.00000      0.00000       1.2350000
       1.1139714      0.99631070    0.0019231065      0.00000      0.00000       1.2400000
       1.1352604      0.99096428    0.0019043930      0.00000      0.00000       1.2440000
       1.1565445       1.0020051    0.0019175722      0.00000      0.00000       1.2490000
       1.1778304      0.99703344    0.0019290794      0.00000      0.00000       1.2539999
       1.1991148      0.99263845    0.0019420521      0.00000      0.00000       1.2589999
       1.2204035      0.99610971    0.0019376482      0.00000      0.00000       1.2640001
       1.2416932       1.0097825    0.0020005523      0.00000      0.00000       1.2700000
       1.2629996      0.99823761    0.0020833280      0.00000      0.00000       1.2750000
       1.2842866       1.0004666    0.0020980362      0.00000      0.00000       1.2800000
       1.3055758      0.99442130    0.0021691995      0.00000      0.00000       1.2850000
       1.3268633      0.99938534    0.0020528614      0.00000      0.00000       1.2910000
       1.3481439      0.99980225    0.0020014192      0.00000      0.00000       1.2970001
       1.3694396       1.0016941    0.0019757420      0.00000      0.00000       1.3020000
       1.3907259      0.99294957    0.0021296418      0.00000      0.00000       1.3080000
       1.4120099       1.0013210    0.0020713150      0.00000      0.00000       1.3140000
       1.4332928      0.99988007    0.0021271269      0.00000      0.00000       1.3200001
       1.4545817       1.0048361    0.0021449741      0.00000      0.00000       1.3260000
       1.4758677      0.99818356    0.0020572169      0.00000      0.00000       1.3320000
       1.4971568      0.99548789    0.0020179275      0.00000      0.00000       1.3380001
       1.5184443      0.99315210    0.0019697802      0.00000      0.00000       1.3440000
       1.5610209      0.99589380    0.0019353777      0.00000      0.00000       1.3570000
       1.5823297       1.0025963    0.0020181951      0.00000      0.00000       1.3640000
       1.6036168      0.99750029    0.0019545254      0.00000      0.00000       1.3700000
       1.6248999      0.99221856    0.0019302118      0.00000      0.00000       1.3770000
       1.6461870       1.0004004    0.0019622673      0.00000      0.00000       1.3839999
       1.6674712       1.0024204    0.0019547495      0.00000      0.00000       1.3910000
       1.6887611      0.99613230    0.0019585155      0.00000      0.00000       1.3980000
       1.7100477       1.0015241    0.0019721649      0.00000      0.00000       1.4050000
       1.7313302      0.99922510    0.0019409549      0.00000      0.00000       1.4130000
       1.7526195      0.99134802    0.0019490089      0.00000      0.00000       1.4200000
       1.7739096      0.99857583    0.0019518967      0.00000      0.00000       1.4280000
       1.7951940      0.99649379    0.0019714090      0.00000      0.00000       1.4349999
       1.8164771      0.99291445    0.0019908501      0.00000      0.00000       1.4430000
       1.8377657       1.0007308    0.0019698120      0.00000      0.00000       1.4510000
       1.8590505      0.99538612    0.0019437694      0.00000      0.00000       1.4590000
       1.8803402      0.99547357    0.0019451505      0.00000      0.00000       1.4670000
       1.9016242      0.99778158    0.0019514262      0.00000      0.00000       1.4760000
       1.9229171      0.99392581    0.0019561816      0.00000      0.00000       1.4840000
       1.9442026      0.99147273    0.0019423903      0.00000      0.00000       1.4930000
       1.9654895      0.99113254    0.0019338063      0.00000      0.00000       1.5020000
       1.9867744      0.99481638    0.0019645971      0.00000      0.00000       1.5110000
       2.0080604      0.99480257    0.0019314196      0.00000      0.00000       1.5200000
       2.0293426       1.0022008    0.0019559455      0.00000      0.00000       1.5290000
       2.0506265      0.99572128    0.0019481710      0.00000      0.00000       1.5380000
       2.0719079      0.99245075    0.0019471405      0.00000      0.00000       1.5480000
       2.0931978      0.99790270    0.0020165329      0.00000      0.00000       1.5570000
       2.1144856      0.99618139    0.0020194445      0.00000      0.00000       1.5670000
       2.1357764      0.99816490    0.0020078479      0.00000      0.00000       1.5770000
       2.1570659      0.99326734    0.0020412340      0.00000      0.00000       1.5870000
       2.1783537       1.0003173    0.0019829134      0.00000      0.00000       1.5970000
       2.1996406      0.99293448    0.0019591415      0.00000      0.00000       1.6080000
       2.2209243      0.99916389    0.0020081632      0.00000      0.00000       1.6190000
       2.2422080      0.99855273    0.0019944553      0.00000      0.00000       1.6300000
       2.2634933      0.99741335    0.0019900157      0.00000      0.00000       1.6410000
       2.2847803       1.0006624    0.0019845088      0.00000      0.00000       1.6520000
       2.3060650      0.99552591    0.0019877850      0.00000      0.00000       1.6630000
       2.3273491      0.99638307    0.0019981065      0.00000      0.00000       1.6750000
       2.3486363       1.0055912    0.0020128165      0.00000      0.00000       1.6870000
       2.3699216       1.0029183    0.0020219625      0.00000      0.00000       1.6990000
       2.3912100      0.99147486    0.0020051650      0.00000      0.00000       1.7110000
       2.4124989      0.99712516    0.0020143666      0.00000      0.00000       1.7240000
       2.4337846      0.99779777    0.0020228068      0.00000      0.00000       1.7370000
       2.4550720      0.99649354    0.0020485507      0.00000      0.00000       1.7500000
       2.5189524       1.0013369    0.0022014698      0.00000      0.00000       1.7900000
       2.5402373       1.0020769    0.0021856940      0.00000      0.00000       1.8040000
       2.5615239      0.99566655    0.0021038707      0.00000      0.00000       1.8180000
       2.5828096       1.0028855    0.0021040275      0.00000      0.00000       1.8329999
       2.6040757      0.99202047    0.0021368259      0.00000      0.00000       1.8480000
       2.6253590      0.99281549    0.0020924070      0.00000      0.00000       1.8630000
       2.6466481      0.99807352    0.0022167823      0.00000      0.00000       1.8780000
       2.6679351      0.99676860    0.0021408861      0.00000      0.00000       1.8940001
       2.6893067      0.99932968    0.0021343918      0.00000      0.00000       1.9100000
       2.7106012       1.0071498    0.0021733254      0.00000      0.00000       1.9270000
       2.7318859       1.0089188    0.0021728488      0.00000      0.00000       1.9430000
       2.7531718      0.99605226    0.0021805745      0.00000      0.00000       1.9600000
       2.7744564      0.99756166    0.0021452403      0.00000      0.00000       1.9780000
       2.7957372       1.0011921    0.0021482251      0.00000      0.00000       1.9960001
       2.8170511       1.0005792    0.0021657934      0.00000      0.00000       2.0139999
       2.8383384      0.99966331    0.0021639137      0.00000      0.00000       2.0320001
       2.8596192       1.0043560    0.0021516258      0.00000      0.00000       2.0510001
       2.8809043       1.0064186    0.0022049491      0.00000      0.00000       2.0699999
       2.9021905      0.99293857    0.0021187535      0.00000      0.00000       2.0899999
       2.9234769       1.0026657    0.0021848411      0.00000      0.00000       2.1099999
       2.9447625      0.99759653    0.0021179428      0.00000      0.00000       2.1310000
       2.9660517       1.0042503    0.0021525017      0.00000      0.00000       2.1520000
