#JD -  2457565 (hr) Flux  Fl_err  Model_fl   Residual for 1.32um (%) Airmass
      -4.5079613      0.98463248    0.0020402021      0.00000      0.00000       1.4160000
      -4.4866787      0.99059289    0.0021368213      0.00000      0.00000       1.4080000
      -4.4653956       1.0082569    0.0021485673      0.00000      0.00000       1.4010000
      -4.4441073      0.98702396    0.0021370192      0.00000      0.00000       1.3940001
      -4.4228128      0.98195470    0.0021300934      0.00000      0.00000       1.3870000
      -4.4015156      0.99669616    0.0021525541      0.00000      0.00000       1.3800000
      -4.3802279       1.0000683    0.0021194996      0.00000      0.00000       1.3730000
      -4.3589434       1.0069591    0.0021969963      0.00000      0.00000       1.3660001
      -4.3376587      0.98430589    0.0021630022      0.00000      0.00000       1.3600000
      -4.3163706       1.0024085    0.0022069639      0.00000      0.00000       1.3530000
      -4.2950823      0.99125611    0.0022190568      0.00000      0.00000       1.3470000
      -4.2737971       1.0000965    0.0022540343      0.00000      0.00000       1.3410000
      -4.2525150      0.99168471    0.0022119731      0.00000      0.00000       1.3340000
      -4.2312308      0.99976884    0.0021126091      0.00000      0.00000       1.3279999
      -4.2099406      0.98909053    0.0021194839      0.00000      0.00000       1.3220000
      -4.1886509       1.0060336    0.0021631672      0.00000      0.00000       1.3160000
      -4.1673621      0.99226255    0.0020849754      0.00000      0.00000       1.3099999
      -4.1460789      0.99301507    0.0020462124      0.00000      0.00000       1.3049999
      -4.1247933      0.99636288    0.0020833958      0.00000      0.00000       1.2990000
      -4.1035074      0.98938967    0.0019841057      0.00000      0.00000       1.2930000
      -4.0822223      0.98594151    0.0020447069      0.00000      0.00000       1.2880000
      -4.0609334      0.98984450    0.0020211164      0.00000      0.00000       1.2819999
      -4.0396478      0.99804672    0.0020614401      0.00000      0.00000       1.2770000
      -4.0183600      0.99803087    0.0020654980      0.00000      0.00000       1.2720000
      -3.9970688       1.0038696    0.0020644152      0.00000      0.00000       1.2660000
      -3.9757763       1.0050799    0.0020652366      0.00000      0.00000       1.2610000
      -3.9544877       1.0059808    0.0020627693      0.00000      0.00000       1.2560000
      -3.9332025       1.0047614    0.0020550311      0.00000      0.00000       1.2510000
      -3.9119164       1.0068884    0.0020737990      0.00000      0.00000       1.2460001
      -3.8906290      0.99783532    0.0020791864      0.00000      0.00000       1.2420000
      -3.8693396       1.0059197    0.0021183181      0.00000      0.00000       1.2370000
      -3.8480549       1.0144181    0.0021349994      0.00000      0.00000       1.2320000
      -3.8267708       1.0045715    0.0020804975      0.00000      0.00000       1.2280000
      -3.8054845       1.0015003    0.0020758044      0.00000      0.00000       1.2230000
      -3.7841999       1.0058063    0.0021025495      0.00000      0.00000       1.2190000
      -3.7629137       1.0079807    0.0020758325      0.00000      0.00000       1.2140000
      -3.7416330       1.0053672    0.0020988949      0.00000      0.00000       1.2100000
      -3.7203483       1.0136719    0.0021035525      0.00000      0.00000       1.2060000
      -3.6990596       1.0093308    0.0020868720      0.00000      0.00000       1.2010000
      -3.6777688       1.0039431    0.0020822358      0.00000      0.00000       1.1970000
      -3.6564842       1.0036933    0.0031387470      0.00000      0.00000       1.1930000
      -3.6351994       1.0109928    0.0020853144      0.00000      0.00000       1.1890000
      -3.6139144       1.0028105    0.0020672400      0.00000      0.00000       1.1849999
      -3.5926299       1.0092039    0.0021134996      0.00000      0.00000       1.1810000
      -3.5713435       1.0140113    0.0020984687      0.00000      0.00000       1.1770000
      -3.5500550       1.0176322    0.0021500149      0.00000      0.00000       1.1730000
      -3.5287660       1.0114788    0.0021404791      0.00000      0.00000       1.1700000
      -3.5074870       1.0114545    0.0021720981      0.00000      0.00000       1.1660000
      -3.4862004       1.0171601    0.0021321694      0.00000      0.00000       1.1619999
      -3.4649138       1.0119678    0.0020884612      0.00000      0.00000       1.1590000
      -3.4436293       1.0221172    0.0021727845      0.00000      0.00000       1.1550000
      -3.4223535       1.0085122    0.0021775457      0.00000      0.00000       1.1520000
      -3.4010635       1.0157970    0.0021162172      0.00000      0.00000       1.1480000
      -3.3797848       1.0244470    0.0021313275      0.00000      0.00000       1.1450000
      -3.3584981       1.0163838    0.0020980537      0.00000      0.00000       1.1420000
      -3.3372108       1.0171967    0.0020554798      0.00000      0.00000       1.1390001
      -3.3159238       1.0199563    0.0020904784      0.00000      0.00000       1.1350000
      -3.2946643       1.0187516    0.0020887560      0.00000      0.00000       1.1320000
      -3.2733795       1.0158332    0.0020918862      0.00000      0.00000       1.1289999
      -3.2520884       1.0237043    0.0021226186      0.00000      0.00000       1.1260000
      -3.2307875       1.0111429    0.0021082519      0.00000      0.00000       1.1230000
      -3.2095167       1.0142581    0.0020777910      0.00000      0.00000       1.1200000
      -3.1882283       1.0174767    0.0021205487      0.00000      0.00000       1.1170000
      -3.1669402       1.0055496    0.0020907430      0.00000      0.00000       1.1140000
      -3.1456558       1.0098834    0.0020842955      0.00000      0.00000       1.1109999
      -3.1243688       1.0070809    0.0020528398      0.00000      0.00000       1.1090000
      -3.1030767       1.0127587    0.0021042100      0.00000      0.00000       1.1059999
      -3.0817351       1.0159489    0.0020860794      0.00000      0.00000       1.1030000
      -3.0604299       1.0272038    0.0021161357      0.00000      0.00000       1.1010000
      -3.0391400       1.0267935    0.0021483956      0.00000      0.00000       1.0980000
      -3.0178195       1.0187320    0.0021154921      0.00000      0.00000       1.0950000
      -2.9965365       1.0099746    0.0020915544      0.00000      0.00000       1.0930001
      -2.9752419       1.0083536    0.0020809954      0.00000      0.00000       1.0900000
      -2.9539556       1.0006706    0.0020585902      0.00000      0.00000       1.0880001
      -2.9326723      0.99902972    0.0020510339      0.00000      0.00000       1.0860000
      -2.9113919       1.0030459    0.0020661825      0.00000      0.00000       1.0829999
      -2.8901050       1.0089743    0.0020909765      0.00000      0.00000       1.0810000
      -2.8688100       1.0035524    0.0020787944      0.00000      0.00000       1.0790000
      -2.8475259       1.0129939    0.0020950283      0.00000      0.00000       1.0760000
      -2.8262412       1.0089982    0.0020821697      0.00000      0.00000       1.0740000
      -2.8049542      0.99975936    0.0020669705      0.00000      0.00000       1.0720000
      -2.7623799       1.0102941    0.0021046484      0.00000      0.00000       1.0680000
      -2.7410997       1.0097488    0.0020848280      0.00000      0.00000       1.0660000
      -2.7198104       1.0005493    0.0021297400      0.00000      0.00000       1.0640000
      -2.6985222       1.0090701    0.0021187641      0.00000      0.00000       1.0620000
      -2.6772096       1.0154151    0.0020995273      0.00000      0.00000       1.0599999
      -2.6559244       1.0058335    0.0020546468      0.00000      0.00000       1.0580000
      -2.6346418       1.0159852    0.0020935993      0.00000      0.00000       1.0560000
      -2.6133788       1.0075076    0.0021146310      0.00000      0.00000       1.0549999
      -2.5920948       1.0106061    0.0021206609      0.00000      0.00000       1.0530000
      -2.5708120       1.0064794    0.0020704614      0.00000      0.00000       1.0510000
      -2.5494897       1.0076264    0.0020657883      0.00000      0.00000       1.0490000
      -2.5282015       1.0012377    0.0020557782      0.00000      0.00000       1.0480000
      -2.5069191       1.0014984    0.0020756432      0.00000      0.00000       1.0460000
      -2.4856354      0.99686616    0.0020386996      0.00000      0.00000       1.0440000
      -2.4643516      0.99732088    0.0020613632      0.00000      0.00000       1.0430000
      -2.4430683       1.0036783    0.0020420717      0.00000      0.00000       1.0410000
      -2.4217818      0.99826828    0.0020539841      0.00000      0.00000       1.0400000
      -2.4004989       1.0100123    0.0020459981      0.00000      0.00000       1.0380000
      -2.3792167       1.0127391    0.0020503694      0.00000      0.00000       1.0369999
      -2.3579327       1.0170268    0.0021106743      0.00000      0.00000       1.0360000
      -2.3366460       1.0146770    0.0020781862      0.00000      0.00000       1.0340000
      -2.3153603       1.0072988    0.0020500463      0.00000      0.00000       1.0330000
      -2.2940740       1.0078866    0.0020358598      0.00000      0.00000       1.0319999
      -2.2727892       1.0084876    0.0020501983      0.00000      0.00000       1.0300000
      -2.2515030       1.0072662    0.0020467602      0.00000      0.00000       1.0290000
      -2.2302154      0.99117898    0.0020095944      0.00000      0.00000       1.0280000
      -2.2089278       1.0039655    0.0020357072      0.00000      0.00000       1.0270000
      -2.1876383       1.0082819    0.0020498538      0.00000      0.00000       1.0260000
      -2.1663489       1.0109251    0.0020805199      0.00000      0.00000       1.0240000
      -2.1450635       1.0112916    0.0020749452      0.00000      0.00000       1.0230000
      -2.1237799       1.0056934    0.0020468443      0.00000      0.00000       1.0220000
      -2.1024884       1.0035888    0.0020364832      0.00000      0.00000       1.0210000
      -2.0811985       1.0040315    0.0020308872      0.00000      0.00000       1.0200000
      -2.0599118       1.0098884    0.0020783414      0.00000      0.00000       1.0190001
      -2.0386263       1.0053971    0.0020482718      0.00000      0.00000       1.0180000
      -2.0173329       1.0052005    0.0020524855      0.00000      0.00000       1.0180000
      -1.9960691      0.99728226    0.0020423396      0.00000      0.00000       1.0170000
      -1.9747869       1.0104773    0.0020680052      0.00000      0.00000       1.0160000
      -1.9534993       1.0061496    0.0020540789      0.00000      0.00000       1.0150000
      -1.9322144       1.0219367    0.0020762068      0.00000      0.00000       1.0140001
      -1.9109266      0.99546403    0.0020222973      0.00000      0.00000       1.0140001
      -1.8896425      0.99868405    0.0020480143      0.00000      0.00000       1.0130000
      -1.8683515       1.0120032    0.0020557281      0.00000      0.00000       1.0120000
      -1.8470625      0.99612681    0.0020065764      0.00000      0.00000       1.0120000
      -1.8257635       1.0087523    0.0020551133      0.00000      0.00000       1.0110000
      -1.8044778       1.0066436    0.0020299700      0.00000      0.00000       1.0100000
      -1.7832113       1.0130042    0.0020891102      0.00000      0.00000       1.0100000
      -1.7619204       1.0075437    0.0020447781      0.00000      0.00000       1.0089999
      -1.7406241       1.0069392    0.0020362670      0.00000      0.00000       1.0089999
      -1.7193345      0.99566260    0.0020626829      0.00000      0.00000       1.0080000
      -1.6980541       1.0083356    0.0021225076      0.00000      0.00000       1.0080000
      -1.6767681       1.0142862    0.0020910958      0.00000      0.00000       1.0070000
      -1.6554749       1.0114358    0.0020503188      0.00000      0.00000       1.0070000
      -1.6341845       1.0007504    0.0020338618      0.00000      0.00000       1.0070000
      -1.6128945       1.0026357    0.0020346919      0.00000      0.00000       1.0060000
      -1.5916034       1.0059878    0.0020269621      0.00000      0.00000       1.0060000
      -1.5703135       1.0103370    0.0020380958      0.00000      0.00000       1.0060000
      -1.5490272       1.0060601    0.0020967389      0.00000      0.00000       1.0060000
      -1.5277421       1.0075961    0.0020377217      0.00000      0.00000       1.0050000
      -1.5064534       1.0036688    0.0020445904      0.00000      0.00000       1.0050000
      -1.4851331       1.0054221    0.0020405478      0.00000      0.00000       1.0050000
      -1.4637620       1.0012936    0.0020307221      0.00000      0.00000       1.0050000
      -1.4424256       1.0080501    0.0020766474      0.00000      0.00000       1.0050000
      -1.4210700      0.98843390    0.0020315623      0.00000      0.00000       1.0050000
      -1.3997464      0.99427387    0.0020051435      0.00000      0.00000       1.0050000
      -1.3784496      0.99939069    0.0020051073      0.00000      0.00000       1.0050000
      -1.3571502       1.0041253    0.0020119720      0.00000      0.00000       1.0050000
      -1.3358176      0.99932070    0.0020076464      0.00000      0.00000       1.0050000
      -1.3144943      0.99492917    0.0019845887      0.00000      0.00000       1.0050000
      -1.2931982      0.99880292    0.0019959090      0.00000      0.00000       1.0050000
      -1.2718925      0.99457903    0.0020007288      0.00000      0.00000       1.0050000
      -1.2505543       1.0042463    0.0020401094      0.00000      0.00000       1.0050000
      -1.2292571       1.0002563    0.0020388459      0.00000      0.00000       1.0060000
      -1.2079121       1.0065384    0.0020936867      0.00000      0.00000       1.0060000
      -1.1864119      0.99872233    0.0020085766      0.00000      0.00000       1.0060000
      -1.1648556      0.99554016    0.0020055758      0.00000      0.00000       1.0060000
      -1.1432757      0.99554752    0.0020179070      0.00000      0.00000       1.0070000
      -1.1217138      0.98731115    0.0020024983      0.00000      0.00000       1.0070000
      -1.1001447      0.99702476    0.0020391568      0.00000      0.00000       1.0070000
      -1.0786917       1.0014311    0.0021216232      0.00000      0.00000       1.0080000
      -1.0572883      0.98256200    0.0020448246      0.00000      0.00000       1.0080000
      -1.0359918      0.99929224    0.0020386739      0.00000      0.00000       1.0089999
      -1.0146990      0.99049321    0.0020097943      0.00000      0.00000       1.0089999
     -0.99341132      0.98779456    0.0020504008      0.00000      0.00000       1.0100000
     -0.97212387      0.99589610    0.0020242733      0.00000      0.00000       1.0100000
     -0.95083896      0.98915326    0.0019986853      0.00000      0.00000       1.0110000
     -0.92955304      0.99798879    0.0020207816      0.00000      0.00000       1.0110000
     -0.90826621      0.99482760    0.0020174856      0.00000      0.00000       1.0120000
     -0.88698229      0.99503007    0.0020357392      0.00000      0.00000       1.0130000
     -0.86567354      0.99498397    0.0020175229      0.00000      0.00000       1.0130000
     -0.84438941      0.98077603    0.0019937859      0.00000      0.00000       1.0140001
     -0.82310593      0.99654292    0.0020175578      0.00000      0.00000       1.0150000
     -0.80182615      0.99308684    0.0019908327      0.00000      0.00000       1.0160000
     -0.78054763      0.98834237    0.0019877160      0.00000      0.00000       1.0160000
     -0.75925862      0.99924414    0.0020104978      0.00000      0.00000       1.0170000
     -0.73797115      0.98792191    0.0019918300      0.00000      0.00000       1.0180000
     -0.71670296      0.98205917    0.0019728673      0.00000      0.00000       1.0190001
     -0.69542237      0.98837474    0.0019991908      0.00000      0.00000       1.0200000
     -0.67411321      0.99240162    0.0019938315      0.00000      0.00000       1.0210000
     -0.65283032      0.99147432    0.0019979670      0.00000      0.00000       1.0220000
     -0.63155042      0.98835666    0.0019966718      0.00000      0.00000       1.0230000
     -0.61026839      0.98112327    0.0019841270      0.00000      0.00000       1.0240000
     -0.58898444      0.98516187    0.0019882239      0.00000      0.00000       1.0250000
     -0.56766572      0.97315969    0.0019638216      0.00000      0.00000       1.0260000
     -0.54637922      0.98918864    0.0020006791      0.00000      0.00000       1.0270000
     -0.52509350      0.98914523    0.0019901118      0.00000      0.00000       1.0290000
     -0.50380809      0.99505943    0.0019498371      0.00000      0.00000       1.0300000
     -0.48252201      0.99131448    0.0020090981      0.00000      0.00000       1.0310000
     -0.46121979      0.98779289    0.0020053700      0.00000      0.00000       1.0319999
     -0.43993957      0.99296551    0.0019925250      0.00000      0.00000       1.0340000
     -0.41866070      0.98819526    0.0019799068      0.00000      0.00000       1.0350000
     -0.39737700      0.99045805    0.0019833847      0.00000      0.00000       1.0360000
     -0.37609053      0.98405018    0.0019762007      0.00000      0.00000       1.0380000
     -0.35480246      0.97957806    0.0018994303      0.00000      0.00000       1.0390000
     -0.33352101      0.98341017    0.0019625975      0.00000      0.00000       1.0410000
     -0.31223339      0.98107672    0.0019633202      0.00000      0.00000       1.0420001
     -0.29094817      0.97839347    0.0019967041      0.00000      0.00000       1.0440000
     -0.26966213      0.97476640    0.0019715774      0.00000      0.00000       1.0450000
     -0.24837996      0.99025525    0.0019876697      0.00000      0.00000       1.0470001
     -0.22709475      0.99113635    0.0019977978      0.00000      0.00000       1.0490000
     -0.20581328      0.98803900    0.0019846668      0.00000      0.00000       1.0500000
     -0.18454986      0.98761821    0.0019763196      0.00000      0.00000       1.0520000
     -0.16326788      0.98269471    0.0019803334      0.00000      0.00000       1.0540000
     -0.14198078      0.99082259    0.0019801675      0.00000      0.00000       1.0560000
     -0.12069470      0.98791812    0.0019742573      0.00000      0.00000       1.0570000
    -0.099403773      0.99563291    0.0019891661      0.00000      0.00000       1.0590000
    -0.078121606      0.98560287    0.0019675553      0.00000      0.00000       1.0610000
    -0.056835741      0.98707386    0.0019733585      0.00000      0.00000       1.0630000
    -0.035551451      0.98129348    0.0019426978      0.00000      0.00000       1.0650001
    -0.014262501       1.0010784    0.0019867746      0.00000      0.00000       1.0670000
    0.0070317909      0.99634859    0.0019834349      0.00000      0.00000       1.0690000
     0.028319634      0.99351276    0.0019869989      0.00000      0.00000       1.0710000
     0.049611636      0.97899252    0.0019618055      0.00000      0.00000       1.0730000
     0.070890438      0.99422554    0.0020030252      0.00000      0.00000       1.0760000
     0.092175856      0.99355551    0.0019558232      0.00000      0.00000       1.0779999
      0.11345667      0.99083833    0.0019364883      0.00000      0.00000       1.0800000
      0.13474718      0.99323796    0.0019354899      0.00000      0.00000       1.0820000
      0.15603294       1.0045039    0.0019282693      0.00000      0.00000       1.0850000
      0.17732018      0.99654548    0.0019804740      0.00000      0.00000       1.0870000
      0.19860030      0.99169130    0.0019906762      0.00000      0.00000       1.0890000
      0.21991114      0.99898251    0.0019399454      0.00000      0.00000       1.0920000
      0.24119604      0.99528311    0.0020075723      0.00000      0.00000       1.0940000
      0.26248111      0.98660819    0.0019508329      0.00000      0.00000       1.0970000
      0.28376437      0.99580301    0.0019838621      0.00000      0.00000       1.1000000
      0.30505269      0.99792171    0.0019882370      0.00000      0.00000       1.1020000
      0.32633759      0.99321263    0.0019736103      0.00000      0.00000       1.1050000
      0.34762360      0.98699394    0.0019472512      0.00000      0.00000       1.1080000
      0.36890593       1.0000825    0.0019754683      0.00000      0.00000       1.1100000
      0.39019101      0.99369816    0.0020023270      0.00000      0.00000       1.1130000
      0.41147520      0.98855645    0.0020783696      0.00000      0.00000       1.1160001
      0.43276212      0.99330103    0.0020017344      0.00000      0.00000       1.1190000
      0.45407556      0.99357650    0.0019761513      0.00000      0.00000       1.1220000
      0.47536588       1.0009149    0.0020102628      0.00000      0.00000       1.1250000
      0.49665185      0.99587277    0.0019968057      0.00000      0.00000       1.1280000
      0.51793963       1.0053752    0.0020027516      0.00000      0.00000       1.1310000
      0.53922379      0.99916746    0.0019781719      0.00000      0.00000       1.1339999
      0.56051090      0.99715613    0.0019679627      0.00000      0.00000       1.1370000
      0.58182743      0.99468931    0.0019821973      0.00000      0.00000       1.1400000
      0.60311656      0.98649903    0.0020301732      0.00000      0.00000       1.1440001
      0.62439974       1.0106232    0.0020356008      0.00000      0.00000       1.1470000
      0.64568509      0.99502103    0.0020169367      0.00000      0.00000       1.1500000
      0.66694215       1.0176598    0.0020675103      0.00000      0.00000       1.1540000
      0.68823010      0.98524648    0.0020075631      0.00000      0.00000       1.1569999
      0.70951850       1.0036770    0.0020220329      0.00000      0.00000       1.1610000
      0.73080416       1.0000000    0.0020295042      0.00000      0.00000       1.1650000
      0.75209593       1.0024887    0.0020307470      0.00000      0.00000       1.1680000
      0.77338417      0.99900796    0.0020425382      0.00000      0.00000       1.1720001
      0.79466857      0.99686102    0.0019597374      0.00000      0.00000       1.1760000
      0.81595929      0.99912850    0.0020259728      0.00000      0.00000       1.1799999
      0.83724816       1.0040339    0.0020442211      0.00000      0.00000       1.1830000
      0.85853855      0.99299754    0.0020116521      0.00000      0.00000       1.1870000
      0.87982589      0.98909277    0.0020398912      0.00000      0.00000       1.1910000
      0.90109129      0.99055349    0.0020490714      0.00000      0.00000       1.1950001
      0.92238396      0.98843468    0.0021530566      0.00000      0.00000       1.2000000
      0.94367310      0.99439475    0.0020250905      0.00000      0.00000       1.2040000
      0.96495920       1.0034499    0.0020558253      0.00000      0.00000       1.2079999
      0.98624663      0.99378399    0.0020466752      0.00000      0.00000       1.2120000
       1.0075327      0.99332904    0.0020438368      0.00000      0.00000       1.2170000
       1.0288198      0.99557688    0.0020346721      0.00000      0.00000       1.2210000
       1.0501104      0.99976628    0.0020550442      0.00000      0.00000       1.2260000
       1.0713952      0.99226936    0.0020291988      0.00000      0.00000       1.2300000
       1.0926827      0.99871217    0.0019894850      0.00000      0.00000       1.2350000
       1.1139714      0.99282320    0.0019971087      0.00000      0.00000       1.2400000
       1.1352604      0.99351533    0.0019866798      0.00000      0.00000       1.2440000
       1.1565445       1.0035295    0.0020163546      0.00000      0.00000       1.2490000
       1.1778304      0.99913085    0.0020256185      0.00000      0.00000       1.2539999
       1.1991148      0.99389650    0.0020386436      0.00000      0.00000       1.2589999
       1.2204035      0.99795341    0.0020528280      0.00000      0.00000       1.2640001
       1.2416932      0.98662092    0.0020173215      0.00000      0.00000       1.2700000
       1.2629996      0.99113032    0.0021194508      0.00000      0.00000       1.2750000
       1.2842866      0.98675687    0.0021460760      0.00000      0.00000       1.2800000
       1.3055758      0.98291895    0.0021915275      0.00000      0.00000       1.2850000
       1.3268633      0.98486430    0.0021173491      0.00000      0.00000       1.2910000
       1.3481439      0.98687529    0.0021301801      0.00000      0.00000       1.2970001
       1.3694396      0.99643230    0.0020392379      0.00000      0.00000       1.3020000
       1.3907259      0.99205908    0.0021871538      0.00000      0.00000       1.3080000
       1.4120099      0.98958209    0.0021105865      0.00000      0.00000       1.3140000
       1.4332928      0.99761499    0.0021864900      0.00000      0.00000       1.3200001
       1.4545817       1.0031766    0.0021953687      0.00000      0.00000       1.3260000
       1.4758677      0.99284351    0.0021099323      0.00000      0.00000       1.3320000
       1.4971568      0.99896521    0.0021086600      0.00000      0.00000       1.3380001
       1.5184443      0.99640619    0.0020651053      0.00000      0.00000       1.3440000
       1.5397365       1.0012875    0.0033705116      0.00000      0.00000       1.3510000
       1.5610209       1.0008832    0.0020206686      0.00000      0.00000       1.3570000
       1.5823297       1.0007227    0.0021012354      0.00000      0.00000       1.3640000
       1.6036168      0.99741665    0.0020224251      0.00000      0.00000       1.3700000
       1.6248999      0.98989104    0.0020120537      0.00000      0.00000       1.3770000
       1.6461870      0.99437377    0.0020678423      0.00000      0.00000       1.3839999
       1.6674712      0.99583270    0.0020543826      0.00000      0.00000       1.3910000
       1.6887611      0.99479322    0.0020478700      0.00000      0.00000       1.3980000
       1.7100477      0.99578158    0.0020655259      0.00000      0.00000       1.4050000
       1.7313302      0.99773687    0.0020184450      0.00000      0.00000       1.4130000
       1.7526195      0.99765048    0.0020070537      0.00000      0.00000       1.4200000
       1.7739096      0.99611788    0.0020202812      0.00000      0.00000       1.4280000
       1.7951940      0.99043551    0.0020636875      0.00000      0.00000       1.4349999
       1.8164771      0.99604991    0.0020659322      0.00000      0.00000       1.4430000
       1.8377657      0.99516680    0.0020288770      0.00000      0.00000       1.4510000
       1.8590505      0.98697608    0.0019772798      0.00000      0.00000       1.4590000
       1.8803402      0.99426885    0.0020182774      0.00000      0.00000       1.4670000
       1.9016242       1.0003157    0.0020182667      0.00000      0.00000       1.4760000
       1.9229171      0.99212348    0.0020844391      0.00000      0.00000       1.4840000
       1.9442026       1.0028469    0.0020742760      0.00000      0.00000       1.4930000
       1.9654895      0.99392541    0.0019856665      0.00000      0.00000       1.5020000
       1.9867744       1.0116384    0.0020481853      0.00000      0.00000       1.5110000
       2.0080604       1.0095290    0.0020538108      0.00000      0.00000       1.5200000
       2.0293426       1.0137255    0.0020805860      0.00000      0.00000       1.5290000
       2.0506265      0.99843403    0.0020758312      0.00000      0.00000       1.5380000
       2.0719079       1.0063564    0.0020506184      0.00000      0.00000       1.5480000
       2.0931978      0.99868583    0.0021098786      0.00000      0.00000       1.5570000
       2.1144856      0.99002219    0.0021253000      0.00000      0.00000       1.5670000
       2.1357764      0.99088699    0.0021192158      0.00000      0.00000       1.5770000
       2.1570659      0.99944627    0.0021640153      0.00000      0.00000       1.5870000
       2.1783537       1.0121893    0.0020902501      0.00000      0.00000       1.5970000
       2.1996406      0.99903407    0.0020533835      0.00000      0.00000       1.6080000
       2.2209243       1.0033766    0.0021228747      0.00000      0.00000       1.6190000
       2.2422080       1.0003606    0.0020612851      0.00000      0.00000       1.6300000
       2.2634933       1.0105309    0.0021016489      0.00000      0.00000       1.6410000
       2.2847803       1.0039687    0.0021197656      0.00000      0.00000       1.6520000
       2.3060650       1.0016494    0.0020659093      0.00000      0.00000       1.6630000
       2.3273491       1.0141540    0.0021384310      0.00000      0.00000       1.6750000
       2.3486363       1.0059317    0.0020789791      0.00000      0.00000       1.6870000
       2.3699216       1.0061600    0.0021091453      0.00000      0.00000       1.6990000
       2.3912100       1.0042221    0.0020949214      0.00000      0.00000       1.7110000
       2.4124989       1.0049398    0.0021790270      0.00000      0.00000       1.7240000
       2.4337846       1.0149228    0.0021473014      0.00000      0.00000       1.7370000
       2.4550720       1.0021545    0.0021340213      0.00000      0.00000       1.7500000
       2.4763804       1.0102835    0.0022009966      0.00000      0.00000       1.7630000
       2.4976665       1.0022760    0.0021710556      0.00000      0.00000       1.7760000
       2.5189524       1.0105985    0.0023606047      0.00000      0.00000       1.7900000
       2.5402373       1.0105391    0.0023349694      0.00000      0.00000       1.8040000
       2.5615239       1.0104825    0.0022103475      0.00000      0.00000       1.8180000
       2.5828096      0.99749255    0.0022427600      0.00000      0.00000       1.8329999
       2.6040757      0.99385676    0.0022513838      0.00000      0.00000       1.8480000
       2.6253590      0.99919804    0.0021855498      0.00000      0.00000       1.8630000
       2.6466481      0.99510642    0.0023329610      0.00000      0.00000       1.8780000
       2.6679351       1.0030962    0.0022263749      0.00000      0.00000       1.8940001
       2.6893067       1.0032546    0.0022500854      0.00000      0.00000       1.9100000
       2.7106012       1.0218955    0.0022440715      0.00000      0.00000       1.9270000
       2.7318859       1.0158341    0.0022880344      0.00000      0.00000       1.9430000
       2.7531718       1.0108357    0.0023140179      0.00000      0.00000       1.9600000
       2.7744564       1.0065718    0.0022793864      0.00000      0.00000       1.9780000
       2.7957372       1.0063073    0.0022801572      0.00000      0.00000       1.9960001
       2.8170511       1.0028253    0.0023036365      0.00000      0.00000       2.0139999
       2.8383384       1.0111231    0.0022558925      0.00000      0.00000       2.0320001
       2.8596192       1.0083752    0.0022763287      0.00000      0.00000       2.0510001
       2.8809043       1.0099309    0.0023917341      0.00000      0.00000       2.0699999
       2.9021905       1.0016840    0.0022459282      0.00000      0.00000       2.0899999
       2.9234769       1.0005682    0.0023382911      0.00000      0.00000       2.1099999
       2.9447625       1.0082147    0.0022764645      0.00000      0.00000       2.1310000
       2.9660517       1.0119324    0.0022531193      0.00000      0.00000       2.1520000
