#JD -  2457388 (hr) Flux  Fl_err  Model_fl   Residual for 1.87um (%) Airmass
      -2.4139274       1.0006718    0.0041311194      0.00000      0.00000       1.5900000
      -2.3967685       1.0088272    0.0041643585      0.00000      0.00000       1.5820000
      -2.3796119       1.0091272    0.0041072757      0.00000      0.00000       1.5750000
      -2.3624283       1.0120981    0.0041574517      0.00000      0.00000       1.5680000
      -2.3452542      0.99701865    0.0039649901      0.00000      0.00000       1.5610000
      -2.3280954       1.0056204    0.0039006214      0.00000      0.00000       1.5549999
      -2.3108841       1.0040600    0.0039963180      0.00000      0.00000       1.5480000
      -2.2937279       1.0094383    0.0040963417      0.00000      0.00000       1.5410000
      -2.2765756       1.0147963    0.0039722874      0.00000      0.00000       1.5350000
      -2.2594209       1.0159734    0.0040928070      0.00000      0.00000       1.5280000
      -2.2422617       1.0089936    0.0038454970      0.00000      0.00000       1.5220000
      -2.2251076      0.99711241    0.0037081797      0.00000      0.00000       1.5160000
      -2.2079540       1.0000000    0.0037534246      0.00000      0.00000       1.5100000
      -2.1907916       1.0032639    0.0036672719      0.00000      0.00000       1.5030000
      -2.1736349       1.0138601    0.0037645665      0.00000      0.00000       1.4970000
      -2.1564684       1.0031878    0.0036946355      0.00000      0.00000       1.4920000
      -2.1393057       1.0092971    0.0037492883      0.00000      0.00000       1.4859999
      -2.1221514      0.99217400    0.0036175484      0.00000      0.00000       1.4800000
      -2.1049994       1.0131595    0.0036964063      0.00000      0.00000       1.4740000
      -2.0878427       1.0011362    0.0036537307      0.00000      0.00000       1.4690000
      -2.0706809       1.0053274    0.0036300200      0.00000      0.00000       1.4630001
      -2.0535003       1.0089001    0.0036071379      0.00000      0.00000       1.4570000
      -2.0363209       1.0053175    0.0035435088      0.00000      0.00000       1.4520000
      -2.0191896       1.0042153    0.0036262569      0.00000      0.00000       1.4470000
      -2.0020402       1.0044385    0.0036907855      0.00000      0.00000       1.4410000
      -1.9848875       1.0117880    0.0036245406      0.00000      0.00000       1.4360000
      -1.9677348       1.0012961    0.0035705238      0.00000      0.00000       1.4310000
      -1.9505772      0.99627235    0.0035435500      0.00000      0.00000       1.4260000
      -1.9334253       1.0093977    0.0036021007      0.00000      0.00000       1.4210000
      -1.9162731       1.0012737    0.0036990850      0.00000      0.00000       1.4160000
      -1.8991183       1.0174350    0.0036751293      0.00000      0.00000       1.4110000
      -1.8819675       1.0061107    0.0036426397      0.00000      0.00000       1.4060000
      -1.8648166       1.0257766    0.0037395437      0.00000      0.00000       1.4020000
      -1.8476630       1.0124679    0.0036297650      0.00000      0.00000       1.3970000
      -1.8305127       1.0063967    0.0036559750      0.00000      0.00000       1.3920000
      -1.8133558       1.0083191    0.0040491369      0.00000      0.00000       1.3880000
      -1.7961718       1.0129689    0.0036255859      0.00000      0.00000       1.3830000
      -1.7789818       1.0083397    0.0035667405      0.00000      0.00000       1.3789999
      -1.7618224       1.0047365    0.0035511804      0.00000      0.00000       1.3750000
      -1.7446703       1.0033104    0.0035249631      0.00000      0.00000       1.3700000
      -1.7275163       1.0008595    0.0034798343      0.00000      0.00000       1.3660001
      -1.7103350       1.0110406    0.0034550786      0.00000      0.00000       1.3620000
      -1.6931812       1.0071099    0.0034891154      0.00000      0.00000       1.3580000
      -1.6760198       1.0073019    0.0034758578      0.00000      0.00000       1.3530000
      -1.6588624       1.0050766    0.0035237840      0.00000      0.00000       1.3490000
      -1.6417030      0.99616020    0.0034809934      0.00000      0.00000       1.3450000
      -1.6245494       1.0057703    0.0033942700      0.00000      0.00000       1.3410000
      -1.6073352       1.0089876    0.0034523317      0.00000      0.00000       1.3380001
      -1.5901794       1.0055193    0.0033719764      0.00000      0.00000       1.3340000
      -1.5730222       1.0028267    0.0033526345      0.00000      0.00000       1.3300000
      -1.5558700       1.0019846    0.0033639012      0.00000      0.00000       1.3260000
      -1.5387079       1.0005438    0.0033182178      0.00000      0.00000       1.3220000
      -1.5215525      0.99986719    0.0033164968      0.00000      0.00000       1.3190000
      -1.5043944       1.0025695    0.0033540619      0.00000      0.00000       1.3150001
      -1.4872407       1.0110483    0.0033980798      0.00000      0.00000       1.3120000
      -1.4700676       1.0077446    0.0034098252      0.00000      0.00000       1.3080000
      -1.4528847       1.0076476    0.0033037466      0.00000      0.00000       1.3049999
      -1.4357223       1.0089900    0.0033704005      0.00000      0.00000       1.3010000
      -1.4185246      0.99481993    0.0032625146      0.00000      0.00000       1.2980000
      -1.4013444       1.0095579    0.0033202502      0.00000      0.00000       1.2950000
      -1.3841855       1.0111586    0.0033399845      0.00000      0.00000       1.2910000
      -1.3669997      0.99846183    0.0032140342      0.00000      0.00000       1.2880000
      -1.3498463       1.0038454    0.0031960475      0.00000      0.00000       1.2850000
      -1.3326628       1.0086525    0.0033955176      0.00000      0.00000       1.2819999
      -1.3154663       1.0044088    0.0032626620      0.00000      0.00000       1.2790000
      -1.2982878      0.99885517    0.0032351723      0.00000      0.00000       1.2760000
      -1.2811327       1.0042713    0.0032615337      0.00000      0.00000       1.2730000
      -1.2639686       1.0042061    0.0031792329      0.00000      0.00000       1.2700000
      -1.2468145       1.0017176    0.0031952270      0.00000      0.00000       1.2670000
      -1.2296646       1.0041345    0.0032773417      0.00000      0.00000       1.2640001
      -1.2125125       1.0085186    0.0031640815      0.00000      0.00000       1.2610000
      -1.1953755       1.0034626    0.0031737926      0.00000      0.00000       1.2580000
      -1.1782241       1.0018138    0.0031808349      0.00000      0.00000       1.2550000
      -1.1610706       1.0161365    0.0032186738      0.00000      0.00000       1.2530000
      -1.1439169       1.0086230    0.0032448271      0.00000      0.00000       1.2500000
      -1.1267321      0.99668304    0.0031799974      0.00000      0.00000       1.2470000
      -1.1095584       1.0050963    0.0032523333      0.00000      0.00000       1.2450000
      -1.0924102       1.0051691    0.0032455168      0.00000      0.00000       1.2420000
      -1.0752579       1.0031539    0.0031931547      0.00000      0.00000       1.2400000
      -1.0580962       1.0030781    0.0032161263      0.00000      0.00000       1.2370000
      -1.0409426      0.99977730    0.0031271435      0.00000      0.00000       1.2350000
      -1.0237881       1.0099811    0.0032188459      0.00000      0.00000       1.2320000
      -1.0066325       1.0009696    0.0031454658      0.00000      0.00000       1.2300000
     -0.98947485       1.0068579    0.0032462526      0.00000      0.00000       1.2270000
     -0.97231195       1.0063797    0.0031953906      0.00000      0.00000       1.2250000
     -0.95515907       1.0053180    0.0032144528      0.00000      0.00000       1.2230000
     -0.93798331       1.0097720    0.0031930424      0.00000      0.00000       1.2200000
     -0.92082277      0.99448573    0.0031218716      0.00000      0.00000       1.2180001
     -0.88647098       1.0058854    0.0032120128      0.00000      0.00000       1.2140000
     -0.86930338       1.0059764    0.0032517909      0.00000      0.00000       1.2120000
     -0.85214707       1.0062781    0.0032955230      0.00000      0.00000       1.2100000
     -0.83499177       1.0002744    0.0031933379      0.00000      0.00000       1.2079999
     -0.81781283      0.99274467    0.0031393870      0.00000      0.00000       1.2060000
     -0.80065585       1.0020244    0.0031608969      0.00000      0.00000       1.2040000
     -0.78350712       1.0027429    0.0032637600      0.00000      0.00000       1.2020000
     -0.76631989       1.0049511    0.0033155343      0.00000      0.00000       1.2000000
     -0.74916646       1.0011636    0.0031212433      0.00000      0.00000       1.1980000
     -0.73201772       1.0023908    0.0031547274      0.00000      0.00000       1.1960000
     -0.71485827       1.0045478    0.0031338819      0.00000      0.00000       1.1940000
     -0.69768679       1.0074251    0.0031761411      0.00000      0.00000       1.1920000
     -0.68053768      0.99761177    0.0031632057      0.00000      0.00000       1.1910000
     -0.66338503       1.0075448    0.0032197604      0.00000      0.00000       1.1890000
     -0.64623282       1.0035543    0.0032316650      0.00000      0.00000       1.1870000
     -0.62907667       1.0018883    0.0032876368      0.00000      0.00000       1.1849999
     -0.61190716      0.99770091    0.0033005012      0.00000      0.00000       1.1840000
     -0.59474967       1.0077975    0.0031947369      0.00000      0.00000       1.1820000
     -0.57759460       1.0047199    0.0031209379      0.00000      0.00000       1.1810000
     -0.56041372       1.0025249    0.0031626519      0.00000      0.00000       1.1790000
     -0.54326313      0.99203987    0.0031062629      0.00000      0.00000       1.1780000
     -0.52607189       1.0024903    0.0030880417      0.00000      0.00000       1.1760000
     -0.50891352      0.99774600    0.0030449633      0.00000      0.00000       1.1750000
     -0.49168405       1.0058776    0.0030831132      0.00000      0.00000       1.1730000
     -0.47451943       1.0100726    0.0032181786      0.00000      0.00000       1.1720001
     -0.45732503      0.99855522    0.0031854271      0.00000      0.00000       1.1700000
     -0.44017357      0.99907306    0.0031051030      0.00000      0.00000       1.1690000
     -0.42301279       1.0093791    0.0031230189      0.00000      0.00000       1.1680000
     -0.40583064       1.0019102    0.0031349054      0.00000      0.00000       1.1660000
     -0.38865100       1.0087687    0.0030869569      0.00000      0.00000       1.1650000
     -0.37149500       1.0021440    0.0031027231      0.00000      0.00000       1.1640000
     -0.35434107      0.99999019    0.0030691348      0.00000      0.00000       1.1630000
     -0.33717167      0.99551020    0.0030162185      0.00000      0.00000       1.1610000
     -0.32001138       1.0054704    0.0030447050      0.00000      0.00000       1.1600000
     -0.30285690      0.99668710    0.0030897978      0.00000      0.00000       1.1590000
     -0.28569942       1.0050777    0.0031535745      0.00000      0.00000       1.1580000
     -0.26853983       1.0143628    0.0031413048      0.00000      0.00000       1.1569999
     -0.25137686      0.99483700    0.0030719712      0.00000      0.00000       1.1560000
     -0.23421697       1.0064184    0.0030664813      0.00000      0.00000       1.1550000
     -0.21703383       1.0014399    0.0030028827      0.00000      0.00000       1.1540000
     -0.19983917      0.99659447    0.0030488914      0.00000      0.00000       1.1530000
     -0.18265923       1.0073754    0.0030765791      0.00000      0.00000       1.1520000
     -0.16550921       1.0007963    0.0030222756      0.00000      0.00000       1.1510000
     -0.14835759       1.0128066    0.0030574942      0.00000      0.00000       1.1500000
     -0.13120325       1.0036533    0.0029855467      0.00000      0.00000       1.1490000
     -0.11404668      0.99626348    0.0029617262      0.00000      0.00000       1.1480000
    -0.096892018       1.0070519    0.0030192334      0.00000      0.00000       1.1470000
    -0.062549081       1.0093060    0.0030595688      0.00000      0.00000       1.1460000
    -0.045385737       1.0084010    0.0030554259      0.00000      0.00000       1.1450000
    -0.028229568       1.0012456    0.0031132109      0.00000      0.00000       1.1440001
    -0.011077188       1.0030188    0.0030853921      0.00000      0.00000       1.1440001
    0.0060829930       1.0011473    0.0030752460      0.00000      0.00000       1.1430000
     0.023241006       1.0000787    0.0030449412      0.00000      0.00000       1.1420000
     0.040394884       1.0132878    0.0031313410      0.00000      0.00000       1.1420000
     0.057586715      0.99684245    0.0030429768      0.00000      0.00000       1.1410000
     0.074738078       1.0002442    0.0030640771      0.00000      0.00000       1.1410000
     0.091926958       1.0052293    0.0030220654      0.00000      0.00000       1.1400000
      0.10908441      0.99442753    0.0029609699      0.00000      0.00000       1.1400000
      0.12624985      0.99283824    0.0029714683      0.00000      0.00000       1.1390001
      0.14343952      0.99682491    0.0029559276      0.00000      0.00000       1.1390001
      0.16059910       1.0003512    0.0029657780      0.00000      0.00000       1.1380000
      0.17781410      0.99697734    0.0028867223      0.00000      0.00000       1.1380000
      0.19497075      0.98863463    0.0028863518      0.00000      0.00000       1.1370000
      0.21213238       1.0006658    0.0029464840      0.00000      0.00000       1.1370000
      0.22931802      0.99608370    0.0029580573      0.00000      0.00000       1.1370000
      0.24653504      0.99340306    0.0029296799      0.00000      0.00000       1.1360000
      0.26378680      0.99805378    0.0030537481      0.00000      0.00000       1.1360000
      0.28097971      0.99311047    0.0029458222      0.00000      0.00000       1.1360000
      0.29821431      0.99034296    0.0029372316      0.00000      0.00000       1.1360000
      0.31541125      0.99173567    0.0029530107      0.00000      0.00000       1.1350000
      0.33270907      0.99137648    0.0029301955      0.00000      0.00000       1.1350000
      0.35002717      0.98794228    0.0029300671      0.00000      0.00000       1.1350000
      0.36729911      0.98147796    0.0028842094      0.00000      0.00000       1.1350000
      0.38443540      0.99707931    0.0029858442      0.00000      0.00000       1.1350000
      0.40167135      0.98939489    0.0029701313      0.00000      0.00000       1.1350000
      0.43629516       1.0015192    0.0030254166      0.00000      0.00000       1.1339999
      0.45350696      0.99213721    0.0029193433      0.00000      0.00000       1.1339999
      0.47090033      0.99518242    0.0029515606      0.00000      0.00000       1.1339999
      0.48835700      0.99360501    0.0029613854      0.00000      0.00000       1.1339999
      0.50571612       1.0006684    0.0030110034      0.00000      0.00000       1.1339999
      0.52294159      0.99488162    0.0029975095      0.00000      0.00000       1.1339999
      0.54011025      0.99248575    0.0029910272      0.00000      0.00000       1.1350000
      0.55726436      0.99787221    0.0030242675      0.00000      0.00000       1.1350000
      0.57441739      0.99390723    0.0029501566      0.00000      0.00000       1.1350000
      0.59157442      0.99625471    0.0030138407      0.00000      0.00000       1.1350000
      0.60873171       1.0009700    0.0030563244      0.00000      0.00000       1.1350000
      0.62589252      0.99677812    0.0029916508      0.00000      0.00000       1.1350000
      0.64305001      0.99524081    0.0030191249      0.00000      0.00000       1.1360000
      0.66020143      0.99520072    0.0029622689      0.00000      0.00000       1.1360000
      0.67735273      0.99549699    0.0029703019      0.00000      0.00000       1.1360000
      0.69450846      0.99547775    0.0029678640      0.00000      0.00000       1.1370000
      0.71166889      0.99105304    0.0029299916      0.00000      0.00000       1.1370000
      0.72882775      0.99374367    0.0030531061      0.00000      0.00000       1.1370000
      0.74599063      0.98431688    0.0028906866      0.00000      0.00000       1.1380000
      0.76317700      0.97881553    0.0028669768      0.00000      0.00000       1.1380000
      0.78036917       1.0041333    0.0030223173      0.00000      0.00000       1.1380000
      0.79755127      0.99568791    0.0029521912      0.00000      0.00000       1.1390001
      0.81470158      0.98098549    0.0028884823      0.00000      0.00000       1.1390001
      0.83185868      0.99943009    0.0029618296      0.00000      0.00000       1.1400000
      0.84901674      0.99566697    0.0029544173      0.00000      0.00000       1.1400000
      0.86617046      0.99529514    0.0029486947      0.00000      0.00000       1.1410000
      0.88332214      0.98998461    0.0029267362      0.00000      0.00000       1.1420000
      0.90048270      0.99357785    0.0029317646      0.00000      0.00000       1.1420000
      0.91763412      0.99676586    0.0029853345      0.00000      0.00000       1.1430000
      0.93478792      0.99048897    0.0029227869      0.00000      0.00000       1.1440001
      0.95194602      0.98763336    0.0029610057      0.00000      0.00000       1.1440001
      0.96910892      0.99506630    0.0029619066      0.00000      0.00000       1.1450000
      0.98628861       1.0035342    0.0030172200      0.00000      0.00000       1.1460000
       1.0035013      0.99080496    0.0030343215      0.00000      0.00000       1.1460000
       1.0206516      0.99038285    0.0029503217      0.00000      0.00000       1.1470000
       1.0378065      0.98529079    0.0029705333      0.00000      0.00000       1.1480000
       1.0549635      0.99711449    0.0029959901      0.00000      0.00000       1.1490000
       1.0721177      0.99606276    0.0030337430      0.00000      0.00000       1.1500000
       1.0893100      0.98430914    0.0029536332      0.00000      0.00000       1.1510000
       1.1064706       1.0011528    0.0030527070      0.00000      0.00000       1.1520000
       1.1236278      0.99349880    0.0029691748      0.00000      0.00000       1.1520000
       1.1408128      0.98877583    0.0029466126      0.00000      0.00000       1.1530000
       1.1579989      0.99409287    0.0030000509      0.00000      0.00000       1.1540000
       1.1751856      0.98332316    0.0029496621      0.00000      0.00000       1.1550000
       1.1923734      0.99087344    0.0029783846      0.00000      0.00000       1.1560000
       1.2095557      0.98677057    0.0029963201      0.00000      0.00000       1.1580000
       1.2267322      0.99193215    0.0029862505      0.00000      0.00000       1.1590000
       1.2438903      0.98681565    0.0029619228      0.00000      0.00000       1.1600000
       1.2610724      0.99181245    0.0030038637      0.00000      0.00000       1.1610000
       1.2782571      0.98677519    0.0029769977      0.00000      0.00000       1.1619999
       1.2954189      0.99282730    0.0029217499      0.00000      0.00000       1.1630000
       1.3126110      0.99108030    0.0029571717      0.00000      0.00000       1.1650000
       1.3297718      0.99811321    0.0029754320      0.00000      0.00000       1.1660000
       1.3469247       1.0025989    0.0029901053      0.00000      0.00000       1.1670001
       1.3640834      0.98437328    0.0029204376      0.00000      0.00000       1.1680000
       1.3812403      0.99063876    0.0029308685      0.00000      0.00000       1.1700000
       1.3984073      0.99059612    0.0029711133      0.00000      0.00000       1.1710000
       1.4155817      0.98777513    0.0029486918      0.00000      0.00000       1.1730000
       1.4327269      0.98877498    0.0029654449      0.00000      0.00000       1.1740000
       1.4498929      0.99415606    0.0031251954      0.00000      0.00000       1.1750000
       1.4670406      0.99194281    0.0030283863      0.00000      0.00000       1.1770000
       1.4842200      0.98435989    0.0029656435      0.00000      0.00000       1.1790000
       1.5013747      0.99627707    0.0029667035      0.00000      0.00000       1.1799999
       1.5185259      0.99145260    0.0029258096      0.00000      0.00000       1.1820000
       1.5357130      0.99014544    0.0029890917      0.00000      0.00000       1.1830000
       1.5529072      0.99551426    0.0030378708      0.00000      0.00000       1.1849999
       1.5700583      0.99717250    0.0029810570      0.00000      0.00000       1.1870000
       1.5872133      0.98613255    0.0029760086      0.00000      0.00000       1.1880000
       1.6043720      0.99714430    0.0030299794      0.00000      0.00000       1.1900001
       1.6215549      0.99142327    0.0030437822      0.00000      0.00000       1.1920000
       1.6387078      0.98894845    0.0029629863      0.00000      0.00000       1.1940000
       1.6558656      0.98907164    0.0029580420      0.00000      0.00000       1.1950001
       1.6730446      0.98817592    0.0029500398      0.00000      0.00000       1.1970000
       1.6902109      0.99613445    0.0029881396      0.00000      0.00000       1.1990000
       1.7073672      0.98579741    0.0029845066      0.00000      0.00000       1.2010000
       1.7245177      0.99247254    0.0029983702      0.00000      0.00000       1.2029999
       1.7416723      0.99005272    0.0030214963      0.00000      0.00000       1.2050000
       1.7588465      0.99540654    0.0030160304      0.00000      0.00000       1.2070000
       1.7760022      0.97802518    0.0029832733      0.00000      0.00000       1.2090000
       1.7931647      0.99436122    0.0030070765      0.00000      0.00000       1.2110000
       1.8103677      0.98415256    0.0030454327      0.00000      0.00000       1.2130001
       1.8275192      0.99258470    0.0029959964      0.00000      0.00000       1.2150000
       1.8446959      0.99004847    0.0030029068      0.00000      0.00000       1.2180001
       1.8618395      0.98943639    0.0030624130      0.00000      0.00000       1.2200000
       1.8790021      0.99673662    0.0030466781      0.00000      0.00000       1.2220000
       1.8961957      0.99375122    0.0030935986      0.00000      0.00000       1.2240000
       1.9133663      0.99622896    0.0030285545      0.00000      0.00000       1.2270000
       1.9305401      0.99915183    0.0030669137      0.00000      0.00000       1.2290000
       1.9476975      0.99647053    0.0031142323      0.00000      0.00000       1.2309999
       1.9648636      0.99068621    0.0030707786      0.00000      0.00000       1.2340000
       1.9820230      0.99324252    0.0031063915      0.00000      0.00000       1.2359999
       1.9991862      0.99247415    0.0030996675      0.00000      0.00000       1.2390000
       2.0163497      0.99888658    0.0031453840      0.00000      0.00000       1.2410001
       2.0335066       1.0007902    0.0031262647      0.00000      0.00000       1.2440000
       2.0506635      0.99388988    0.0030381547      0.00000      0.00000       1.2460001
       2.0678104      0.99948828    0.0030805124      0.00000      0.00000       1.2490000
       2.0849738      0.99800398    0.0030753978      0.00000      0.00000       1.2520000
       2.1021310      0.99770129    0.0030611392      0.00000      0.00000       1.2539999
       2.1192868       1.0002351    0.0030593492      0.00000      0.00000       1.2570000
       2.1364658       1.0071714    0.0030815179      0.00000      0.00000       1.2600000
       2.1536434      0.99462430    0.0030154440      0.00000      0.00000       1.2630000
       2.1708035      0.99781721    0.0030403087      0.00000      0.00000       1.2660000
       2.1879862       1.0034202    0.0030328336      0.00000      0.00000       1.2690001
       2.2051383      0.98609840    0.0029436837      0.00000      0.00000       1.2720000
       2.2222890       1.0013551    0.0030799306      0.00000      0.00000       1.2750000
       2.2394492       1.0035414    0.0030682593      0.00000      0.00000       1.2780000
