#JD -  2457565 (hr) Flux  Fl_err  Model_fl   Residual for 1.99um (%) Airmass
      -4.5079613       1.0051473    0.0027182742      0.00000      0.00000       1.4160000
      -4.4866787       1.0033730    0.0027090906      0.00000      0.00000       1.4080000
      -4.4653956       1.0048188    0.0026999155      0.00000      0.00000       1.4010000
      -4.4441073       1.0138424    0.0027342043      0.00000      0.00000       1.3940001
      -4.4228128       1.0081568    0.0027174377      0.00000      0.00000       1.3870000
      -4.4015156       1.0054357    0.0026720519      0.00000      0.00000       1.3800000
      -4.3802279       1.0045949    0.0026535097      0.00000      0.00000       1.3730000
      -4.3589434       1.0050326    0.0026858112      0.00000      0.00000       1.3660001
      -4.3376587       1.0100393    0.0027318330      0.00000      0.00000       1.3600000
      -4.3163706       1.0047609    0.0027238520      0.00000      0.00000       1.3530000
      -4.2950823      0.99967525    0.0027642857      0.00000      0.00000       1.3470000
      -4.2737971       1.0018651    0.0028194421      0.00000      0.00000       1.3410000
      -4.2525150       1.0082117    0.0027939139      0.00000      0.00000       1.3340000
      -4.2312308       1.0050939    0.0026575273      0.00000      0.00000       1.3279999
      -4.2099406       1.0062149    0.0026775449      0.00000      0.00000       1.3220000
      -4.1886509       1.0178095    0.0026712383      0.00000      0.00000       1.3160000
      -4.1673621       1.0075985    0.0026227203      0.00000      0.00000       1.3099999
      -4.1460789       1.0054288    0.0025704882      0.00000      0.00000       1.3049999
      -4.1247933       1.0074615    0.0025746483      0.00000      0.00000       1.2990000
      -4.1035074       1.0020844    0.0025628712      0.00000      0.00000       1.2930000
      -4.0822223       1.0024865    0.0025761419      0.00000      0.00000       1.2880000
      -4.0609334       1.0055538    0.0025531037      0.00000      0.00000       1.2819999
      -4.0396478       1.0028524    0.0025721323      0.00000      0.00000       1.2770000
      -4.0183600       1.0053872    0.0025676832      0.00000      0.00000       1.2720000
      -3.9970688       1.0042363    0.0025618062      0.00000      0.00000       1.2660000
      -3.9757763       1.0047696    0.0025839970      0.00000      0.00000       1.2610000
      -3.9544877      0.99729420    0.0025610129      0.00000      0.00000       1.2560000
      -3.9332025       1.0013075    0.0025559770      0.00000      0.00000       1.2510000
      -3.9119164       1.0047963    0.0025379736      0.00000      0.00000       1.2460001
      -3.8906290       1.0088882    0.0025981453      0.00000      0.00000       1.2420000
      -3.8693396       1.0009940    0.0026376157      0.00000      0.00000       1.2370000
      -3.8480549       1.0080500    0.0027201058      0.00000      0.00000       1.2320000
      -3.8267708       1.0106362    0.0026219853      0.00000      0.00000       1.2280000
      -3.8054845       1.0101966    0.0026570827      0.00000      0.00000       1.2230000
      -3.7841999       1.0067031    0.0026191234      0.00000      0.00000       1.2190000
      -3.7629137       1.0221402    0.0026346391      0.00000      0.00000       1.2140000
      -3.7416330       1.0074200    0.0026323695      0.00000      0.00000       1.2100000
      -3.7203483      0.99581406    0.0025746020      0.00000      0.00000       1.2060000
      -3.6990596       1.0061335    0.0025974204      0.00000      0.00000       1.2010000
      -3.6777688       1.0066572    0.0026212906      0.00000      0.00000       1.1970000
      -3.6351994       1.0059980    0.0025941977      0.00000      0.00000       1.1890000
      -3.6139144       1.0073992    0.0025519450      0.00000      0.00000       1.1849999
      -3.5926299       1.0044916    0.0026216129      0.00000      0.00000       1.1810000
      -3.5713435       1.0065432    0.0025949174      0.00000      0.00000       1.1770000
      -3.5500550       1.0078991    0.0026660995      0.00000      0.00000       1.1730000
      -3.5287660       1.0013117    0.0026240475      0.00000      0.00000       1.1700000
      -3.5074870      0.99203808    0.0026506308      0.00000      0.00000       1.1660000
      -3.4862004      0.99458339    0.0026031599      0.00000      0.00000       1.1619999
      -3.4649138       1.0056689    0.0025627224      0.00000      0.00000       1.1590000
      -3.4436293      0.99535770    0.0026932432      0.00000      0.00000       1.1550000
      -3.4223535       1.0093928    0.0026789533      0.00000      0.00000       1.1520000
      -3.4010635       1.0035706    0.0025843707      0.00000      0.00000       1.1480000
      -3.3797848       1.0044356    0.0025789644      0.00000      0.00000       1.1450000
      -3.3584981       1.0048913    0.0025477699      0.00000      0.00000       1.1420000
      -3.3372108       1.0076078    0.0024974957      0.00000      0.00000       1.1390001
      -3.3159238      0.99931501    0.0024797603      0.00000      0.00000       1.1350000
      -3.2946643      0.99865676    0.0025106541      0.00000      0.00000       1.1320000
      -3.2733795       1.0022891    0.0025400416      0.00000      0.00000       1.1289999
      -3.2520884      0.99847176    0.0025093387      0.00000      0.00000       1.1260000
      -3.2307875       1.0052641    0.0025644221      0.00000      0.00000       1.1230000
      -3.2095167      0.99973185    0.0025565629      0.00000      0.00000       1.1200000
      -3.1882283       1.0099595    0.0025538670      0.00000      0.00000       1.1170000
      -3.1669402       1.0022893    0.0025913746      0.00000      0.00000       1.1140000
      -3.1456558       1.0042783    0.0025432301      0.00000      0.00000       1.1109999
      -3.1243688       1.0077351    0.0025407779      0.00000      0.00000       1.1090000
      -3.1030767       1.0139588    0.0025857742      0.00000      0.00000       1.1059999
      -3.0817351       1.0061428    0.0025615637      0.00000      0.00000       1.1030000
      -3.0604299       1.0106959    0.0025540155      0.00000      0.00000       1.1010000
      -3.0391400      0.99862895    0.0025276730      0.00000      0.00000       1.0980000
      -3.0178195       1.0036598    0.0025674043      0.00000      0.00000       1.0950000
      -2.9965365       1.0033421    0.0025462525      0.00000      0.00000       1.0930001
      -2.9752419       1.0071562    0.0025628008      0.00000      0.00000       1.0900000
      -2.9539556      0.99756279    0.0025477070      0.00000      0.00000       1.0880001
      -2.9326723       1.0059542    0.0025563364      0.00000      0.00000       1.0860000
      -2.9113919       1.0025189    0.0025376116      0.00000      0.00000       1.0829999
      -2.8901050      0.99701299    0.0025413351      0.00000      0.00000       1.0810000
      -2.8688100      0.99578420    0.0025679965      0.00000      0.00000       1.0790000
      -2.8475259      0.99432525    0.0025239173      0.00000      0.00000       1.0760000
      -2.8262412       1.0022646    0.0025530662      0.00000      0.00000       1.0740000
      -2.8049542       1.0004489    0.0025521142      0.00000      0.00000       1.0720000
      -2.7836670       1.0089847    0.0025294784      0.00000      0.00000       1.0700001
      -2.7623799       1.0001250    0.0025341411      0.00000      0.00000       1.0680000
      -2.7410997      0.99836894    0.0025146020      0.00000      0.00000       1.0660000
      -2.6985222       1.0053391    0.0025966071      0.00000      0.00000       1.0620000
      -2.6772096       1.0014741    0.0025118672      0.00000      0.00000       1.0599999
      -2.6559244       1.0046621    0.0025208866      0.00000      0.00000       1.0580000
      -2.6346418      0.99900368    0.0025151699      0.00000      0.00000       1.0560000
      -2.6133788       1.0051521    0.0025902059      0.00000      0.00000       1.0549999
      -2.5920948      0.99853775    0.0025884203      0.00000      0.00000       1.0530000
      -2.5708120       1.0060456    0.0025549370      0.00000      0.00000       1.0510000
      -2.5494897       1.0053938    0.0025358935      0.00000      0.00000       1.0490000
      -2.5282015       1.0031218    0.0025743172      0.00000      0.00000       1.0480000
      -2.5069191       1.0060995    0.0025725888      0.00000      0.00000       1.0460000
      -2.4856354      0.99938752    0.0025265599      0.00000      0.00000       1.0440000
      -2.4643516      0.99398137    0.0025013892      0.00000      0.00000       1.0430000
      -2.4430683      0.99490706    0.0024930660      0.00000      0.00000       1.0410000
      -2.4217818      0.99877675    0.0025245946      0.00000      0.00000       1.0400000
      -2.4004989       1.0114100    0.0025229485      0.00000      0.00000       1.0380000
      -2.3792167      0.99260648    0.0024944211      0.00000      0.00000       1.0369999
      -2.3579327      0.99960149    0.0025516134      0.00000      0.00000       1.0360000
      -2.3366460      0.99344588    0.0024766865      0.00000      0.00000       1.0340000
      -2.3153603       1.0052521    0.0025142763      0.00000      0.00000       1.0330000
      -2.2940740      0.99716365    0.0025054982      0.00000      0.00000       1.0319999
      -2.2727892      0.99171977    0.0025344657      0.00000      0.00000       1.0300000
      -2.2515030       1.0002108    0.0025080665      0.00000      0.00000       1.0290000
      -2.2302154      0.99387676    0.0024948230      0.00000      0.00000       1.0280000
      -2.2089278      0.99611100    0.0024922840      0.00000      0.00000       1.0270000
      -2.1876383      0.99664542    0.0024983207      0.00000      0.00000       1.0260000
      -2.1663489       1.0038315    0.0025366389      0.00000      0.00000       1.0240000
      -2.1450635       1.0036545    0.0025540214      0.00000      0.00000       1.0230000
      -2.1237799      0.99559214    0.0025101942      0.00000      0.00000       1.0220000
      -2.1024884      0.99648841    0.0025196222      0.00000      0.00000       1.0210000
      -2.0811985      0.99428314    0.0024972361      0.00000      0.00000       1.0200000
      -2.0599118      0.99835195    0.0025155848      0.00000      0.00000       1.0190001
      -2.0386263       1.0018429    0.0025246965      0.00000      0.00000       1.0180000
      -2.0173329      0.99417227    0.0025002251      0.00000      0.00000       1.0180000
      -1.9960691      0.99780027    0.0025008829      0.00000      0.00000       1.0170000
      -1.9747869       1.0046198    0.0025154958      0.00000      0.00000       1.0160000
      -1.9534993      0.99353306    0.0025184558      0.00000      0.00000       1.0150000
      -1.9322144      0.99793269    0.0024948773      0.00000      0.00000       1.0140001
      -1.9109266      0.99345178    0.0025144941      0.00000      0.00000       1.0140001
      -1.8896425      0.99430853    0.0025410341      0.00000      0.00000       1.0130000
      -1.8683515      0.99900770    0.0024959996      0.00000      0.00000       1.0120000
      -1.8470625      0.99626890    0.0024904505      0.00000      0.00000       1.0120000
      -1.8257635       1.0075759    0.0025512170      0.00000      0.00000       1.0110000
      -1.8044778      0.99887617    0.0024896896      0.00000      0.00000       1.0100000
      -1.7832113       1.0054857    0.0025420483      0.00000      0.00000       1.0100000
      -1.7619204       1.0016328    0.0025193527      0.00000      0.00000       1.0089999
      -1.7406241      0.99154041    0.0024622890      0.00000      0.00000       1.0089999
      -1.7193345       1.0020078    0.0025787274      0.00000      0.00000       1.0080000
      -1.6980541      0.99662047    0.0025860685      0.00000      0.00000       1.0080000
      -1.6767681       1.0057154    0.0025379717      0.00000      0.00000       1.0070000
      -1.6554749      0.99368828    0.0024893749      0.00000      0.00000       1.0070000
      -1.6341845      0.99213232    0.0024487486      0.00000      0.00000       1.0070000
      -1.6128945       1.0010046    0.0024780604      0.00000      0.00000       1.0060000
      -1.5916034      0.99924616    0.0024769108      0.00000      0.00000       1.0060000
      -1.5703135      0.99466153    0.0024540809      0.00000      0.00000       1.0060000
      -1.5490272      0.99465599    0.0025245767      0.00000      0.00000       1.0060000
      -1.5277421       1.0005402    0.0025048091      0.00000      0.00000       1.0050000
      -1.5064534      0.99438114    0.0024865481      0.00000      0.00000       1.0050000
      -1.4851331      0.99854946    0.0024818201      0.00000      0.00000       1.0050000
      -1.4637620      0.98861438    0.0024699738      0.00000      0.00000       1.0050000
      -1.4424256      0.99772043    0.0024975754      0.00000      0.00000       1.0050000
      -1.4210700      0.99119143    0.0024725479      0.00000      0.00000       1.0050000
      -1.3997464      0.99889531    0.0024799489      0.00000      0.00000       1.0050000
      -1.3784496      0.99044278    0.0024202670      0.00000      0.00000       1.0050000
      -1.3571502      0.99486182    0.0024428748      0.00000      0.00000       1.0050000
      -1.3358176      0.99548520    0.0024751185      0.00000      0.00000       1.0050000
      -1.3144943      0.99691321    0.0024289332      0.00000      0.00000       1.0050000
      -1.2931982      0.99852416    0.0024424864      0.00000      0.00000       1.0050000
      -1.2718925      0.99839862    0.0024525113      0.00000      0.00000       1.0050000
      -1.2505543      0.98855314    0.0024376417      0.00000      0.00000       1.0050000
      -1.2292571       1.0041986    0.0024893723      0.00000      0.00000       1.0060000
      -1.2079121      0.99773303    0.0025533513      0.00000      0.00000       1.0060000
      -1.1864119      0.99231973    0.0024358542      0.00000      0.00000       1.0060000
      -1.1648556      0.99749421    0.0024497461      0.00000      0.00000       1.0060000
      -1.1432757      0.99251992    0.0024390337      0.00000      0.00000       1.0070000
      -1.1217138      0.99472251    0.0024545786      0.00000      0.00000       1.0070000
      -1.1001447      0.99771685    0.0024736343      0.00000      0.00000       1.0070000
      -1.0786917      0.99987822    0.0025929272      0.00000      0.00000       1.0080000
      -1.0572883      0.99732057    0.0025267647      0.00000      0.00000       1.0080000
      -1.0359918      0.99754759    0.0025108378      0.00000      0.00000       1.0089999
      -1.0146990       1.0020267    0.0024910591      0.00000      0.00000       1.0089999
     -0.99341132      0.99826423    0.0025378290      0.00000      0.00000       1.0100000
     -0.97212387      0.99666250    0.0024703597      0.00000      0.00000       1.0100000
     -0.95083896      0.99768895    0.0024695005      0.00000      0.00000       1.0110000
     -0.92955304      0.99546339    0.0024754309      0.00000      0.00000       1.0110000
     -0.90826621      0.99745094    0.0024764972      0.00000      0.00000       1.0120000
     -0.88698229      0.99324256    0.0024691872      0.00000      0.00000       1.0130000
     -0.86567354       1.0009541    0.0024891874      0.00000      0.00000       1.0130000
     -0.84438941      0.99475962    0.0024670923      0.00000      0.00000       1.0140001
     -0.82310593      0.99653884    0.0024636005      0.00000      0.00000       1.0150000
     -0.80182615      0.99530557    0.0024513615      0.00000      0.00000       1.0160000
     -0.78054763      0.99172701    0.0024473550      0.00000      0.00000       1.0160000
     -0.75925862      0.99228951    0.0024463856      0.00000      0.00000       1.0170000
     -0.73797115      0.99547018    0.0024498870      0.00000      0.00000       1.0180000
     -0.71670296      0.99988886    0.0024554285      0.00000      0.00000       1.0190001
     -0.67411321       1.0047392    0.0025016602      0.00000      0.00000       1.0210000
     -0.65283032      0.99973444    0.0024619726      0.00000      0.00000       1.0220000
     -0.63155042      0.99575165    0.0024452720      0.00000      0.00000       1.0230000
     -0.61026839      0.98882772    0.0024513276      0.00000      0.00000       1.0240000
     -0.58898444      0.99691482    0.0024560893      0.00000      0.00000       1.0250000
     -0.56766572       1.0014852    0.0024755236      0.00000      0.00000       1.0260000
     -0.54637922       1.0065667    0.0024635127      0.00000      0.00000       1.0270000
     -0.52509350      0.99971102    0.0024673527      0.00000      0.00000       1.0290000
     -0.50380809      0.99435297    0.0024427505      0.00000      0.00000       1.0300000
     -0.48252201      0.99049124    0.0024509518      0.00000      0.00000       1.0310000
     -0.46121979      0.99672991    0.0024509513      0.00000      0.00000       1.0319999
     -0.43993957       1.0079592    0.0024712778      0.00000      0.00000       1.0340000
     -0.41866070      0.99886839    0.0024218379      0.00000      0.00000       1.0350000
     -0.39737700       1.0040430    0.0024813908      0.00000      0.00000       1.0360000
     -0.37609053      0.99516519    0.0024474278      0.00000      0.00000       1.0380000
     -0.35480246       1.0020180    0.0024225626      0.00000      0.00000       1.0390000
     -0.33352101      0.99079972    0.0024005301      0.00000      0.00000       1.0410000
     -0.31223339      0.99774895    0.0024359855      0.00000      0.00000       1.0420001
     -0.29094817       1.0007361    0.0024845157      0.00000      0.00000       1.0440000
     -0.26966213       1.0043781    0.0025285228      0.00000      0.00000       1.0450000
     -0.24837996      0.99524719    0.0024359277      0.00000      0.00000       1.0470001
     -0.22709475       1.0061684    0.0025069712      0.00000      0.00000       1.0490000
     -0.20581328      0.99715990    0.0024619803      0.00000      0.00000       1.0500000
     -0.18454986      0.99543486    0.0024683518      0.00000      0.00000       1.0520000
     -0.16326788      0.99330792    0.0024597130      0.00000      0.00000       1.0540000
     -0.14198078       1.0015021    0.0024817837      0.00000      0.00000       1.0560000
     -0.12069470      0.99482713    0.0024567072      0.00000      0.00000       1.0570000
    -0.099403773      0.99012644    0.0024341066      0.00000      0.00000       1.0590000
    -0.078121606      0.99424425    0.0024369234      0.00000      0.00000       1.0610000
    -0.056835741      0.98996272    0.0024548798      0.00000      0.00000       1.0630000
    -0.035551451      0.99193007    0.0024538870      0.00000      0.00000       1.0650001
    -0.014262501       1.0023887    0.0024521609      0.00000      0.00000       1.0670000
    0.0070317909      0.99782343    0.0024338970      0.00000      0.00000       1.0690000
     0.028319634      0.99783023    0.0024870236      0.00000      0.00000       1.0710000
     0.049611636       1.0127641    0.0025192347      0.00000      0.00000       1.0730000
     0.070890438      0.99373862    0.0024897397      0.00000      0.00000       1.0760000
     0.092175856      0.99891990    0.0024831681      0.00000      0.00000       1.0779999
      0.11345667      0.99953979    0.0024822355      0.00000      0.00000       1.0800000
      0.13474718      0.99920441    0.0024789409      0.00000      0.00000       1.0820000
      0.15603294       1.0008219    0.0024278334      0.00000      0.00000       1.0850000
      0.17732018       1.0025655    0.0024506610      0.00000      0.00000       1.0870000
      0.19860030      0.99768252    0.0024862125      0.00000      0.00000       1.0890000
      0.21991114      0.99804446    0.0024485380      0.00000      0.00000       1.0920000
      0.24119604       1.0001746    0.0024563220      0.00000      0.00000       1.0940000
      0.26248111      0.99921317    0.0024604229      0.00000      0.00000       1.0970000
      0.28376437      0.99373352    0.0024594482      0.00000      0.00000       1.1000000
      0.30505269       1.0010915    0.0024806855      0.00000      0.00000       1.1020000
      0.32633759      0.99661430    0.0024566469      0.00000      0.00000       1.1050000
      0.34762360      0.99638755    0.0024480228      0.00000      0.00000       1.1080000
      0.36890593      0.99830116    0.0024735014      0.00000      0.00000       1.1100000
      0.39019101       1.0000584    0.0024919176      0.00000      0.00000       1.1130000
      0.41147520      0.99289877    0.0026140344      0.00000      0.00000       1.1160001
      0.43276212      0.99339179    0.0024878959      0.00000      0.00000       1.1190000
      0.45407556      0.99563694    0.0025066010      0.00000      0.00000       1.1220000
      0.47536588      0.99390340    0.0024971049      0.00000      0.00000       1.1250000
      0.49665185      0.99804929    0.0024946747      0.00000      0.00000       1.1280000
      0.51793963      0.97414287    0.0024599645      0.00000      0.00000       1.1310000
      0.53922379      0.99334502    0.0024762543      0.00000      0.00000       1.1339999
      0.56051090      0.99721909    0.0024825446      0.00000      0.00000       1.1370000
      0.58182743      0.99519264    0.0025032131      0.00000      0.00000       1.1400000
      0.60311656      0.99937295    0.0025938565      0.00000      0.00000       1.1440001
      0.62439974       1.0026891    0.0025564130      0.00000      0.00000       1.1470000
      0.64568509      0.99399934    0.0025562676      0.00000      0.00000       1.1500000
      0.66694215      0.99841185    0.0025414352      0.00000      0.00000       1.1540000
      0.68823010      0.99631853    0.0025593144      0.00000      0.00000       1.1569999
      0.70951850      0.99682755    0.0025794411      0.00000      0.00000       1.1610000
      0.73080416      0.99621168    0.0025454851      0.00000      0.00000       1.1650000
      0.75209593       1.0050678    0.0025666738      0.00000      0.00000       1.1680000
      0.77338417      0.99908209    0.0025573831      0.00000      0.00000       1.1720001
      0.79466857       1.0064474    0.0025620247      0.00000      0.00000       1.1760000
      0.81595929      0.99996844    0.0025556427      0.00000      0.00000       1.1799999
      0.83724816       1.0024697    0.0025977721      0.00000      0.00000       1.1830000
      0.85853855       1.0085508    0.0026122843      0.00000      0.00000       1.1870000
      0.87982589       1.0019916    0.0026598152      0.00000      0.00000       1.1910000
      0.90109129       1.0094113    0.0026716924      0.00000      0.00000       1.1950001
      0.92238396       1.0048401    0.0028073382      0.00000      0.00000       1.2000000
      0.94367310       1.0117363    0.0026821241      0.00000      0.00000       1.2040000
      0.96495920       1.0064323    0.0026294138      0.00000      0.00000       1.2079999
      0.98624663       1.0036561    0.0026297362      0.00000      0.00000       1.2120000
       1.0075327       1.0020928    0.0026167772      0.00000      0.00000       1.2170000
       1.0288198       1.0034583    0.0026138430      0.00000      0.00000       1.2210000
       1.0501104      0.99469828    0.0026279260      0.00000      0.00000       1.2260000
       1.0713952      0.99852943    0.0026348271      0.00000      0.00000       1.2300000
       1.0926827       1.0017831    0.0026297736      0.00000      0.00000       1.2350000
       1.1139714      0.99978130    0.0026387611      0.00000      0.00000       1.2400000
       1.1352604      0.99584536    0.0026247838      0.00000      0.00000       1.2440000
       1.1565445       1.0199192    0.0026492203      0.00000      0.00000       1.2490000
       1.1778304       1.0007294    0.0026450563      0.00000      0.00000       1.2539999
       1.1991148      0.99882718    0.0026689024      0.00000      0.00000       1.2589999
       1.2204035       1.0051266    0.0026960204      0.00000      0.00000       1.2640001
       1.2416932      0.99930723    0.0027265733      0.00000      0.00000       1.2700000
       1.2629996      0.98850387    0.0028254084      0.00000      0.00000       1.2750000
       1.2842866      0.99757907    0.0028892204      0.00000      0.00000       1.2800000
       1.3055758       1.0150632    0.0030507454      0.00000      0.00000       1.2850000
       1.3268633      0.99986052    0.0028585365      0.00000      0.00000       1.2910000
       1.3481439       1.0040285    0.0027713413      0.00000      0.00000       1.2970001
       1.3694396       1.0075014    0.0027554779      0.00000      0.00000       1.3020000
       1.3907259      0.99982037    0.0029310918      0.00000      0.00000       1.3080000
       1.4120099       1.0004598    0.0028549305      0.00000      0.00000       1.3140000
       1.4332928      0.99433884    0.0029195178      0.00000      0.00000       1.3200001
       1.4545817       1.0024349    0.0029522983      0.00000      0.00000       1.3260000
       1.4758677      0.99280676    0.0028348036      0.00000      0.00000       1.3320000
       1.4971568       1.0016422    0.0028325880      0.00000      0.00000       1.3380001
       1.5184443      0.99417987    0.0027547388      0.00000      0.00000       1.3440000
       1.5610209      0.99283788    0.0027018265      0.00000      0.00000       1.3570000
       1.5823297       1.0039435    0.0028364919      0.00000      0.00000       1.3640000
       1.6036168      0.99936276    0.0027431182      0.00000      0.00000       1.3700000
       1.6248999       1.0027632    0.0027383840      0.00000      0.00000       1.3770000
       1.6461870       1.0100968    0.0027728906      0.00000      0.00000       1.3839999
       1.6674712       1.0053265    0.0027394405      0.00000      0.00000       1.3910000
       1.6887611      0.99437774    0.0027427755      0.00000      0.00000       1.3980000
       1.7100477      0.99918456    0.0027604177      0.00000      0.00000       1.4050000
       1.7313302      0.99865836    0.0027615359      0.00000      0.00000       1.4130000
       1.7526195       1.0001512    0.0028204768      0.00000      0.00000       1.4200000
       1.7739096       1.0052298    0.0028026421      0.00000      0.00000       1.4280000
       1.7951940      0.99537737    0.0028247859      0.00000      0.00000       1.4349999
       1.8164771       1.0027485    0.0028410677      0.00000      0.00000       1.4430000
       1.8377657       1.0063503    0.0028272638      0.00000      0.00000       1.4510000
       1.8590505      0.99779187    0.0027537231      0.00000      0.00000       1.4590000
       1.8803402       1.0000000    0.0027531982      0.00000      0.00000       1.4670000
       1.9016242      0.99417298    0.0027671834      0.00000      0.00000       1.4760000
       1.9229171      0.99078183    0.0027575375      0.00000      0.00000       1.4840000
       1.9442026       1.0003739    0.0027856268      0.00000      0.00000       1.4930000
       1.9654895      0.99931492    0.0027717113      0.00000      0.00000       1.5020000
       1.9867744      0.99831752    0.0028165858      0.00000      0.00000       1.5110000
       2.0080604      0.97901845    0.0027803725      0.00000      0.00000       1.5200000
       2.0293426      0.99739273    0.0027762340      0.00000      0.00000       1.5290000
       2.0506265       1.0001786    0.0028143950      0.00000      0.00000       1.5380000
       2.0719079      0.99322843    0.0028379929      0.00000      0.00000       1.5480000
       2.0931978       1.0041191    0.0029823570      0.00000      0.00000       1.5570000
       2.1144856      0.99674216    0.0029839965      0.00000      0.00000       1.5670000
       2.1357764      0.99613800    0.0029421123      0.00000      0.00000       1.5770000
       2.1570659       1.0005547    0.0030397078      0.00000      0.00000       1.5870000
       2.1783537      0.99377510    0.0029665949      0.00000      0.00000       1.5970000
       2.1996406       1.0093745    0.0029345007      0.00000      0.00000       1.6080000
       2.2209243      0.99238402    0.0029262798      0.00000      0.00000       1.6190000
       2.2422080      0.99546982    0.0029582191      0.00000      0.00000       1.6300000
       2.2634933      0.99813664    0.0029344046      0.00000      0.00000       1.6410000
       2.2847803       1.0000345    0.0029145669      0.00000      0.00000       1.6520000
       2.3060650       1.0002985    0.0029555381      0.00000      0.00000       1.6630000
       2.3273491       1.0007909    0.0030083383      0.00000      0.00000       1.6750000
       2.3486363      0.99911464    0.0029677796      0.00000      0.00000       1.6870000
       2.3699216       1.0055074    0.0030450883      0.00000      0.00000       1.6990000
       2.3912100       1.0095431    0.0030523660      0.00000      0.00000       1.7110000
       2.4124989      0.99989950    0.0030388598      0.00000      0.00000       1.7240000
       2.4337846       1.0031352    0.0030765465      0.00000      0.00000       1.7370000
       2.4550720       1.0092807    0.0031245300      0.00000      0.00000       1.7500000
       2.4763804       1.0085234    0.0032262790      0.00000      0.00000       1.7630000
       2.5189524      0.99844047    0.0035061550      0.00000      0.00000       1.7900000
       2.5402373       1.0064474    0.0034111887      0.00000      0.00000       1.8040000
       2.5615239       1.0075869    0.0033233486      0.00000      0.00000       1.8180000
       2.5828096       1.0053380    0.0032997971      0.00000      0.00000       1.8329999
       2.6040757       1.0086559    0.0034129557      0.00000      0.00000       1.8480000
       2.6253590      0.99886625    0.0032959419      0.00000      0.00000       1.8630000
       2.6466481       1.0026766    0.0035541143      0.00000      0.00000       1.8780000
       2.6679351       1.0005999    0.0034295861      0.00000      0.00000       1.8940001
       2.6893067       1.0035432    0.0033745582      0.00000      0.00000       1.9100000
       2.7106012      0.99848526    0.0034210737      0.00000      0.00000       1.9270000
       2.7318859       1.0056680    0.0034401336      0.00000      0.00000       1.9430000
       2.7531718       1.0026747    0.0035476085      0.00000      0.00000       1.9600000
       2.7744564       1.0008576    0.0035550280      0.00000      0.00000       1.9780000
       2.7957372       1.0122382    0.0035213251      0.00000      0.00000       1.9960001
       2.8170511       1.0010626    0.0035157759      0.00000      0.00000       2.0139999
       2.8383384       1.0063427    0.0035114108      0.00000      0.00000       2.0320001
       2.8596192       1.0136824    0.0035190800      0.00000      0.00000       2.0510001
       2.8809043       1.0001817    0.0035419378      0.00000      0.00000       2.0699999
       2.9021905      0.99978934    0.0034339177      0.00000      0.00000       2.0899999
       2.9234769       1.0004291    0.0034984805      0.00000      0.00000       2.1099999
       2.9447625       1.0103580    0.0034613114      0.00000      0.00000       2.1310000
       2.9660517       1.0011487    0.0034280007      0.00000      0.00000       2.1520000
