#JD -  2457565 (hr) Flux  Fl_err  Model_fl   Residual for 1.20um (%) Airmass
      -4.5079613      0.99594549    0.0019545854      0.00000      0.00000       1.4160000
      -4.4866787       1.0013809    0.0019419350      0.00000      0.00000       1.4080000
      -4.4653956      0.98788642    0.0019137000      0.00000      0.00000       1.4010000
      -4.4441073      0.99338219    0.0019376304      0.00000      0.00000       1.3940001
      -4.4228128      0.99778816    0.0019495019      0.00000      0.00000       1.3870000
      -4.4015156      0.99274835    0.0019178412      0.00000      0.00000       1.3800000
      -4.3802279      0.99627377    0.0019239019      0.00000      0.00000       1.3730000
      -4.3589434      0.99379725    0.0019273760      0.00000      0.00000       1.3660001
      -4.3376587      0.99588423    0.0019314499      0.00000      0.00000       1.3600000
      -4.3163706      0.99865636    0.0019648142      0.00000      0.00000       1.3530000
      -4.2950823      0.99083378    0.0019960852      0.00000      0.00000       1.3470000
      -4.2737971      0.99660472    0.0020172433      0.00000      0.00000       1.3410000
      -4.2525150       1.0022848    0.0020057670      0.00000      0.00000       1.3340000
      -4.2312308      0.98837153    0.0019178541      0.00000      0.00000       1.3279999
      -4.2099406      0.99770446    0.0019482204      0.00000      0.00000       1.3220000
      -4.1886509      0.99665734    0.0019003231      0.00000      0.00000       1.3160000
      -4.1673621       1.0041989    0.0019149544      0.00000      0.00000       1.3099999
      -4.1460789       1.0033509    0.0018874734      0.00000      0.00000       1.3049999
      -4.1247933       1.0011386    0.0018865298      0.00000      0.00000       1.2990000
      -4.1035074       1.0004472    0.0018764252      0.00000      0.00000       1.2930000
      -4.0822223       1.0077361    0.0018971094      0.00000      0.00000       1.2880000
      -4.0609334       1.0101083    0.0018862329      0.00000      0.00000       1.2819999
      -4.0396478       1.0029950    0.0018901608      0.00000      0.00000       1.2770000
      -4.0183600       1.0040681    0.0018838576      0.00000      0.00000       1.2720000
      -3.9970688       1.0070865    0.0018856479      0.00000      0.00000       1.2660000
      -3.9757763       1.0082974    0.0018966572      0.00000      0.00000       1.2610000
      -3.9544877       1.0124321    0.0019006568      0.00000      0.00000       1.2560000
      -3.9332025       1.0103528    0.0018928584      0.00000      0.00000       1.2510000
      -3.9119164       1.0069862    0.0018798601      0.00000      0.00000       1.2460001
      -3.8906290       1.0116572    0.0019140576      0.00000      0.00000       1.2420000
      -3.8693396       1.0109835    0.0019282372      0.00000      0.00000       1.2370000
      -3.8480549       1.0102648    0.0019688516      0.00000      0.00000       1.2320000
      -3.8267708       1.0076685    0.0019080765      0.00000      0.00000       1.2280000
      -3.8054845       1.0150143    0.0019295312      0.00000      0.00000       1.2230000
      -3.7841999       1.0076642    0.0019162437      0.00000      0.00000       1.2190000
      -3.7629137       1.0150623    0.0019051120      0.00000      0.00000       1.2140000
      -3.7416330       1.0131823    0.0019350571      0.00000      0.00000       1.2100000
      -3.7203483       1.0113486    0.0019092867      0.00000      0.00000       1.2060000
      -3.6990596       1.0172432    0.0019315682      0.00000      0.00000       1.2010000
      -3.6777688       1.0146394    0.0019208853      0.00000      0.00000       1.1970000
      -3.6564842       1.0245625    0.0029132746      0.00000      0.00000       1.1930000
      -3.6351994       1.0155099    0.0019075534      0.00000      0.00000       1.1890000
      -3.6139144       1.0160523    0.0018831670      0.00000      0.00000       1.1849999
      -3.5926299       1.0121913    0.0019044127      0.00000      0.00000       1.1810000
      -3.5713435       1.0111738    0.0018992084      0.00000      0.00000       1.1770000
      -3.5500550       1.0110908    0.0019290339      0.00000      0.00000       1.1730000
      -3.5287660       1.0134491    0.0019370797      0.00000      0.00000       1.1700000
      -3.5074870       1.0144005    0.0019615279      0.00000      0.00000       1.1660000
      -3.4862004       1.0166324    0.0019363180      0.00000      0.00000       1.1619999
      -3.4649138       1.0125414    0.0018960555      0.00000      0.00000       1.1590000
      -3.4436293       1.0154086    0.0019347977      0.00000      0.00000       1.1550000
      -3.4223535       1.0140721    0.0019589839      0.00000      0.00000       1.1520000
      -3.4010635       1.0126547    0.0019072487      0.00000      0.00000       1.1480000
      -3.3797848       1.0143675    0.0019008420      0.00000      0.00000       1.1450000
      -3.3584981       1.0143127    0.0018995259      0.00000      0.00000       1.1420000
      -3.3372108      0.98382567    0.0018424333      0.00000      0.00000       1.1390001
      -3.3159238       1.0157067    0.0018676128      0.00000      0.00000       1.1350000
      -3.2946643       1.0117358    0.0018721139      0.00000      0.00000       1.1320000
      -3.2733795       1.0101001    0.0018820966      0.00000      0.00000       1.1289999
      -3.2520884       1.0148557    0.0018790651      0.00000      0.00000       1.1260000
      -3.2307875       1.0077874    0.0019029953      0.00000      0.00000       1.1230000
      -3.2095167       1.0073847    0.0018953222      0.00000      0.00000       1.1200000
      -3.1882283       1.0131066    0.0019120166      0.00000      0.00000       1.1170000
      -3.1669402       1.0058911    0.0018946880      0.00000      0.00000       1.1140000
      -3.1456558       1.0082739    0.0018754574      0.00000      0.00000       1.1109999
      -3.1243688       1.0067052    0.0018709671      0.00000      0.00000       1.1090000
      -3.1030767       1.0142880    0.0019003261      0.00000      0.00000       1.1059999
      -3.0817351       1.0114087    0.0018933940      0.00000      0.00000       1.1030000
      -3.0604299       1.0103158    0.0018902565      0.00000      0.00000       1.1010000
      -3.0391400       1.0152756    0.0019192173      0.00000      0.00000       1.0980000
      -3.0178195       1.0122520    0.0019244547      0.00000      0.00000       1.0950000
      -2.9965365       1.0122100    0.0019067274      0.00000      0.00000       1.0930001
      -2.9752419       1.0073786    0.0018916302      0.00000      0.00000       1.0900000
      -2.9539556       1.0081154    0.0018930247      0.00000      0.00000       1.0880001
      -2.9326723       1.0013927    0.0018793677      0.00000      0.00000       1.0860000
      -2.9113919       1.0007139    0.0018806477      0.00000      0.00000       1.0829999
      -2.8901050       1.0055500    0.0019002095      0.00000      0.00000       1.0810000
      -2.8475259       1.0106640    0.0018975575      0.00000      0.00000       1.0760000
      -2.8262412       1.0046662    0.0019097163      0.00000      0.00000       1.0740000
      -2.8049542       1.0058977    0.0018964361      0.00000      0.00000       1.0720000
      -2.7836670       1.0120380    0.0018924103      0.00000      0.00000       1.0700001
      -2.7623799       1.0077225    0.0018934532      0.00000      0.00000       1.0680000
      -2.7410997       1.0092657    0.0018989692      0.00000      0.00000       1.0660000
      -2.7198104       1.0095510    0.0019145076      0.00000      0.00000       1.0640000
      -2.6985222       1.0052505    0.0019220508      0.00000      0.00000       1.0620000
      -2.6772096       1.0048062    0.0018783358      0.00000      0.00000       1.0599999
      -2.6559244       1.0054998    0.0018873003      0.00000      0.00000       1.0580000
      -2.6346418       1.0098405    0.0019009514      0.00000      0.00000       1.0560000
      -2.6133788       1.0040566    0.0019035479      0.00000      0.00000       1.0549999
      -2.5920948       1.0068852    0.0019209279      0.00000      0.00000       1.0530000
      -2.5708120       1.0100199    0.0018924481      0.00000      0.00000       1.0510000
      -2.5494897       1.0033184    0.0018758755      0.00000      0.00000       1.0490000
      -2.5282015       1.0093013    0.0019024021      0.00000      0.00000       1.0480000
      -2.5069191       1.0112999    0.0019185026      0.00000      0.00000       1.0460000
      -2.4856354       1.0034315    0.0018833164      0.00000      0.00000       1.0440000
      -2.4643516       1.0029284    0.0018772906      0.00000      0.00000       1.0430000
      -2.4430683       1.0090718    0.0018845518      0.00000      0.00000       1.0410000
      -2.4217818       1.0050723    0.0018854283      0.00000      0.00000       1.0400000
      -2.4004989       1.0073960    0.0018792405      0.00000      0.00000       1.0380000
      -2.3792167       1.0072832    0.0018854376      0.00000      0.00000       1.0369999
      -2.3579327       1.0088517    0.0018899683      0.00000      0.00000       1.0360000
      -2.3366460       1.0200720    0.0018988772      0.00000      0.00000       1.0340000
      -2.3153603       1.0102299    0.0018858231      0.00000      0.00000       1.0330000
      -2.2940740       1.0117703    0.0018866810      0.00000      0.00000       1.0319999
      -2.2727892       1.0090801    0.0018937590      0.00000      0.00000       1.0300000
      -2.2515030       1.0098447    0.0018870986      0.00000      0.00000       1.0290000
      -2.2302154       1.0060621    0.0018840322      0.00000      0.00000       1.0280000
      -2.2089278       1.0076338    0.0018749094      0.00000      0.00000       1.0270000
      -2.1876383       1.0121102    0.0018882562      0.00000      0.00000       1.0260000
      -2.1663489       1.0124368    0.0019153173      0.00000      0.00000       1.0240000
      -2.1450635       1.0146173    0.0019461461      0.00000      0.00000       1.0230000
      -2.1237799       1.0064211    0.0018947835      0.00000      0.00000       1.0220000
      -2.1024884       1.0097149    0.0018926216      0.00000      0.00000       1.0210000
      -2.0811985       1.0085782    0.0018861715      0.00000      0.00000       1.0200000
      -2.0599118       1.0038913    0.0018833593      0.00000      0.00000       1.0190001
      -2.0386263       1.0150983    0.0019002835      0.00000      0.00000       1.0180000
      -2.0173329       1.0075310    0.0018907460      0.00000      0.00000       1.0180000
      -1.9960691       1.0119324    0.0018993899      0.00000      0.00000       1.0170000
      -1.9747869       1.0051348    0.0018799385      0.00000      0.00000       1.0160000
      -1.9534993       1.0090111    0.0019021191      0.00000      0.00000       1.0150000
      -1.9322144       1.0095992    0.0018761928      0.00000      0.00000       1.0140001
      -1.9109266       1.0088447    0.0018990475      0.00000      0.00000       1.0140001
      -1.8896425       1.0065556    0.0019060309      0.00000      0.00000       1.0130000
      -1.8683515       1.0086311    0.0018941223      0.00000      0.00000       1.0120000
      -1.8470625       1.0130322    0.0018797296      0.00000      0.00000       1.0120000
      -1.8257635       1.0053784    0.0018925116      0.00000      0.00000       1.0110000
      -1.8044778       1.0049078    0.0018699821      0.00000      0.00000       1.0100000
      -1.7832113       1.0050176    0.0019057093      0.00000      0.00000       1.0100000
      -1.7619204       1.0016201    0.0018829629      0.00000      0.00000       1.0089999
      -1.7406241       1.0036974    0.0018665613      0.00000      0.00000       1.0089999
      -1.7193345       1.0078287    0.0019415260      0.00000      0.00000       1.0080000
      -1.6980541       1.0049439    0.0019336663      0.00000      0.00000       1.0080000
      -1.6767681       1.0034306    0.0018886892      0.00000      0.00000       1.0070000
      -1.6554749       1.0013554    0.0018749932      0.00000      0.00000       1.0070000
      -1.6341845      0.99907980    0.0018585820      0.00000      0.00000       1.0070000
      -1.6128945       1.0007556    0.0018747504      0.00000      0.00000       1.0060000
      -1.5916034       1.0099768    0.0018742980      0.00000      0.00000       1.0060000
      -1.5703135       1.0075740    0.0018732128      0.00000      0.00000       1.0060000
      -1.5490272      0.99859359    0.0018822529      0.00000      0.00000       1.0060000
      -1.5277421       1.0064849    0.0019016730      0.00000      0.00000       1.0050000
      -1.5064534       1.0041958    0.0018975497      0.00000      0.00000       1.0050000
      -1.4851331      0.99965677    0.0018660860      0.00000      0.00000       1.0050000
      -1.4637620      0.99726553    0.0018762546      0.00000      0.00000       1.0050000
      -1.4424256       1.0061455    0.0018928312      0.00000      0.00000       1.0050000
      -1.4210700      0.99601266    0.0018772334      0.00000      0.00000       1.0050000
      -1.3997464      0.99849953    0.0018653087      0.00000      0.00000       1.0050000
      -1.3784496      0.99864086    0.0018483792      0.00000      0.00000       1.0050000
      -1.3571502       1.0005226    0.0018567192      0.00000      0.00000       1.0050000
      -1.3358176       1.0049766    0.0018749621      0.00000      0.00000       1.0050000
      -1.3144943       1.0039008    0.0018564879      0.00000      0.00000       1.0050000
      -1.2931982      0.99918168    0.0018482483      0.00000      0.00000       1.0050000
      -1.2718925      0.99728837    0.0018522179      0.00000      0.00000       1.0050000
      -1.2505543      0.99406797    0.0018575240      0.00000      0.00000       1.0050000
      -1.2292571      0.99690020    0.0018590385      0.00000      0.00000       1.0060000
      -1.2079121      0.99467767    0.0018899502      0.00000      0.00000       1.0060000
      -1.1864119       1.0005704    0.0018620594      0.00000      0.00000       1.0060000
      -1.1648556      0.99683441    0.0018690572      0.00000      0.00000       1.0060000
      -1.1432757      0.99520798    0.0018545237      0.00000      0.00000       1.0070000
      -1.1217138      0.98263996    0.0018551847      0.00000      0.00000       1.0070000
      -1.1001447      0.99778768    0.0018803468      0.00000      0.00000       1.0070000
      -1.0786917      0.98961857    0.0019257830      0.00000      0.00000       1.0080000
      -1.0572883      0.99239228    0.0019105156      0.00000      0.00000       1.0080000
      -1.0359918      0.99845508    0.0018861769      0.00000      0.00000       1.0089999
      -1.0146990      0.99040074    0.0018646118      0.00000      0.00000       1.0089999
     -0.99341132      0.99248593    0.0018767300      0.00000      0.00000       1.0100000
     -0.97212387      0.99375293    0.0018596269      0.00000      0.00000       1.0100000
     -0.95083896      0.99474627    0.0018686204      0.00000      0.00000       1.0110000
     -0.92955304      0.98970275    0.0018536432      0.00000      0.00000       1.0110000
     -0.90826621      0.98958660    0.0018583582      0.00000      0.00000       1.0120000
     -0.88698229      0.99544440    0.0018686959      0.00000      0.00000       1.0130000
     -0.86567354      0.99371253    0.0018656313      0.00000      0.00000       1.0130000
     -0.84438941      0.99068531    0.0018595943      0.00000      0.00000       1.0140001
     -0.82310593      0.99301440    0.0018600393      0.00000      0.00000       1.0150000
     -0.80182615      0.99293221    0.0018529791      0.00000      0.00000       1.0160000
     -0.78054763      0.99041611    0.0018578950      0.00000      0.00000       1.0160000
     -0.75925862      0.99049816    0.0018606478      0.00000      0.00000       1.0170000
     -0.73797115      0.99283740    0.0018591405      0.00000      0.00000       1.0180000
     -0.71670296      0.99103047    0.0018543447      0.00000      0.00000       1.0190001
     -0.69542237      0.98750539    0.0018496776      0.00000      0.00000       1.0200000
     -0.67411321      0.98938648    0.0018528037      0.00000      0.00000       1.0210000
     -0.65283032      0.97999468    0.0018578655      0.00000      0.00000       1.0220000
     -0.63155042      0.98946997    0.0018498250      0.00000      0.00000       1.0230000
     -0.61026839      0.98656200    0.0018718527      0.00000      0.00000       1.0240000
     -0.58898444      0.98325350    0.0018471770      0.00000      0.00000       1.0250000
     -0.56766572      0.98880759    0.0018597673      0.00000      0.00000       1.0260000
     -0.54637922      0.98767477    0.0018529416      0.00000      0.00000       1.0270000
     -0.52509350      0.98433760    0.0018465917      0.00000      0.00000       1.0290000
     -0.50380809      0.98529815    0.0018441229      0.00000      0.00000       1.0300000
     -0.48252201      0.98312610    0.0018512722      0.00000      0.00000       1.0310000
     -0.46121979      0.98424197    0.0018480298      0.00000      0.00000       1.0319999
     -0.43993957      0.98636853    0.0018360721      0.00000      0.00000       1.0340000
     -0.41866070      0.98932775    0.0018428943      0.00000      0.00000       1.0350000
     -0.39737700      0.99026929    0.0018692410      0.00000      0.00000       1.0360000
     -0.37609053      0.98245322    0.0018470889      0.00000      0.00000       1.0380000
     -0.33352101      0.98401948    0.0018234599      0.00000      0.00000       1.0410000
     -0.31223339      0.98406682    0.0018381326      0.00000      0.00000       1.0420001
     -0.29094817      0.98284894    0.0018549542      0.00000      0.00000       1.0440000
     -0.26966213      0.98786515    0.0018657337      0.00000      0.00000       1.0450000
     -0.24837996      0.99339269    0.0018552832      0.00000      0.00000       1.0470001
     -0.22709475      0.98726561    0.0018590224      0.00000      0.00000       1.0490000
     -0.20581328      0.98802624    0.0018541661      0.00000      0.00000       1.0500000
     -0.18454986      0.99386222    0.0018599635      0.00000      0.00000       1.0520000
     -0.16326788      0.98571218    0.0018429630      0.00000      0.00000       1.0540000
     -0.14198078      0.98889259    0.0018549778      0.00000      0.00000       1.0560000
     -0.12069470      0.99487285    0.0018576334      0.00000      0.00000       1.0570000
    -0.099403773      0.98603552    0.0018383105      0.00000      0.00000       1.0590000
    -0.078121606      0.99240484    0.0018455757      0.00000      0.00000       1.0610000
    -0.056835741      0.99955146    0.0018644744      0.00000      0.00000       1.0630000
    -0.035551451      0.99152662    0.0018508453      0.00000      0.00000       1.0650001
    -0.014262501       1.0006576    0.0018582276      0.00000      0.00000       1.0670000
    0.0070317909      0.99872394    0.0018595679      0.00000      0.00000       1.0690000
     0.028319634      0.99212335    0.0018825337      0.00000      0.00000       1.0710000
     0.049611636      0.99711590    0.0018805952      0.00000      0.00000       1.0730000
     0.070890438      0.99257416    0.0018711699      0.00000      0.00000       1.0760000
     0.092175856      0.99116624    0.0018646265      0.00000      0.00000       1.0779999
      0.11345667      0.99712832    0.0018719796      0.00000      0.00000       1.0800000
      0.13474718      0.99802423    0.0018707008      0.00000      0.00000       1.0820000
      0.15603294      0.99507763    0.0018423448      0.00000      0.00000       1.0850000
      0.17732018       1.0003069    0.0018482246      0.00000      0.00000       1.0870000
      0.19860030       1.0002129    0.0018732132      0.00000      0.00000       1.0890000
      0.21991114      0.99377845    0.0018427564      0.00000      0.00000       1.0920000
      0.24119604       1.0024480    0.0018671295      0.00000      0.00000       1.0940000
      0.26248111      0.99840053    0.0018547835      0.00000      0.00000       1.0970000
      0.28376437       1.0011367    0.0018549206      0.00000      0.00000       1.1000000
      0.30505269      0.99851902    0.0018592098      0.00000      0.00000       1.1020000
      0.32633759       1.0014804    0.0018506679      0.00000      0.00000       1.1050000
      0.34762360       1.0041558    0.0018571168      0.00000      0.00000       1.1080000
      0.36890593       1.0017373    0.0018701869      0.00000      0.00000       1.1100000
      0.39019101      0.99749879    0.0018634594      0.00000      0.00000       1.1130000
      0.41147520      0.99904563    0.0019699166      0.00000      0.00000       1.1160001
      0.43276212       1.0091016    0.0018897834      0.00000      0.00000       1.1190000
      0.45407556       1.0065703    0.0018955201      0.00000      0.00000       1.1220000
      0.47536588       1.0014258    0.0018945017      0.00000      0.00000       1.1250000
      0.49665185       1.0043675    0.0018787993      0.00000      0.00000       1.1280000
      0.51793963       1.0039856    0.0018687895      0.00000      0.00000       1.1310000
      0.53922379      0.99991726    0.0018555851      0.00000      0.00000       1.1339999
      0.56051090       1.0037866    0.0018671396      0.00000      0.00000       1.1370000
      0.58182743       1.0034602    0.0018785208      0.00000      0.00000       1.1400000
      0.60311656      0.99991383    0.0019207405      0.00000      0.00000       1.1440001
      0.62439974       1.0092905    0.0019076459      0.00000      0.00000       1.1470000
      0.64568509       1.0111834    0.0019167039      0.00000      0.00000       1.1500000
      0.66694215       1.0124483    0.0019132686      0.00000      0.00000       1.1540000
      0.68823010       1.0001966    0.0018949511      0.00000      0.00000       1.1569999
      0.70951850       1.0092922    0.0019178584      0.00000      0.00000       1.1610000
      0.73080416      0.99976523    0.0018909423      0.00000      0.00000       1.1650000
      0.75209593       1.0000000    0.0018871137      0.00000      0.00000       1.1680000
      0.77338417       1.0060489    0.0019076340      0.00000      0.00000       1.1720001
      0.79466857      0.99954034    0.0018901019      0.00000      0.00000       1.1760000
      0.81595929       1.0074817    0.0019009533      0.00000      0.00000       1.1799999
      0.83724816       1.0064019    0.0019223945      0.00000      0.00000       1.1830000
      0.85853855       1.0056032    0.0019161955      0.00000      0.00000       1.1870000
      0.87982589       1.0022045    0.0019373413      0.00000      0.00000       1.1910000
      0.90109129       1.0028706    0.0019383162      0.00000      0.00000       1.1950001
      0.92238396       1.0072674    0.0020419630      0.00000      0.00000       1.2000000
      0.94367310      0.99946069    0.0019510895      0.00000      0.00000       1.2040000
      0.96495920       1.0002599    0.0019147087      0.00000      0.00000       1.2079999
      0.98624663      0.99949280    0.0019237105      0.00000      0.00000       1.2120000
       1.0075327       1.0015119    0.0019078256      0.00000      0.00000       1.2170000
       1.0288198      0.99624324    0.0019099637      0.00000      0.00000       1.2210000
       1.0501104       1.0016691    0.0019278659      0.00000      0.00000       1.2260000
       1.0713952      0.99263974    0.0019125693      0.00000      0.00000       1.2300000
       1.0926827      0.99530534    0.0019086907      0.00000      0.00000       1.2350000
       1.1139714      0.99466737    0.0019231286      0.00000      0.00000       1.2400000
       1.1352604      0.99471931    0.0019163496      0.00000      0.00000       1.2440000
       1.1565445      0.99806526    0.0019151178      0.00000      0.00000       1.2490000
       1.1778304      0.99140087    0.0019227594      0.00000      0.00000       1.2539999
       1.1991148      0.99452776    0.0019240304      0.00000      0.00000       1.2589999
       1.2204035       1.0031633    0.0019408769      0.00000      0.00000       1.2640001
       1.2416932      0.99240498    0.0019641408      0.00000      0.00000       1.2700000
       1.2629996      0.99573844    0.0020608697      0.00000      0.00000       1.2750000
       1.2842866      0.99469063    0.0020779089      0.00000      0.00000       1.2800000
       1.3055758      0.99563059    0.0021463677      0.00000      0.00000       1.2850000
       1.3268633      0.98544332    0.0020069919      0.00000      0.00000       1.2910000
       1.3481439      0.99818100    0.0019829153      0.00000      0.00000       1.2970001
       1.3694396      0.99654641    0.0019674993      0.00000      0.00000       1.3020000
       1.3907259      0.99185353    0.0020896148      0.00000      0.00000       1.3080000
       1.4120099       1.0024166    0.0020614114      0.00000      0.00000       1.3140000
       1.4332928      0.99605355    0.0020911241      0.00000      0.00000       1.3200001
       1.4545817      0.99789546    0.0021064735      0.00000      0.00000       1.3260000
       1.4758677      0.99405891    0.0020481800      0.00000      0.00000       1.3320000
       1.4971568      0.99289173    0.0020114575      0.00000      0.00000       1.3380001
       1.5184443      0.98873480    0.0019773714      0.00000      0.00000       1.3440000
       1.5397365      0.98992757    0.0031148361      0.00000      0.00000       1.3510000
       1.5610209      0.99183692    0.0019315118      0.00000      0.00000       1.3570000
       1.5823297      0.99050159    0.0019833976      0.00000      0.00000       1.3640000
       1.6036168      0.99730498    0.0019517194      0.00000      0.00000       1.3700000
       1.6248999      0.99641585    0.0019478348      0.00000      0.00000       1.3770000
       1.6461870      0.99750729    0.0019443022      0.00000      0.00000       1.3839999
       1.6674712       1.0049666    0.0019531349      0.00000      0.00000       1.3910000
       1.6887611      0.99850523    0.0019578945      0.00000      0.00000       1.3980000
       1.7100477      0.99459280    0.0019461768      0.00000      0.00000       1.4050000
       1.7313302      0.99898745    0.0019708372      0.00000      0.00000       1.4130000
       1.7526195       1.0014389    0.0019762938      0.00000      0.00000       1.4200000
       1.7739096      0.99598302    0.0019577454      0.00000      0.00000       1.4280000
       1.7951940       1.0015744    0.0019843323      0.00000      0.00000       1.4349999
       1.8164771      0.99487134    0.0019937863      0.00000      0.00000       1.4430000
       1.8377657      0.99318378    0.0019770115      0.00000      0.00000       1.4510000
       1.8590505      0.99581816    0.0019410590      0.00000      0.00000       1.4590000
       1.8803402      0.99323661    0.0019327906      0.00000      0.00000       1.4670000
       1.9016242       1.0000101    0.0019561344      0.00000      0.00000       1.4760000
       1.9229171      0.99394421    0.0019539772      0.00000      0.00000       1.4840000
       1.9442026       1.0087571    0.0019616912      0.00000      0.00000       1.4930000
       1.9654895      0.99642285    0.0019586263      0.00000      0.00000       1.5020000
       1.9867744       1.0029539    0.0019783660      0.00000      0.00000       1.5110000
       2.0080604      0.99330762    0.0019493434      0.00000      0.00000       1.5200000
       2.0293426       1.0021052    0.0019569944      0.00000      0.00000       1.5290000
       2.0506265      0.99785087    0.0019545117      0.00000      0.00000       1.5380000
       2.0719079      0.99744719    0.0019673548      0.00000      0.00000       1.5480000
       2.0931978      0.99914216    0.0020161674      0.00000      0.00000       1.5570000
       2.1144856       1.0003063    0.0020232902      0.00000      0.00000       1.5670000
       2.1357764      0.99556755    0.0020167511      0.00000      0.00000       1.5770000
       2.1570659      0.99619446    0.0020436699      0.00000      0.00000       1.5870000
       2.1783537       1.0030413    0.0020160274      0.00000      0.00000       1.5970000
       2.1996406      0.99194402    0.0019737116      0.00000      0.00000       1.6080000
       2.2209243       1.0001298    0.0020177374      0.00000      0.00000       1.6190000
       2.2422080      0.99307532    0.0020058418      0.00000      0.00000       1.6300000
       2.2634933      0.99964339    0.0020218668      0.00000      0.00000       1.6410000
       2.2847803      0.99890815    0.0019850826      0.00000      0.00000       1.6520000
       2.3060650      0.99586015    0.0020170818      0.00000      0.00000       1.6630000
       2.3273491      0.99829138    0.0020377868      0.00000      0.00000       1.6750000
       2.3486363      0.99806848    0.0020120999      0.00000      0.00000       1.6870000
       2.3699216      0.99849651    0.0020346710      0.00000      0.00000       1.6990000
       2.3912100      0.99508841    0.0020417494      0.00000      0.00000       1.7110000
       2.4124989       1.0010085    0.0020576067      0.00000      0.00000       1.7240000
       2.4337846       1.0003511    0.0020589329      0.00000      0.00000       1.7370000
       2.4550720      0.99311895    0.0020787166      0.00000      0.00000       1.7500000
       2.4763804      0.99422226    0.0021131439      0.00000      0.00000       1.7630000
       2.4976665      0.98804538    0.0022091583      0.00000      0.00000       1.7760000
       2.5189524      0.99681074    0.0022313673      0.00000      0.00000       1.7900000
       2.5402373      0.99768793    0.0022266880      0.00000      0.00000       1.8040000
       2.5615239      0.99692881    0.0021534183      0.00000      0.00000       1.8180000
       2.5828096      0.99480157    0.0021303775      0.00000      0.00000       1.8329999
       2.6040757      0.99144875    0.0021639963      0.00000      0.00000       1.8480000
       2.6253590      0.99527289    0.0021461495      0.00000      0.00000       1.8630000
       2.6466481      0.99052972    0.0022806555      0.00000      0.00000       1.8780000
       2.6679351      0.99460213    0.0022087586      0.00000      0.00000       1.8940001
       2.6893067      0.99824055    0.0021879788      0.00000      0.00000       1.9100000
       2.7106012      0.98784210    0.0021909519      0.00000      0.00000       1.9270000
       2.7318859      0.98885698    0.0021864371      0.00000      0.00000       1.9430000
       2.7531718      0.98923994    0.0022209468      0.00000      0.00000       1.9600000
       2.7744564      0.98497364    0.0022028469      0.00000      0.00000       1.9780000
       2.7957372      0.99240463    0.0022229430      0.00000      0.00000       1.9960001
       2.8170511      0.99223387    0.0022469503      0.00000      0.00000       2.0139999
       2.8383384      0.98300467    0.0021987678      0.00000      0.00000       2.0320001
       2.8596192      0.98549456    0.0022007567      0.00000      0.00000       2.0510001
       2.8809043      0.99946454    0.0022368238      0.00000      0.00000       2.0699999
       2.9021905      0.99314825    0.0022147432      0.00000      0.00000       2.0899999
       2.9234769      0.98097971    0.0021987875      0.00000      0.00000       2.1099999
       2.9447625      0.99526163    0.0021882224      0.00000      0.00000       2.1310000
       2.9660517      0.98350988    0.0021765020      0.00000      0.00000       2.1520000
