#JD -  2457565 (hr) Flux  Fl_err  Model_fl   Residual for 1.38um (%) Airmass
      -4.5079613       1.0118004    0.0048595230      0.00000      0.00000       1.4160000
      -4.4866787       1.0111591    0.0047307543      0.00000      0.00000       1.4080000
      -4.4653956       1.0033128    0.0046829695      0.00000      0.00000       1.4010000
      -4.4441073       1.0144998    0.0046471646      0.00000      0.00000       1.3940001
      -4.4228128       1.0098689    0.0047141613      0.00000      0.00000       1.3870000
      -4.4015156      0.97190057    0.0045568852      0.00000      0.00000       1.3800000
      -4.3802279       1.0067613    0.0045752160      0.00000      0.00000       1.3730000
      -4.3589434      0.99870167    0.0045600828      0.00000      0.00000       1.3660001
      -4.3376587       1.0072397    0.0046544900      0.00000      0.00000       1.3600000
      -4.3163706      0.99856947    0.0046563124      0.00000      0.00000       1.3530000
      -4.2950823       1.0146447    0.0047829460      0.00000      0.00000       1.3470000
      -4.2737971      0.99948275    0.0047473630      0.00000      0.00000       1.3410000
      -4.2525150      0.99024609    0.0046882128      0.00000      0.00000       1.3340000
      -4.2312308      0.98162917    0.0045208104      0.00000      0.00000       1.3279999
      -4.2099406       1.0047458    0.0045046726      0.00000      0.00000       1.3220000
      -4.1886509      0.98308520    0.0043547557      0.00000      0.00000       1.3160000
      -4.1673621       1.0092037    0.0043844588      0.00000      0.00000       1.3099999
      -4.1460789       1.0190874    0.0044025134      0.00000      0.00000       1.3049999
      -4.1247933      0.99340501    0.0043111071      0.00000      0.00000       1.2990000
      -4.1035074       1.0224224    0.0044298403      0.00000      0.00000       1.2930000
      -4.0822223       1.0041504    0.0043343008      0.00000      0.00000       1.2880000
      -4.0609334       1.0068564    0.0042900754      0.00000      0.00000       1.2819999
      -4.0396478       1.0168684    0.0043231101      0.00000      0.00000       1.2770000
      -4.0183600       1.0134738    0.0043217594      0.00000      0.00000       1.2720000
      -3.9970688       1.0168501    0.0043425824      0.00000      0.00000       1.2660000
      -3.9757763       1.0165262    0.0042969837      0.00000      0.00000       1.2610000
      -3.9544877       1.0122417    0.0043606396      0.00000      0.00000       1.2560000
      -3.9332025       1.0086022    0.0042838505      0.00000      0.00000       1.2510000
      -3.9119164       1.0007935    0.0042614366      0.00000      0.00000       1.2460001
      -3.8906290       1.0107983    0.0043353980      0.00000      0.00000       1.2420000
      -3.8693396       1.0172126    0.0043422894      0.00000      0.00000       1.2370000
      -3.8480549       1.0210939    0.0044948213      0.00000      0.00000       1.2320000
      -3.8267708       1.0092183    0.0042964493      0.00000      0.00000       1.2280000
      -3.8054845       1.0068898    0.0043416441      0.00000      0.00000       1.2230000
      -3.7841999       1.0021249    0.0043507996      0.00000      0.00000       1.2190000
      -3.7629137       1.0110538    0.0042495889      0.00000      0.00000       1.2140000
      -3.7416330       1.0266304    0.0043647634      0.00000      0.00000       1.2100000
      -3.7203483       1.0214862    0.0043020747      0.00000      0.00000       1.2060000
      -3.6990596       1.0183689    0.0042915942      0.00000      0.00000       1.2010000
      -3.6777688       1.0105586    0.0042813173      0.00000      0.00000       1.1970000
      -3.6564842       1.0382884    0.0071406899      0.00000      0.00000       1.1930000
      -3.6351994       1.0185058    0.0042759896      0.00000      0.00000       1.1890000
      -3.6139144       1.0105254    0.0042014053      0.00000      0.00000       1.1849999
      -3.5926299       1.0067142    0.0042248739      0.00000      0.00000       1.1810000
      -3.5713435       1.0061907    0.0042484814      0.00000      0.00000       1.1770000
      -3.5500550       1.0086818    0.0043281132      0.00000      0.00000       1.1730000
      -3.5287660       1.0047738    0.0042850576      0.00000      0.00000       1.1700000
      -3.5074870       1.0186218    0.0043725038      0.00000      0.00000       1.1660000
      -3.4862004       1.0104429    0.0042867969      0.00000      0.00000       1.1619999
      -3.4649138       1.0032206    0.0041506034      0.00000      0.00000       1.1590000
      -3.4436293       1.0053544    0.0042265952      0.00000      0.00000       1.1550000
      -3.4223535       1.0141689    0.0042975865      0.00000      0.00000       1.1520000
      -3.4010635       1.0066871    0.0041824010      0.00000      0.00000       1.1480000
      -3.3797848       1.0000568    0.0041283192      0.00000      0.00000       1.1450000
      -3.3584981      0.99799812    0.0041292516      0.00000      0.00000       1.1420000
      -3.3372108       1.0146063    0.0040876646      0.00000      0.00000       1.1390001
      -3.3159238       1.0115104    0.0041310333      0.00000      0.00000       1.1350000
      -3.2946643       1.0018294    0.0041103480      0.00000      0.00000       1.1320000
      -3.2733795       1.0003746    0.0041035885      0.00000      0.00000       1.1289999
      -3.2520884       1.0076618    0.0041033680      0.00000      0.00000       1.1260000
      -3.2307875       1.0049643    0.0041956320      0.00000      0.00000       1.1230000
      -3.2095167       1.0128962    0.0042036276      0.00000      0.00000       1.1200000
      -3.1882283      0.99741533    0.0041446115      0.00000      0.00000       1.1170000
      -3.1669402       1.0057684    0.0041549525      0.00000      0.00000       1.1140000
      -3.1456558       1.0090160    0.0041542965      0.00000      0.00000       1.1109999
      -3.1243688       1.0114037    0.0041349985      0.00000      0.00000       1.1090000
      -3.1030767       1.0026889    0.0041732360      0.00000      0.00000       1.1059999
      -3.0817351       1.0055690    0.0042158375      0.00000      0.00000       1.1030000
      -3.0604299      0.99897431    0.0041202290      0.00000      0.00000       1.1010000
      -3.0391400       1.0096833    0.0041657524      0.00000      0.00000       1.0980000
      -3.0178195       1.0003871    0.0041272131      0.00000      0.00000       1.0950000
      -2.9965365       1.0026805    0.0041013801      0.00000      0.00000       1.0930001
      -2.9752419       1.0044009    0.0040913357      0.00000      0.00000       1.0900000
      -2.9539556       1.0168727    0.0041869416      0.00000      0.00000       1.0880001
      -2.9326723       1.0054225    0.0041245957      0.00000      0.00000       1.0860000
      -2.9113919       1.0083791    0.0041462650      0.00000      0.00000       1.0829999
      -2.8901050       1.0021759    0.0041546844      0.00000      0.00000       1.0810000
      -2.8688100      0.99822942    0.0042060209      0.00000      0.00000       1.0790000
      -2.8475259      0.99171000    0.0041170245      0.00000      0.00000       1.0760000
      -2.8262412       1.0027249    0.0041705453      0.00000      0.00000       1.0740000
      -2.8049542       1.0086598    0.0041704903      0.00000      0.00000       1.0720000
      -2.7836670       1.0260227    0.0041508587      0.00000      0.00000       1.0700001
      -2.7623799       1.0019307    0.0041021693      0.00000      0.00000       1.0680000
      -2.7410997       1.0084685    0.0041668804      0.00000      0.00000       1.0660000
      -2.7198104       1.0008669    0.0042016832      0.00000      0.00000       1.0640000
      -2.6985222      0.99590192    0.0041974946      0.00000      0.00000       1.0620000
      -2.6772096      0.99823682    0.0041483548      0.00000      0.00000       1.0599999
      -2.6559244      0.99487230    0.0040726893      0.00000      0.00000       1.0580000
      -2.6346418      0.99979749    0.0042297038      0.00000      0.00000       1.0560000
      -2.6133788       1.0007556    0.0041973470      0.00000      0.00000       1.0549999
      -2.5920948       1.0030651    0.0042600888      0.00000      0.00000       1.0530000
      -2.5708120      0.99960397    0.0041619212      0.00000      0.00000       1.0510000
      -2.5494897       1.0027679    0.0041399629      0.00000      0.00000       1.0490000
      -2.5282015       1.0066507    0.0041804365      0.00000      0.00000       1.0480000
      -2.5069191       1.0063612    0.0042027080      0.00000      0.00000       1.0460000
      -2.4856354      0.98672349    0.0041193083      0.00000      0.00000       1.0440000
      -2.4643516       1.0070610    0.0041283137      0.00000      0.00000       1.0430000
      -2.4430683       1.0031720    0.0041265173      0.00000      0.00000       1.0410000
      -2.4217818       1.0019874    0.0041510535      0.00000      0.00000       1.0400000
      -2.4004989       1.0052779    0.0040870141      0.00000      0.00000       1.0380000
      -2.3792167       1.0032893    0.0041115313      0.00000      0.00000       1.0369999
      -2.3579327      0.99967860    0.0041701212      0.00000      0.00000       1.0360000
      -2.3366460      0.99232495    0.0040712166      0.00000      0.00000       1.0340000
      -2.3153603       1.0053720    0.0041289055      0.00000      0.00000       1.0330000
      -2.2940740      0.99671460    0.0040743256      0.00000      0.00000       1.0319999
      -2.2727892       1.0064453    0.0041561061      0.00000      0.00000       1.0300000
      -2.2515030      0.99961841    0.0040852679      0.00000      0.00000       1.0290000
      -2.2302154       1.0080490    0.0041166290      0.00000      0.00000       1.0280000
      -2.2089278      0.99972183    0.0040605354      0.00000      0.00000       1.0270000
      -2.1876383       1.0040152    0.0040816931      0.00000      0.00000       1.0260000
      -2.1663489       1.0121038    0.0041223829      0.00000      0.00000       1.0240000
      -2.1450635      0.99346802    0.0041041774      0.00000      0.00000       1.0230000
      -2.1237799       1.0014825    0.0040938517      0.00000      0.00000       1.0220000
      -2.1024884       1.0072378    0.0040879803      0.00000      0.00000       1.0210000
      -2.0811985       1.0162404    0.0041169436      0.00000      0.00000       1.0200000
      -2.0599118      0.98915505    0.0041033354      0.00000      0.00000       1.0190001
      -2.0386263       1.0083940    0.0041820893      0.00000      0.00000       1.0180000
      -2.0173329      0.99670260    0.0041249502      0.00000      0.00000       1.0180000
      -1.9960691       1.0000000    0.0041640245      0.00000      0.00000       1.0170000
      -1.9747869      0.99182044    0.0040755675      0.00000      0.00000       1.0160000
      -1.9534993       1.0023303    0.0042008761      0.00000      0.00000       1.0150000
      -1.9322144      0.99060359    0.0040571192      0.00000      0.00000       1.0140001
      -1.9109266       1.0020390    0.0041212399      0.00000      0.00000       1.0140001
      -1.8896425      0.99999484    0.0041718963      0.00000      0.00000       1.0130000
      -1.8683515      0.99731145    0.0040257336      0.00000      0.00000       1.0120000
      -1.8470625       1.0014741    0.0040338354      0.00000      0.00000       1.0120000
      -1.8257635      0.99778811    0.0040654224      0.00000      0.00000       1.0110000
      -1.8044778      0.99293661    0.0040229630      0.00000      0.00000       1.0100000
      -1.7832113      0.99852034    0.0040736030      0.00000      0.00000       1.0100000
      -1.7619204      0.98897767    0.0040670049      0.00000      0.00000       1.0089999
      -1.7406241      0.99841909    0.0040139870      0.00000      0.00000       1.0089999
      -1.7193345       1.0045263    0.0041645467      0.00000      0.00000       1.0080000
      -1.6980541      0.99866932    0.0041625386      0.00000      0.00000       1.0080000
      -1.6767681      0.99604725    0.0040529646      0.00000      0.00000       1.0070000
      -1.6554749      0.98904752    0.0040721245      0.00000      0.00000       1.0070000
      -1.6341845      0.99136554    0.0039644531      0.00000      0.00000       1.0070000
      -1.6128945      0.99597740    0.0040158039      0.00000      0.00000       1.0060000
      -1.5916034       1.0191051    0.0039799393      0.00000      0.00000       1.0060000
      -1.5703135      0.98621618    0.0039041072      0.00000      0.00000       1.0060000
      -1.5490272      0.98676118    0.0039381714      0.00000      0.00000       1.0060000
      -1.5277421      0.98449548    0.0039319260      0.00000      0.00000       1.0050000
      -1.5064534      0.98577365    0.0039832046      0.00000      0.00000       1.0050000
      -1.4851331      0.99566322    0.0039520168      0.00000      0.00000       1.0050000
      -1.4637620      0.98427468    0.0039197868      0.00000      0.00000       1.0050000
      -1.4424256      0.98793285    0.0039557913      0.00000      0.00000       1.0050000
      -1.4210700      0.98959871    0.0039383852      0.00000      0.00000       1.0050000
      -1.3997464      0.98960780    0.0039293927      0.00000      0.00000       1.0050000
      -1.3784496      0.98271149    0.0038046247      0.00000      0.00000       1.0050000
      -1.3571502      0.98434575    0.0038266559      0.00000      0.00000       1.0050000
      -1.3358176      0.99400590    0.0038582008      0.00000      0.00000       1.0050000
      -1.3144943      0.98115035    0.0038025335      0.00000      0.00000       1.0050000
      -1.2931982      0.99124234    0.0038343146      0.00000      0.00000       1.0050000
      -1.2718925      0.99662853    0.0038763785      0.00000      0.00000       1.0050000
      -1.2505543      0.97594418    0.0038284798      0.00000      0.00000       1.0050000
      -1.2292571      0.97634123    0.0037682968      0.00000      0.00000       1.0060000
      -1.2079121      0.98432128    0.0038488984      0.00000      0.00000       1.0060000
      -1.1864119      0.97814360    0.0037709894      0.00000      0.00000       1.0060000
      -1.1648556      0.98576578    0.0037915644      0.00000      0.00000       1.0060000
      -1.1432757      0.98871103    0.0038040633      0.00000      0.00000       1.0070000
      -1.1217138      0.98621749    0.0038290328      0.00000      0.00000       1.0070000
      -1.1001447      0.98745254    0.0038766854      0.00000      0.00000       1.0070000
      -1.0786917      0.98039993    0.0039291635      0.00000      0.00000       1.0080000
      -1.0572883      0.97233691    0.0039157607      0.00000      0.00000       1.0080000
      -1.0359918      0.97742055    0.0038672878      0.00000      0.00000       1.0089999
      -1.0146990      0.98382971    0.0038701129      0.00000      0.00000       1.0089999
     -0.99341132      0.98919237    0.0039353048      0.00000      0.00000       1.0100000
     -0.97212387      0.98178302    0.0038198147      0.00000      0.00000       1.0100000
     -0.95083896      0.98735006    0.0038650669      0.00000      0.00000       1.0110000
     -0.92955304      0.97683223    0.0038140629      0.00000      0.00000       1.0110000
     -0.90826621      0.98603832    0.0038176762      0.00000      0.00000       1.0120000
     -0.88698229      0.97120800    0.0037999992      0.00000      0.00000       1.0130000
     -0.86567354      0.96771474    0.0037802492      0.00000      0.00000       1.0130000
     -0.84438941      0.98285428    0.0038382915      0.00000      0.00000       1.0140001
     -0.82310593      0.98014454    0.0038264973      0.00000      0.00000       1.0150000
     -0.80182615      0.99977920    0.0038606322      0.00000      0.00000       1.0160000
     -0.78054763      0.98046790    0.0038613222      0.00000      0.00000       1.0160000
     -0.75925862      0.98177102    0.0038999914      0.00000      0.00000       1.0170000
     -0.73797115      0.98629859    0.0038600700      0.00000      0.00000       1.0180000
     -0.71670296       1.0395525    0.0042057312      0.00000      0.00000       1.0190001
     -0.69542237      0.96785472    0.0038199538      0.00000      0.00000       1.0200000
     -0.67411321      0.98478696    0.0039115820      0.00000      0.00000       1.0210000
     -0.65283032      0.97296461    0.0039225368      0.00000      0.00000       1.0220000
     -0.63155042      0.98377440    0.0039610031      0.00000      0.00000       1.0230000
     -0.61026839      0.97809766    0.0040188121      0.00000      0.00000       1.0240000
     -0.58898444      0.98617915    0.0039768838      0.00000      0.00000       1.0250000
     -0.56766572      0.98934566    0.0040324474      0.00000      0.00000       1.0260000
     -0.54637922      0.98636459    0.0039729823      0.00000      0.00000       1.0270000
     -0.52509350      0.97545496    0.0039534367      0.00000      0.00000       1.0290000
     -0.48252201      0.98672499    0.0039909296      0.00000      0.00000       1.0310000
     -0.46121979      0.96479349    0.0039201548      0.00000      0.00000       1.0319999
     -0.43993957      0.97649443    0.0038905792      0.00000      0.00000       1.0340000
     -0.41866070      0.97532464    0.0038634482      0.00000      0.00000       1.0350000
     -0.39737700      0.97070725    0.0038982712      0.00000      0.00000       1.0360000
     -0.37609053      0.98692526    0.0039243735      0.00000      0.00000       1.0380000
     -0.35480246      0.98149838    0.0038840097      0.00000      0.00000       1.0390000
     -0.33352101      0.98457882    0.0038601070      0.00000      0.00000       1.0410000
     -0.31223339      0.98405285    0.0039096754      0.00000      0.00000       1.0420001
     -0.29094817      0.98919078    0.0040101291      0.00000      0.00000       1.0440000
     -0.26966213      0.99390614    0.0040350294      0.00000      0.00000       1.0450000
     -0.24837996      0.96590966    0.0038700452      0.00000      0.00000       1.0470001
     -0.22709475      0.98074027    0.0039153311      0.00000      0.00000       1.0490000
     -0.20581328      0.97496396    0.0039071667      0.00000      0.00000       1.0500000
     -0.18454986      0.99114578    0.0039818258      0.00000      0.00000       1.0520000
     -0.16326788      0.97363881    0.0039118281      0.00000      0.00000       1.0540000
     -0.14198078      0.97724335    0.0039324782      0.00000      0.00000       1.0560000
     -0.12069470      0.99259281    0.0039558378      0.00000      0.00000       1.0570000
    -0.099403773      0.98137687    0.0039158127      0.00000      0.00000       1.0590000
    -0.078121606      0.97066703    0.0038923617      0.00000      0.00000       1.0610000
    -0.056835741      0.99051227    0.0039576345      0.00000      0.00000       1.0630000
    -0.035551451      0.98219226    0.0039155139      0.00000      0.00000       1.0650001
    -0.014262501      0.98566574    0.0039327775      0.00000      0.00000       1.0670000
    0.0070317909      0.97793818    0.0039150319      0.00000      0.00000       1.0690000
     0.028319634      0.98963330    0.0040333311      0.00000      0.00000       1.0710000
     0.049611636      0.99378248    0.0040245997      0.00000      0.00000       1.0730000
     0.070890438      0.98244475    0.0039912644      0.00000      0.00000       1.0760000
     0.092175856      0.99226447    0.0040019178      0.00000      0.00000       1.0779999
      0.11345667      0.99596474    0.0040644464      0.00000      0.00000       1.0800000
      0.13474718      0.99771751    0.0040060020      0.00000      0.00000       1.0820000
      0.15603294      0.99231848    0.0039587186      0.00000      0.00000       1.0850000
      0.17732018       1.0009457    0.0039800506      0.00000      0.00000       1.0870000
      0.19860030      0.98485662    0.0039791057      0.00000      0.00000       1.0890000
      0.21991114      0.98146762    0.0039555378      0.00000      0.00000       1.0920000
      0.24119604      0.98726334    0.0039563717      0.00000      0.00000       1.0940000
      0.26248111      0.98878763    0.0039902081      0.00000      0.00000       1.0970000
      0.28376437      0.99587080    0.0040236516      0.00000      0.00000       1.1000000
      0.30505269      0.98649013    0.0040458516      0.00000      0.00000       1.1020000
      0.32633759      0.98455360    0.0039864414      0.00000      0.00000       1.1050000
      0.34762360      0.99709234    0.0040509053      0.00000      0.00000       1.1080000
      0.36890593      0.99084379    0.0039996303      0.00000      0.00000       1.1100000
      0.39019101      0.99536152    0.0040504911      0.00000      0.00000       1.1130000
      0.41147520       1.0148724    0.0043830246      0.00000      0.00000       1.1160001
      0.43276212      0.99260931    0.0040806849      0.00000      0.00000       1.1190000
      0.45407556       1.0058865    0.0041507488      0.00000      0.00000       1.1220000
      0.47536588      0.98636225    0.0040689991      0.00000      0.00000       1.1250000
      0.49665185      0.99938618    0.0041092241      0.00000      0.00000       1.1280000
      0.51793963      0.99593605    0.0040704025      0.00000      0.00000       1.1310000
      0.53922379      0.99273672    0.0040483167      0.00000      0.00000       1.1339999
      0.56051090      0.99039845    0.0040210161      0.00000      0.00000       1.1370000
      0.58182743      0.99660856    0.0040533616      0.00000      0.00000       1.1400000
      0.60311656      0.98615674    0.0042458760      0.00000      0.00000       1.1440001
      0.62439974      0.99946062    0.0041280302      0.00000      0.00000       1.1470000
      0.64568509       1.0115855    0.0042085055      0.00000      0.00000       1.1500000
      0.66694215      0.98845442    0.0041378761      0.00000      0.00000       1.1540000
      0.68823010      0.99866388    0.0041470345      0.00000      0.00000       1.1569999
      0.70951850       1.0029398    0.0041654967      0.00000      0.00000       1.1610000
      0.73080416      0.97775104    0.0040681414      0.00000      0.00000       1.1650000
      0.75209593      0.99910894    0.0041087923      0.00000      0.00000       1.1680000
      0.77338417      0.99377873    0.0041430414      0.00000      0.00000       1.1720001
      0.79466857      0.98887791    0.0040908629      0.00000      0.00000       1.1760000
      0.81595929      0.98571552    0.0041308458      0.00000      0.00000       1.1799999
      0.83724816      0.98962646    0.0041735876      0.00000      0.00000       1.1830000
      0.85853855       1.0059649    0.0042271633      0.00000      0.00000       1.1870000
      0.87982589      0.99869389    0.0042706554      0.00000      0.00000       1.1910000
      0.90109129      0.99366434    0.0042360382      0.00000      0.00000       1.1950001
      0.92238396       1.0023967    0.0045224526      0.00000      0.00000       1.2000000
      0.94367310      0.99947187    0.0042901483      0.00000      0.00000       1.2040000
      0.96495920      0.99203852    0.0041403646      0.00000      0.00000       1.2079999
      0.98624663      0.99712094    0.0042029662      0.00000      0.00000       1.2120000
       1.0075327      0.99063706    0.0042353230      0.00000      0.00000       1.2170000
       1.0288198      0.99639302    0.0042310765      0.00000      0.00000       1.2210000
       1.0501104      0.99236920    0.0042456570      0.00000      0.00000       1.2260000
       1.0713952      0.99402409    0.0042553091      0.00000      0.00000       1.2300000
       1.0926827      0.99123963    0.0042312808      0.00000      0.00000       1.2350000
       1.1139714       1.0159203    0.0043665448      0.00000      0.00000       1.2400000
       1.1352604      0.99529523    0.0042543540      0.00000      0.00000       1.2440000
       1.1565445      0.99820898    0.0042730484      0.00000      0.00000       1.2490000
       1.1778304      0.99278923    0.0043280477      0.00000      0.00000       1.2539999
       1.1991148      0.99527395    0.0043540368      0.00000      0.00000       1.2589999
       1.2204035       1.0027847    0.0043439455      0.00000      0.00000       1.2640001
       1.2416932      0.99599043    0.0044399191      0.00000      0.00000       1.2700000
       1.2629996       1.0027392    0.0047381397      0.00000      0.00000       1.2750000
       1.2842866       1.0106617    0.0047973785      0.00000      0.00000       1.2800000
       1.3055758      0.99675201    0.0048983559      0.00000      0.00000       1.2850000
       1.3268633      0.99357678    0.0045729358      0.00000      0.00000       1.2910000
       1.3481439      0.98608605    0.0043810857      0.00000      0.00000       1.2970001
       1.3694396       1.0087929    0.0044452031      0.00000      0.00000       1.3020000
       1.3907259       1.0022937    0.0048514234      0.00000      0.00000       1.3080000
       1.4120099       1.0045594    0.0047510777      0.00000      0.00000       1.3140000
       1.4332928       1.0007313    0.0048890942      0.00000      0.00000       1.3200001
       1.4545817       1.0032723    0.0048422309      0.00000      0.00000       1.3260000
       1.4758677      0.99328032    0.0047186982      0.00000      0.00000       1.3320000
       1.4971568      0.99462816    0.0046228594      0.00000      0.00000       1.3380001
       1.5184443       1.0069657    0.0046079694      0.00000      0.00000       1.3440000
       1.5397365       1.0092498    0.0079114001      0.00000      0.00000       1.3510000
       1.5610209      0.98988354    0.0044739412      0.00000      0.00000       1.3570000
       1.5823297      0.99375144    0.0045916101      0.00000      0.00000       1.3640000
       1.6036168       1.0049901    0.0045917958      0.00000      0.00000       1.3700000
       1.6248999       1.0043344    0.0045653884      0.00000      0.00000       1.3770000
       1.6461870      0.99774236    0.0045850270      0.00000      0.00000       1.3839999
       1.6674712      0.99679758    0.0045553569      0.00000      0.00000       1.3910000
       1.6887611      0.99828633    0.0046592865      0.00000      0.00000       1.3980000
       1.7100477       1.0106832    0.0046875441      0.00000      0.00000       1.4050000
       1.7313302       1.0200723    0.0047675806      0.00000      0.00000       1.4130000
       1.7526195       1.0049746    0.0047310106      0.00000      0.00000       1.4200000
       1.7739096       1.0024896    0.0047433106      0.00000      0.00000       1.4280000
       1.7951940       1.0089764    0.0047873554      0.00000      0.00000       1.4349999
       1.8164771       1.0035175    0.0048255072      0.00000      0.00000       1.4430000
       1.8377657       1.0023115    0.0047670463      0.00000      0.00000       1.4510000
       1.8590505       1.0162056    0.0047760589      0.00000      0.00000       1.4590000
       1.8803402       1.0019258    0.0047445994      0.00000      0.00000       1.4670000
       1.9016242       1.0153885    0.0048663306      0.00000      0.00000       1.4760000
       1.9229171       1.0007452    0.0048302261      0.00000      0.00000       1.4840000
       1.9442026       1.0076707    0.0048233152      0.00000      0.00000       1.4930000
       1.9654895       1.0049648    0.0048737845      0.00000      0.00000       1.5020000
       1.9867744       1.0165476    0.0049526912      0.00000      0.00000       1.5110000
       2.0080604       1.0027816    0.0048414193      0.00000      0.00000       1.5200000
       2.0293426       1.0063652    0.0048823054      0.00000      0.00000       1.5290000
       2.0506265       1.0092629    0.0048713978      0.00000      0.00000       1.5380000
       2.0719079       1.0003458    0.0049744038      0.00000      0.00000       1.5480000
       2.0931978       1.0094853    0.0050719034      0.00000      0.00000       1.5570000
       2.1144856       1.0176281    0.0052314579      0.00000      0.00000       1.5670000
       2.1357764       1.0145712    0.0052062521      0.00000      0.00000       1.5770000
       2.1570659       1.0071897    0.0051766758      0.00000      0.00000       1.5870000
       2.1783537       1.0141267    0.0052188268      0.00000      0.00000       1.5970000
       2.1996406      0.99961729    0.0051676679      0.00000      0.00000       1.6080000
       2.2209243       1.0063163    0.0052054794      0.00000      0.00000       1.6190000
       2.2422080       1.0131266    0.0053401841      0.00000      0.00000       1.6300000
       2.2634933       1.0145993    0.0053935558      0.00000      0.00000       1.6410000
       2.2847803       1.0141306    0.0052813335      0.00000      0.00000       1.6520000
       2.3060650       1.0180369    0.0053544529      0.00000      0.00000       1.6630000
       2.3273491      0.99338495    0.0053832683      0.00000      0.00000       1.6750000
       2.3486363       1.0153346    0.0053863479      0.00000      0.00000       1.6870000
       2.3699216       1.0148750    0.0054718424      0.00000      0.00000       1.6990000
       2.3912100       1.0172281    0.0055895362      0.00000      0.00000       1.7110000
       2.4124989      0.99707425    0.0054787430      0.00000      0.00000       1.7240000
       2.4337846       1.0070532    0.0055515724      0.00000      0.00000       1.7370000
       2.4550720       1.0291693    0.0056957149      0.00000      0.00000       1.7500000
       2.4763804       1.0110756    0.0056899720      0.00000      0.00000       1.7630000
       2.5189524       1.0385953    0.0063030795      0.00000      0.00000       1.7900000
       2.5402373       1.0367236    0.0061989349      0.00000      0.00000       1.8040000
       2.5615239       1.0290302    0.0061178319      0.00000      0.00000       1.8180000
       2.5828096       1.0243542    0.0060984662      0.00000      0.00000       1.8329999
       2.6040757       1.0225591    0.0062190390      0.00000      0.00000       1.8480000
       2.6253590       1.0381826    0.0061837398      0.00000      0.00000       1.8630000
       2.6466481       1.0458643    0.0064066338      0.00000      0.00000       1.8780000
       2.6679351       1.0405541    0.0064119713      0.00000      0.00000       1.8940001
       2.6893067       1.0249890    0.0064053285      0.00000      0.00000       1.9100000
       2.7106012       1.0421667    0.0064935793      0.00000      0.00000       1.9270000
       2.7318859       1.0076185    0.0065668210      0.00000      0.00000       1.9430000
       2.7531718       1.0375447    0.0068153528      0.00000      0.00000       1.9600000
       2.7744564       1.0287336    0.0067554581      0.00000      0.00000       1.9780000
       2.7957372       1.0253264    0.0066837231      0.00000      0.00000       1.9960001
       2.8170511       1.0265915    0.0067546524      0.00000      0.00000       2.0139999
       2.8383384       1.0428553    0.0069229606      0.00000      0.00000       2.0320001
       2.8596192       1.0236050    0.0068443059      0.00000      0.00000       2.0510001
       2.8809043       1.0355527    0.0069621652      0.00000      0.00000       2.0699999
       2.9021905       1.0348867    0.0068103420      0.00000      0.00000       2.0899999
       2.9234769       1.0245932    0.0068234517      0.00000      0.00000       2.1099999
       2.9447625       1.0368549    0.0067266238      0.00000      0.00000       2.1310000
       2.9660517       1.0382827    0.0068478041      0.00000      0.00000       2.1520000
