#JD -  2457565 (hr) Flux  Fl_err  Model_fl   Residual for 2.35um (%) Airmass
      -4.5079613       1.0016921    0.0027894749      0.00000      0.00000       1.4160000
      -4.4866787       1.0060704    0.0027663300      0.00000      0.00000       1.4080000
      -4.4653956       1.0058684    0.0027601977      0.00000      0.00000       1.4010000
      -4.4441073       1.0102140    0.0028096163      0.00000      0.00000       1.3940001
      -4.4228128       1.0019295    0.0027932690      0.00000      0.00000       1.3870000
      -4.4015156       1.0029400    0.0027326247      0.00000      0.00000       1.3800000
      -4.3802279      0.99740868    0.0027040589      0.00000      0.00000       1.3730000
      -4.3589434       1.0140873    0.0028144217      0.00000      0.00000       1.3660001
      -4.3376587       1.0062529    0.0028061235      0.00000      0.00000       1.3600000
      -4.3163706       1.0058789    0.0028226873      0.00000      0.00000       1.3530000
      -4.2950823       1.0156621    0.0029481578      0.00000      0.00000       1.3470000
      -4.2737971       1.0020689    0.0029594067      0.00000      0.00000       1.3410000
      -4.2525150      0.99698010    0.0029297338      0.00000      0.00000       1.3340000
      -4.2312308       1.0050505    0.0027592197      0.00000      0.00000       1.3279999
      -4.1886509       1.0054120    0.0027207734      0.00000      0.00000       1.3160000
      -4.1673621       1.0016838    0.0027076240      0.00000      0.00000       1.3099999
      -4.1460789      0.99685584    0.0026402920      0.00000      0.00000       1.3049999
      -4.1247933      0.99682234    0.0026410878      0.00000      0.00000       1.2990000
      -4.1035074      0.99920496    0.0026391386      0.00000      0.00000       1.2930000
      -4.0822223       1.0065807    0.0026760259      0.00000      0.00000       1.2880000
      -4.0609334       1.0007959    0.0026271651      0.00000      0.00000       1.2819999
      -4.0396478       1.0031674    0.0026722939      0.00000      0.00000       1.2770000
      -4.0183600       1.0045147    0.0026657923      0.00000      0.00000       1.2720000
      -3.9970688       1.0113230    0.0026671607      0.00000      0.00000       1.2660000
      -3.9757763      0.99051136    0.0026486741      0.00000      0.00000       1.2610000
      -3.9544877       1.0048999    0.0026268495      0.00000      0.00000       1.2560000
      -3.9332025       1.0091300    0.0026263947      0.00000      0.00000       1.2510000
      -3.9119164       1.0003782    0.0025835311      0.00000      0.00000       1.2460001
      -3.8906290       1.0077068    0.0026939716      0.00000      0.00000       1.2420000
      -3.8693396       1.0067389    0.0027134982      0.00000      0.00000       1.2370000
      -3.8480549       1.0134973    0.0028225708      0.00000      0.00000       1.2320000
      -3.8267708       1.0062451    0.0026439799      0.00000      0.00000       1.2280000
      -3.8054845       1.0021123    0.0026765345      0.00000      0.00000       1.2230000
      -3.7841999       1.0052807    0.0026825258      0.00000      0.00000       1.2190000
      -3.7629137       1.0078324    0.0026515708      0.00000      0.00000       1.2140000
      -3.7416330       1.0042311    0.0026919930      0.00000      0.00000       1.2100000
      -3.7203483       1.0072855    0.0026944291      0.00000      0.00000       1.2060000
      -3.6990596       1.0052692    0.0026755608      0.00000      0.00000       1.2010000
      -3.6777688      0.99775496    0.0026682433      0.00000      0.00000       1.1970000
      -3.6351994       1.0031018    0.0026321073      0.00000      0.00000       1.1890000
      -3.6139144      0.99767248    0.0025874001      0.00000      0.00000       1.1849999
      -3.5926299       1.0029003    0.0027388717      0.00000      0.00000       1.1810000
      -3.5713435       1.0188284    0.0026950943      0.00000      0.00000       1.1770000
      -3.5500550       1.0020464    0.0027045099      0.00000      0.00000       1.1730000
      -3.5287660       1.0038045    0.0026967903      0.00000      0.00000       1.1700000
      -3.5074870       1.0060426    0.0027213150      0.00000      0.00000       1.1660000
      -3.4862004       1.0032162    0.0026572295      0.00000      0.00000       1.1619999
      -3.4649138       1.0067584    0.0025986694      0.00000      0.00000       1.1590000
      -3.4436293       1.0066381    0.0026841776      0.00000      0.00000       1.1550000
      -3.4223535       1.0029505    0.0027009884      0.00000      0.00000       1.1520000
      -3.4010635      0.99769221    0.0026063036      0.00000      0.00000       1.1480000
      -3.3797848       1.0064879    0.0026395863      0.00000      0.00000       1.1450000
      -3.3584981       1.0000127    0.0025697681      0.00000      0.00000       1.1420000
      -3.3372108       1.0031728    0.0025025296      0.00000      0.00000       1.1390001
      -3.3159238       1.0012468    0.0024989805      0.00000      0.00000       1.1350000
      -3.2946643      0.99965541    0.0025795391      0.00000      0.00000       1.1320000
      -3.2733795       1.0092242    0.0026010890      0.00000      0.00000       1.1289999
      -3.2520884       1.0054975    0.0025808473      0.00000      0.00000       1.1260000
      -3.2307875       1.0000000    0.0026070391      0.00000      0.00000       1.1230000
      -3.2095167       1.0042810    0.0026140290      0.00000      0.00000       1.1200000
      -3.1882283       1.0071244    0.0026565563      0.00000      0.00000       1.1170000
      -3.1669402       1.0022906    0.0026587653      0.00000      0.00000       1.1140000
      -3.1456558       1.0026702    0.0026001248      0.00000      0.00000       1.1109999
      -3.1243688       1.0006268    0.0025534588      0.00000      0.00000       1.1090000
      -3.1030767       1.0063260    0.0026051247      0.00000      0.00000       1.1059999
      -3.0817351       1.0073763    0.0026045790      0.00000      0.00000       1.1030000
      -3.0604299       1.0006850    0.0025577279      0.00000      0.00000       1.1010000
      -3.0391400       1.0037375    0.0025841815      0.00000      0.00000       1.0980000
      -3.0178195       1.0064658    0.0026219576      0.00000      0.00000       1.0950000
      -2.9965365       1.0018315    0.0025786452      0.00000      0.00000       1.0930001
      -2.9752419       1.0115877    0.0026033610      0.00000      0.00000       1.0900000
      -2.9539556       1.0021836    0.0025960375      0.00000      0.00000       1.0880001
      -2.9326723       1.0105148    0.0026148207      0.00000      0.00000       1.0860000
      -2.9113919       1.0033401    0.0025626524      0.00000      0.00000       1.0829999
      -2.8901050      0.99976518    0.0025663989      0.00000      0.00000       1.0810000
      -2.8688100      0.99635313    0.0026127787      0.00000      0.00000       1.0790000
      -2.8475259      0.99857924    0.0025686413      0.00000      0.00000       1.0760000
      -2.8262412      0.99841410    0.0025789650      0.00000      0.00000       1.0740000
      -2.8049542       1.0007635    0.0025975260      0.00000      0.00000       1.0720000
      -2.7836670       1.0052754    0.0025688491      0.00000      0.00000       1.0700001
      -2.7623799      0.99825474    0.0026000134      0.00000      0.00000       1.0680000
      -2.7410997      0.99468964    0.0025686081      0.00000      0.00000       1.0660000
      -2.7198104      0.99363916    0.0026231481      0.00000      0.00000       1.0640000
      -2.6985222      0.98632027    0.0026233517      0.00000      0.00000       1.0620000
      -2.6772096       1.0069676    0.0026265056      0.00000      0.00000       1.0599999
      -2.6559244       1.0125628    0.0026086086      0.00000      0.00000       1.0580000
      -2.6346418       1.0075183    0.0026074553      0.00000      0.00000       1.0560000
      -2.6133788      0.99664057    0.0026698039      0.00000      0.00000       1.0549999
      -2.5920948       1.0034184    0.0026799217      0.00000      0.00000       1.0530000
      -2.5708120       1.0057779    0.0026124196      0.00000      0.00000       1.0510000
      -2.5494897      0.99932193    0.0025838326      0.00000      0.00000       1.0490000
      -2.5282015      0.99873318    0.0026115096      0.00000      0.00000       1.0480000
      -2.5069191      0.99093550    0.0025884816      0.00000      0.00000       1.0460000
      -2.4856354       1.0021129    0.0025626401      0.00000      0.00000       1.0440000
      -2.4643516      0.99339740    0.0025403567      0.00000      0.00000       1.0430000
      -2.4430683       1.0013548    0.0025504535      0.00000      0.00000       1.0410000
      -2.4217818      0.99792330    0.0026132181      0.00000      0.00000       1.0400000
      -2.4004989       1.0029172    0.0025670390      0.00000      0.00000       1.0380000
      -2.3792167      0.99875185    0.0025625359      0.00000      0.00000       1.0369999
      -2.3579327       1.0081403    0.0026488308      0.00000      0.00000       1.0360000
      -2.3366460      0.99701947    0.0025554736      0.00000      0.00000       1.0340000
      -2.3153603       1.0023262    0.0025466629      0.00000      0.00000       1.0330000
      -2.2940740       1.0015458    0.0025544441      0.00000      0.00000       1.0319999
      -2.2727892       1.0056702    0.0026048808      0.00000      0.00000       1.0300000
      -2.2515030      0.99013130    0.0025470542      0.00000      0.00000       1.0290000
      -2.2302154       1.0113948    0.0026132712      0.00000      0.00000       1.0280000
      -2.2089278      0.99742584    0.0025525389      0.00000      0.00000       1.0270000
      -2.1876383       1.0026238    0.0025767506      0.00000      0.00000       1.0260000
      -2.1663489       1.0006434    0.0026224947      0.00000      0.00000       1.0240000
      -2.1450635       1.0028878    0.0026226283      0.00000      0.00000       1.0230000
      -2.1237799       1.0061036    0.0026041658      0.00000      0.00000       1.0220000
      -2.1024884      0.99963034    0.0025640111      0.00000      0.00000       1.0210000
      -2.0811985       1.0070123    0.0025936581      0.00000      0.00000       1.0200000
      -2.0599118      0.99451179    0.0025661502      0.00000      0.00000       1.0190001
      -2.0386263       1.0020922    0.0025857524      0.00000      0.00000       1.0180000
      -2.0173329      0.99773319    0.0025970288      0.00000      0.00000       1.0180000
      -1.9960691      0.99817021    0.0025917562      0.00000      0.00000       1.0170000
      -1.9747869      0.99830007    0.0025745925      0.00000      0.00000       1.0160000
      -1.9534993       1.0034539    0.0026323167      0.00000      0.00000       1.0150000
      -1.9322144       1.0064046    0.0025912022      0.00000      0.00000       1.0140001
      -1.9109266      0.99674305    0.0026182541      0.00000      0.00000       1.0140001
      -1.8896425      0.99731971    0.0026441660      0.00000      0.00000       1.0130000
      -1.8683515       1.0021607    0.0026104883      0.00000      0.00000       1.0120000
      -1.8470625       1.0054388    0.0026007611      0.00000      0.00000       1.0120000
      -1.8257635      0.99969612    0.0026439957      0.00000      0.00000       1.0110000
      -1.8044778      0.99087079    0.0025576879      0.00000      0.00000       1.0100000
      -1.7832113       1.0040700    0.0026439682      0.00000      0.00000       1.0100000
      -1.7619204      0.99896756    0.0026345474      0.00000      0.00000       1.0089999
      -1.7406241      0.99500419    0.0025793618      0.00000      0.00000       1.0089999
      -1.7193345       1.0014152    0.0027183439      0.00000      0.00000       1.0080000
      -1.6980541       1.0025279    0.0027314890      0.00000      0.00000       1.0080000
      -1.6767681       1.0017707    0.0026179842      0.00000      0.00000       1.0070000
      -1.6554749      0.99902133    0.0025665073      0.00000      0.00000       1.0070000
      -1.6341845       1.0020628    0.0025553189      0.00000      0.00000       1.0070000
      -1.6128945       1.0040943    0.0025812870      0.00000      0.00000       1.0060000
      -1.5916034       1.0057427    0.0025876215      0.00000      0.00000       1.0060000
      -1.5703135       1.0028247    0.0025827837      0.00000      0.00000       1.0060000
      -1.5490272      0.99330719    0.0026166621      0.00000      0.00000       1.0060000
      -1.5277421      0.99659240    0.0026022516      0.00000      0.00000       1.0050000
      -1.5064534       1.0018265    0.0026018794      0.00000      0.00000       1.0050000
      -1.4851331      0.99501974    0.0025909217      0.00000      0.00000       1.0050000
      -1.4637620       1.0124214    0.0026671350      0.00000      0.00000       1.0050000
      -1.4424256       1.0044733    0.0026543032      0.00000      0.00000       1.0050000
      -1.4210700       1.0001806    0.0026182097      0.00000      0.00000       1.0050000
      -1.3997464      0.99408321    0.0025496710      0.00000      0.00000       1.0050000
      -1.3784496      0.98271216    0.0024851260      0.00000      0.00000       1.0050000
      -1.3571502      0.99635047    0.0025223524      0.00000      0.00000       1.0050000
      -1.3358176      0.99742326    0.0025697091      0.00000      0.00000       1.0050000
      -1.3144943      0.99974429    0.0025490142      0.00000      0.00000       1.0050000
      -1.2931982      0.99720497    0.0025501673      0.00000      0.00000       1.0050000
      -1.2718925       1.0026676    0.0025635631      0.00000      0.00000       1.0050000
      -1.2292571      0.99302526    0.0026090476      0.00000      0.00000       1.0060000
      -1.2079121       1.0002826    0.0026955951      0.00000      0.00000       1.0060000
      -1.1864119       1.0038973    0.0025780154      0.00000      0.00000       1.0060000
      -1.1648556      0.99819768    0.0025782114      0.00000      0.00000       1.0060000
      -1.1432757      0.99755009    0.0025579471      0.00000      0.00000       1.0070000
      -1.1217138       1.0024005    0.0026034886      0.00000      0.00000       1.0070000
      -1.1001447      0.99244682    0.0025986726      0.00000      0.00000       1.0070000
      -1.0786917       1.0019201    0.0027635215      0.00000      0.00000       1.0080000
      -1.0572883       1.0074349    0.0026923973      0.00000      0.00000       1.0080000
      -1.0359918       1.0013372    0.0026308844      0.00000      0.00000       1.0089999
      -1.0146990      0.99796987    0.0026098196      0.00000      0.00000       1.0089999
     -0.99341132      0.99448433    0.0026181834      0.00000      0.00000       1.0100000
     -0.97212387      0.99941774    0.0025797463      0.00000      0.00000       1.0100000
     -0.95083896       1.0045542    0.0025849125      0.00000      0.00000       1.0110000
     -0.92955304       1.0055135    0.0025779012      0.00000      0.00000       1.0110000
     -0.90826621      0.99966252    0.0025820182      0.00000      0.00000       1.0120000
     -0.88698229       1.0047461    0.0026138186      0.00000      0.00000       1.0130000
     -0.86567354      0.99201780    0.0025689852      0.00000      0.00000       1.0130000
     -0.84438941      0.99823563    0.0025951079      0.00000      0.00000       1.0140001
     -0.82310593       1.0101018    0.0025969816      0.00000      0.00000       1.0150000
     -0.80182615      0.99897183    0.0025486014      0.00000      0.00000       1.0160000
     -0.78054763      0.98378415    0.0025221778      0.00000      0.00000       1.0160000
     -0.75925862       1.0009723    0.0025649046      0.00000      0.00000       1.0170000
     -0.73797115       1.0019618    0.0025534947      0.00000      0.00000       1.0180000
     -0.71670296      0.99629661    0.0025654393      0.00000      0.00000       1.0190001
     -0.69542237      0.99701254    0.0025648861      0.00000      0.00000       1.0200000
     -0.67411321       1.0035428    0.0025854975      0.00000      0.00000       1.0210000
     -0.65283032       1.0069409    0.0025913939      0.00000      0.00000       1.0220000
     -0.63155042      0.99725678    0.0025785319      0.00000      0.00000       1.0230000
     -0.61026839       1.0016908    0.0026128272      0.00000      0.00000       1.0240000
     -0.58898444       1.0006007    0.0025928887      0.00000      0.00000       1.0250000
     -0.56766572      0.99728523    0.0025776899      0.00000      0.00000       1.0260000
     -0.54637922      0.98942372    0.0025592899      0.00000      0.00000       1.0270000
     -0.52509350       1.0113486    0.0026408480      0.00000      0.00000       1.0290000
     -0.50380809      0.99930157    0.0025671426      0.00000      0.00000       1.0300000
     -0.48252201      0.99866252    0.0026067142      0.00000      0.00000       1.0310000
     -0.46121979       1.0112316    0.0026289549      0.00000      0.00000       1.0319999
     -0.43993957      0.99880962    0.0025660014      0.00000      0.00000       1.0340000
     -0.41866070      0.99694588    0.0026071148      0.00000      0.00000       1.0350000
     -0.39737700      0.99020410    0.0026172698      0.00000      0.00000       1.0360000
     -0.37609053       1.0000811    0.0026316779      0.00000      0.00000       1.0380000
     -0.35480246      0.99331554    0.0025564917      0.00000      0.00000       1.0390000
     -0.33352101      0.99761177    0.0025683979      0.00000      0.00000       1.0410000
     -0.31223339      0.99323066    0.0025861055      0.00000      0.00000       1.0420001
     -0.29094817       1.0110553    0.0026942942      0.00000      0.00000       1.0440000
     -0.26966213      0.99342771    0.0026764911      0.00000      0.00000       1.0450000
     -0.24837996      0.99369827    0.0025765268      0.00000      0.00000       1.0470001
     -0.22709475      0.99609431    0.0026178326      0.00000      0.00000       1.0490000
     -0.20581328       1.0033017    0.0025965420      0.00000      0.00000       1.0500000
     -0.18454986       1.0075569    0.0026527910      0.00000      0.00000       1.0520000
     -0.16326788       1.0025238    0.0026299782      0.00000      0.00000       1.0540000
     -0.14198078       1.0027117    0.0026428963      0.00000      0.00000       1.0560000
     -0.12069470      0.99813297    0.0025998336      0.00000      0.00000       1.0570000
    -0.099403773       1.0034683    0.0026079757      0.00000      0.00000       1.0590000
    -0.078121606      0.99360761    0.0025843140      0.00000      0.00000       1.0610000
    -0.056835741      0.99981513    0.0026028808      0.00000      0.00000       1.0630000
    -0.035551451      0.99846094    0.0026328535      0.00000      0.00000       1.0650001
    -0.014262501      0.99472270    0.0025774156      0.00000      0.00000       1.0670000
    0.0070317909      0.99731393    0.0025621282      0.00000      0.00000       1.0690000
     0.028319634      0.99887824    0.0026626212      0.00000      0.00000       1.0710000
     0.049611636      0.99396757    0.0026573620      0.00000      0.00000       1.0730000
     0.070890438      0.99845259    0.0027115539      0.00000      0.00000       1.0760000
     0.092175856      0.99574359    0.0026525810      0.00000      0.00000       1.0779999
      0.11345667      0.99185683    0.0026440363      0.00000      0.00000       1.0800000
      0.13474718      0.99643784    0.0026200248      0.00000      0.00000       1.0820000
      0.15603294       1.0008645    0.0025514144      0.00000      0.00000       1.0850000
      0.17732018      0.98780023    0.0025691621      0.00000      0.00000       1.0870000
      0.19860030       1.0000862    0.0026800323      0.00000      0.00000       1.0890000
      0.21991114      0.99907582    0.0025959744      0.00000      0.00000       1.0920000
      0.24119604      0.99521279    0.0026177463      0.00000      0.00000       1.0940000
      0.26248111      0.99507121    0.0026287960      0.00000      0.00000       1.0970000
      0.28376437       1.0004446    0.0026270345      0.00000      0.00000       1.1000000
      0.30505269       1.0013999    0.0026508674      0.00000      0.00000       1.1020000
      0.32633759      0.99608231    0.0025912232      0.00000      0.00000       1.1050000
      0.34762360      0.99130373    0.0025957667      0.00000      0.00000       1.1080000
      0.39019101      0.98303186    0.0026259642      0.00000      0.00000       1.1130000
      0.41147520      0.99496526    0.0027993030      0.00000      0.00000       1.1160001
      0.43276212      0.99691166    0.0026568407      0.00000      0.00000       1.1190000
      0.45407556      0.99790259    0.0026652010      0.00000      0.00000       1.1220000
      0.47536588      0.98792253    0.0026492336      0.00000      0.00000       1.1250000
      0.49665185      0.99577532    0.0026506520      0.00000      0.00000       1.1280000
      0.51793963       1.0025005    0.0026584485      0.00000      0.00000       1.1310000
      0.53922379      0.99165134    0.0026139522      0.00000      0.00000       1.1339999
      0.56051090       1.0003850    0.0026154965      0.00000      0.00000       1.1370000
      0.58182743       1.0078216    0.0027338992      0.00000      0.00000       1.1400000
      0.60311656       1.0016657    0.0027665082      0.00000      0.00000       1.1440001
      0.62439974      0.99837722    0.0026894726      0.00000      0.00000       1.1470000
      0.64568509      0.98754789    0.0027140042      0.00000      0.00000       1.1500000
      0.66694215      0.99923980    0.0026943362      0.00000      0.00000       1.1540000
      0.68823010      0.99771674    0.0027079639      0.00000      0.00000       1.1569999
      0.70951850      0.98929707    0.0027341412      0.00000      0.00000       1.1610000
      0.73080416      0.99182101    0.0027322648      0.00000      0.00000       1.1650000
      0.75209593       1.0011411    0.0027500474      0.00000      0.00000       1.1680000
      0.77338417      0.99632443    0.0027666280      0.00000      0.00000       1.1720001
      0.79466857      0.99381994    0.0026680572      0.00000      0.00000       1.1760000
      0.81595929      0.99375355    0.0026780408      0.00000      0.00000       1.1799999
      0.83724816       1.0052766    0.0027870737      0.00000      0.00000       1.1830000
      0.85853855      0.99992907    0.0027623385      0.00000      0.00000       1.1870000
      0.87982589      0.99428115    0.0028043860      0.00000      0.00000       1.1910000
      0.90109129      0.99681869    0.0027978264      0.00000      0.00000       1.1950001
      0.92238396      0.99656769    0.0029750168      0.00000      0.00000       1.2000000
      0.94367310      0.99956324    0.0027715779      0.00000      0.00000       1.2040000
      0.96495920      0.99747374    0.0027438027      0.00000      0.00000       1.2079999
      0.98624663      0.99780305    0.0027375638      0.00000      0.00000       1.2120000
       1.0075327      0.99324986    0.0027267006      0.00000      0.00000       1.2170000
       1.0288198       1.0010038    0.0027471619      0.00000      0.00000       1.2210000
       1.0501104      0.99868981    0.0027296210      0.00000      0.00000       1.2260000
       1.0713952      0.99988561    0.0027455405      0.00000      0.00000       1.2300000
       1.0926827       1.0018469    0.0027122113      0.00000      0.00000       1.2350000
       1.1139714      0.98291943    0.0027566869      0.00000      0.00000       1.2400000
       1.1352604       1.0038748    0.0027373593      0.00000      0.00000       1.2440000
       1.1565445      0.98948665    0.0026721122      0.00000      0.00000       1.2490000
       1.1778304      0.99773923    0.0027938653      0.00000      0.00000       1.2539999
       1.1991148      0.99631100    0.0027827637      0.00000      0.00000       1.2589999
       1.2204035      0.99812115    0.0027994726      0.00000      0.00000       1.2640001
       1.2416932      0.98712980    0.0028133276      0.00000      0.00000       1.2700000
       1.2629996       1.0146641    0.0030632802      0.00000      0.00000       1.2750000
       1.2842866       1.0039355    0.0030834999      0.00000      0.00000       1.2800000
       1.3055758       1.0010599    0.0032217449      0.00000      0.00000       1.2850000
       1.3268633      0.99771888    0.0029930012      0.00000      0.00000       1.2910000
       1.3481439      0.99412925    0.0029153056      0.00000      0.00000       1.2970001
       1.3694396       1.0100921    0.0028964953      0.00000      0.00000       1.3020000
       1.3907259      0.99557516    0.0031581188      0.00000      0.00000       1.3080000
       1.4120099       1.0142010    0.0030754406      0.00000      0.00000       1.3140000
       1.4332928      0.99851854    0.0031165896      0.00000      0.00000       1.3200001
       1.4545817       1.0018467    0.0031765921      0.00000      0.00000       1.3260000
       1.4758677       1.0002418    0.0029820703      0.00000      0.00000       1.3320000
       1.4971568      0.98973134    0.0029059597      0.00000      0.00000       1.3380001
       1.5184443      0.99557418    0.0028769035      0.00000      0.00000       1.3440000
       1.5610209       1.0047375    0.0028119510      0.00000      0.00000       1.3570000
       1.5823297       1.0147799    0.0029894710      0.00000      0.00000       1.3640000
       1.6036168      0.99941659    0.0028323276      0.00000      0.00000       1.3700000
       1.6248999      0.99642477    0.0027771252      0.00000      0.00000       1.3770000
       1.6461870      0.99872154    0.0028473055      0.00000      0.00000       1.3839999
       1.6674712       1.0030691    0.0028412092      0.00000      0.00000       1.3910000
       1.6887611      0.99328826    0.0028408648      0.00000      0.00000       1.3980000
       1.7100477       1.0046207    0.0028654622      0.00000      0.00000       1.4050000
       1.7313302      0.99529981    0.0028321444      0.00000      0.00000       1.4130000
       1.7526195      0.99510863    0.0028424999      0.00000      0.00000       1.4200000
       1.7739096      0.99673665    0.0028147111      0.00000      0.00000       1.4280000
       1.7951940      0.99279968    0.0028777876      0.00000      0.00000       1.4349999
       1.8164771      0.98993888    0.0029179269      0.00000      0.00000       1.4430000
       1.8377657      0.99638264    0.0028615358      0.00000      0.00000       1.4510000
       1.8590505      0.98901647    0.0028219914      0.00000      0.00000       1.4590000
       1.8803402      0.99785193    0.0028381175      0.00000      0.00000       1.4670000
       1.9016242      0.99826638    0.0028319382      0.00000      0.00000       1.4760000
       1.9229171      0.99962679    0.0028607422      0.00000      0.00000       1.4840000
       1.9442026      0.99875976    0.0028224771      0.00000      0.00000       1.4930000
       1.9654895      0.99509272    0.0028139286      0.00000      0.00000       1.5020000
       1.9867744       1.0015932    0.0028876466      0.00000      0.00000       1.5110000
       2.0080604       1.0000792    0.0028228231      0.00000      0.00000       1.5200000
       2.0293426       1.0091839    0.0028683725      0.00000      0.00000       1.5290000
       2.0506265      0.99983326    0.0028450471      0.00000      0.00000       1.5380000
       2.0719079      0.99572146    0.0028163294      0.00000      0.00000       1.5480000
       2.0931978      0.98868521    0.0029327418      0.00000      0.00000       1.5570000
       2.1144856      0.99527297    0.0029579933      0.00000      0.00000       1.5670000
       2.1570659      0.99457285    0.0029915160      0.00000      0.00000       1.5870000
       2.1783537      0.99718035    0.0028413361      0.00000      0.00000       1.5970000
       2.1996406      0.98806038    0.0028419760      0.00000      0.00000       1.6080000
       2.2209243       1.0040138    0.0029330331      0.00000      0.00000       1.6190000
       2.2422080      0.99613582    0.0029202784      0.00000      0.00000       1.6300000
       2.2634933      0.99830478    0.0029010942      0.00000      0.00000       1.6410000
       2.2847803       1.0005934    0.0028797580      0.00000      0.00000       1.6520000
       2.3060650      0.99715093    0.0029297046      0.00000      0.00000       1.6630000
       2.3273491      0.99660422    0.0029154434      0.00000      0.00000       1.6750000
       2.3486363      0.99641739    0.0028693450      0.00000      0.00000       1.6870000
       2.3699216       1.0039764    0.0029962940      0.00000      0.00000       1.6990000
       2.3912100      0.98461945    0.0029406862      0.00000      0.00000       1.7110000
       2.4124989       1.0115613    0.0030361403      0.00000      0.00000       1.7240000
       2.4337846      0.99545793    0.0029474849      0.00000      0.00000       1.7370000
       2.4550720      0.99369667    0.0029957097      0.00000      0.00000       1.7500000
       2.4763804       1.0087500    0.0030623202      0.00000      0.00000       1.7630000
       2.4976665      0.99224978    0.0031848330      0.00000      0.00000       1.7760000
       2.5189524      0.99070903    0.0032441269      0.00000      0.00000       1.7900000
       2.5402373       1.0142364    0.0033571905      0.00000      0.00000       1.8040000
       2.5615239       1.0034528    0.0031054680      0.00000      0.00000       1.8180000
       2.5828096      0.99270031    0.0030429008      0.00000      0.00000       1.8329999
       2.6040757       1.0038492    0.0032057221      0.00000      0.00000       1.8480000
       2.6253590      0.99557383    0.0030991745      0.00000      0.00000       1.8630000
       2.6466481      0.99200064    0.0033295087      0.00000      0.00000       1.8780000
       2.6679351       1.0039431    0.0032117368      0.00000      0.00000       1.8940001
       2.6893067      0.99795850    0.0031174902      0.00000      0.00000       1.9100000
       2.7106012       1.0028205    0.0031676210      0.00000      0.00000       1.9270000
       2.7318859       1.0103394    0.0031680849      0.00000      0.00000       1.9430000
       2.7531718       1.0006242    0.0032376987      0.00000      0.00000       1.9600000
       2.7744564      0.99907413    0.0031965944      0.00000      0.00000       1.9780000
       2.7957372       1.0089768    0.0031646039      0.00000      0.00000       1.9960001
       2.8170511      0.99801245    0.0031455248      0.00000      0.00000       2.0139999
       2.8383384      0.99879149    0.0031260616      0.00000      0.00000       2.0320001
       2.8596192       1.0112888    0.0031669964      0.00000      0.00000       2.0510001
       2.8809043       1.0078217    0.0032968075      0.00000      0.00000       2.0699999
       2.9021905      0.99585193    0.0031591871      0.00000      0.00000       2.0899999
       2.9234769       1.0011959    0.0032374344      0.00000      0.00000       2.1099999
       2.9447625      0.99362218    0.0031492220      0.00000      0.00000       2.1310000
       2.9660517       1.0098949    0.0032067904      0.00000      0.00000       2.1520000
