#JD -  2457565 (hr) Flux  Fl_err  Model_fl   Residual for 1.50um (%) Airmass
      -4.5079613      0.99956897    0.0022465487      0.00000      0.00000       1.4160000
      -4.4866787       1.0045603    0.0022235724      0.00000      0.00000       1.4080000
      -4.4653956      0.98943385    0.0021960791      0.00000      0.00000       1.4010000
      -4.4441073      0.99794109    0.0022290725      0.00000      0.00000       1.3940001
      -4.4228128       1.0058890    0.0022482790      0.00000      0.00000       1.3870000
      -4.4015156      0.99490480    0.0021529187      0.00000      0.00000       1.3800000
      -4.3802279       1.0060507    0.0021953020      0.00000      0.00000       1.3730000
      -4.3589434      0.99084458    0.0021756107      0.00000      0.00000       1.3660001
      -4.3376587       1.0019649    0.0022149635      0.00000      0.00000       1.3600000
      -4.3163706      0.99307510    0.0022092442      0.00000      0.00000       1.3530000
      -4.2950823       1.0043547    0.0022856145      0.00000      0.00000       1.3470000
      -4.2737971      0.99349520    0.0022737441      0.00000      0.00000       1.3410000
      -4.2525150      0.98860207    0.0022831331      0.00000      0.00000       1.3340000
      -4.2312308      0.98317559    0.0021619497      0.00000      0.00000       1.3279999
      -4.2099406      0.99724562    0.0021801713      0.00000      0.00000       1.3220000
      -4.1886509      0.98964842    0.0021349552      0.00000      0.00000       1.3160000
      -4.1673621       1.0023309    0.0021398692      0.00000      0.00000       1.3099999
      -4.1460789       1.0220302    0.0021356292      0.00000      0.00000       1.3049999
      -4.1247933      0.99987136    0.0020753462      0.00000      0.00000       1.2990000
      -4.1035074      0.99539293    0.0020967721      0.00000      0.00000       1.2930000
      -4.0822223       1.0056415    0.0021184769      0.00000      0.00000       1.2880000
      -4.0609334       1.0050857    0.0020652553      0.00000      0.00000       1.2819999
      -4.0396478       1.0108344    0.0021037522      0.00000      0.00000       1.2770000
      -4.0183600       1.0040616    0.0020940968      0.00000      0.00000       1.2720000
      -3.9970688       1.0120265    0.0020968469      0.00000      0.00000       1.2660000
      -3.9757763       1.0012085    0.0021030745      0.00000      0.00000       1.2610000
      -3.9544877       1.0056567    0.0021093105      0.00000      0.00000       1.2560000
      -3.9332025       1.0155579    0.0021128175      0.00000      0.00000       1.2510000
      -3.9119164       1.0049065    0.0020682092      0.00000      0.00000       1.2460001
      -3.8906290       1.0044794    0.0021341465      0.00000      0.00000       1.2420000
      -3.8693396       1.0095698    0.0021746606      0.00000      0.00000       1.2370000
      -3.8480549       1.0012252    0.0022448052      0.00000      0.00000       1.2320000
      -3.8267708       1.0088017    0.0021623410      0.00000      0.00000       1.2280000
      -3.8054845       1.0117413    0.0021969327      0.00000      0.00000       1.2230000
      -3.7841999       1.0030744    0.0021480053      0.00000      0.00000       1.2190000
      -3.7629137       1.0090898    0.0021394449      0.00000      0.00000       1.2140000
      -3.7416330       1.0046796    0.0021613794      0.00000      0.00000       1.2100000
      -3.7203483       1.0101260    0.0021583089      0.00000      0.00000       1.2060000
      -3.6990596       1.0041544    0.0021713734      0.00000      0.00000       1.2010000
      -3.6777688       1.0063932    0.0021420772      0.00000      0.00000       1.1970000
      -3.6564842       1.0248747    0.0031709045      0.00000      0.00000       1.1930000
      -3.6351994       1.0071486    0.0021074403      0.00000      0.00000       1.1890000
      -3.6139144       1.0062656    0.0020855183      0.00000      0.00000       1.1849999
      -3.5926299      0.99651509    0.0020850931      0.00000      0.00000       1.1810000
      -3.5713435       1.0003653    0.0020966293      0.00000      0.00000       1.1770000
      -3.5500550       1.0028658    0.0021762786      0.00000      0.00000       1.1730000
      -3.5287660       1.0074355    0.0021652459      0.00000      0.00000       1.1700000
      -3.5074870       1.0125016    0.0021923861      0.00000      0.00000       1.1660000
      -3.4862004       1.0056825    0.0021724808      0.00000      0.00000       1.1619999
      -3.4649138       1.0075589    0.0020998965      0.00000      0.00000       1.1590000
      -3.4436293       1.0037456    0.0021476473      0.00000      0.00000       1.1550000
      -3.4223535       1.0061246    0.0021993108      0.00000      0.00000       1.1520000
      -3.4010635       1.0036757    0.0021109864      0.00000      0.00000       1.1480000
      -3.3797848      0.99652985    0.0020897070      0.00000      0.00000       1.1450000
      -3.3584981       1.0018646    0.0020941866      0.00000      0.00000       1.1420000
      -3.3372108       1.0084585    0.0020731141      0.00000      0.00000       1.1390001
      -3.3159238       1.0127067    0.0020552900      0.00000      0.00000       1.1350000
      -3.2946643       1.0011024    0.0020774352      0.00000      0.00000       1.1320000
      -3.2733795      0.99133692    0.0020926121      0.00000      0.00000       1.1289999
      -3.2520884      0.99741270    0.0020629984      0.00000      0.00000       1.1260000
      -3.2307875       1.0034043    0.0021351596      0.00000      0.00000       1.1230000
      -3.2095167      0.99551372    0.0021095961      0.00000      0.00000       1.1200000
      -3.1882283       1.0012281    0.0021174363      0.00000      0.00000       1.1170000
      -3.1669402      0.99793638    0.0021341548      0.00000      0.00000       1.1140000
      -3.1456558       1.0070571    0.0021226172      0.00000      0.00000       1.1109999
      -3.1243688       1.0028622    0.0021173455      0.00000      0.00000       1.1090000
      -3.1030767       1.0076140    0.0021310995      0.00000      0.00000       1.1059999
      -3.0817351       1.0054651    0.0021334381      0.00000      0.00000       1.1030000
      -3.0604299      0.99815704    0.0021135931      0.00000      0.00000       1.1010000
      -3.0391400       1.0003634    0.0021375804      0.00000      0.00000       1.0980000
      -3.0178195       1.0042392    0.0021733538      0.00000      0.00000       1.0950000
      -2.9965365       1.0000803    0.0021410408      0.00000      0.00000       1.0930001
      -2.9752419       1.0008273    0.0021500982      0.00000      0.00000       1.0900000
      -2.9539556       1.0084300    0.0021647714      0.00000      0.00000       1.0880001
      -2.9326723       1.0021645    0.0021417798      0.00000      0.00000       1.0860000
      -2.9113919       1.0081238    0.0021578042      0.00000      0.00000       1.0829999
      -2.8901050       1.0035004    0.0021596879      0.00000      0.00000       1.0810000
      -2.8688100       1.0018228    0.0021742457      0.00000      0.00000       1.0790000
      -2.8475259       1.0059598    0.0021706705      0.00000      0.00000       1.0760000
      -2.8262412       1.0125271    0.0022212296      0.00000      0.00000       1.0740000
      -2.8049542       1.0080019    0.0021832663      0.00000      0.00000       1.0720000
      -2.7836670       1.0104368    0.0021461760      0.00000      0.00000       1.0700001
      -2.7623799      0.99710636    0.0021411902      0.00000      0.00000       1.0680000
      -2.7410997       1.0029813    0.0021592565      0.00000      0.00000       1.0660000
      -2.7198104       1.0043637    0.0021728402      0.00000      0.00000       1.0640000
      -2.6985222       1.0046995    0.0022035395      0.00000      0.00000       1.0620000
      -2.6772096       1.0014555    0.0021500369      0.00000      0.00000       1.0599999
      -2.6559244       1.0008141    0.0021712662      0.00000      0.00000       1.0580000
      -2.6346418       1.0021803    0.0021704690      0.00000      0.00000       1.0560000
      -2.6133788      0.98884271    0.0021896405      0.00000      0.00000       1.0549999
      -2.5920948      0.99965289    0.0022082174      0.00000      0.00000       1.0530000
      -2.5708120       1.0077809    0.0021869537      0.00000      0.00000       1.0510000
      -2.5494897       1.0065529    0.0021752566      0.00000      0.00000       1.0490000
      -2.5282015       1.0073453    0.0022416453      0.00000      0.00000       1.0480000
      -2.5069191       1.0019913    0.0022477118      0.00000      0.00000       1.0460000
      -2.4856354       1.0014885    0.0021926140      0.00000      0.00000       1.0440000
      -2.4643516       1.0021916    0.0021698208      0.00000      0.00000       1.0430000
      -2.4430683       1.0070058    0.0021776425      0.00000      0.00000       1.0410000
      -2.4217818       1.0032607    0.0021835173      0.00000      0.00000       1.0400000
      -2.4004989      0.99969604    0.0021560520      0.00000      0.00000       1.0380000
      -2.3792167       1.0004646    0.0021648700      0.00000      0.00000       1.0369999
      -2.3579327       1.0050114    0.0022424970      0.00000      0.00000       1.0360000
      -2.3366460      0.99956621    0.0021737027      0.00000      0.00000       1.0340000
      -2.3153603       1.0052059    0.0021697945      0.00000      0.00000       1.0330000
      -2.2940740      0.99925804    0.0021683871      0.00000      0.00000       1.0319999
      -2.2727892      0.99925428    0.0022064250      0.00000      0.00000       1.0300000
      -2.2515030       1.0010823    0.0021964923      0.00000      0.00000       1.0290000
      -2.2302154       1.0159658    0.0022165250      0.00000      0.00000       1.0280000
      -2.2089278       1.0017783    0.0021953472      0.00000      0.00000       1.0270000
      -2.1876383       1.0061491    0.0022081779      0.00000      0.00000       1.0260000
      -2.1663489       1.0095326    0.0022477186      0.00000      0.00000       1.0240000
      -2.1450635      0.99925541    0.0022377671      0.00000      0.00000       1.0230000
      -2.1237799       1.0043344    0.0022425102      0.00000      0.00000       1.0220000
      -2.1024884       1.0016451    0.0022128796      0.00000      0.00000       1.0210000
      -2.0811985       1.0102631    0.0022376741      0.00000      0.00000       1.0200000
      -2.0599118       1.0070118    0.0022196924      0.00000      0.00000       1.0190001
      -2.0386263       1.0051900    0.0022448496      0.00000      0.00000       1.0180000
      -2.0173329       1.0051811    0.0022382674      0.00000      0.00000       1.0180000
      -1.9960691       1.0033786    0.0022475152      0.00000      0.00000       1.0170000
      -1.9747869       1.0002918    0.0022351721      0.00000      0.00000       1.0160000
      -1.9534993       1.0039615    0.0022846943      0.00000      0.00000       1.0150000
      -1.9322144      0.99534349    0.0021987997      0.00000      0.00000       1.0140001
      -1.9109266       1.0046759    0.0022480202      0.00000      0.00000       1.0140001
      -1.8896425       1.0061794    0.0022551898      0.00000      0.00000       1.0130000
      -1.8683515       1.0026871    0.0021853436      0.00000      0.00000       1.0120000
      -1.8470625      0.99888763    0.0021630239      0.00000      0.00000       1.0120000
      -1.8257635      0.99346624    0.0021889183      0.00000      0.00000       1.0110000
      -1.8044778      0.99735504    0.0021584488      0.00000      0.00000       1.0100000
      -1.7832113      0.99432993    0.0022140021      0.00000      0.00000       1.0100000
      -1.7619204      0.99710033    0.0021829290      0.00000      0.00000       1.0089999
      -1.7406241      0.99874442    0.0021741522      0.00000      0.00000       1.0089999
      -1.7193345       1.0073758    0.0023171106      0.00000      0.00000       1.0080000
      -1.6980541       1.0048470    0.0023069824      0.00000      0.00000       1.0080000
      -1.6767681      0.99882061    0.0022115333      0.00000      0.00000       1.0070000
      -1.6554749       1.0069577    0.0022134648      0.00000      0.00000       1.0070000
      -1.6341845      0.99542477    0.0021359602      0.00000      0.00000       1.0070000
      -1.6128945       1.0011098    0.0021715523      0.00000      0.00000       1.0060000
      -1.5916034       1.0035163    0.0021586301      0.00000      0.00000       1.0060000
      -1.5703135      0.99921031    0.0021543212      0.00000      0.00000       1.0060000
      -1.5490272      0.98752952    0.0021861415      0.00000      0.00000       1.0060000
      -1.5277421      0.99826954    0.0022042250      0.00000      0.00000       1.0050000
      -1.5064534      0.99787319    0.0021870597      0.00000      0.00000       1.0050000
      -1.4851331      0.99129144    0.0021741910      0.00000      0.00000       1.0050000
      -1.4637620      0.99919247    0.0021823622      0.00000      0.00000       1.0050000
      -1.4424256      0.99565247    0.0021986476      0.00000      0.00000       1.0050000
      -1.4210700      0.98943762    0.0021963090      0.00000      0.00000       1.0050000
      -1.3997464      0.99827897    0.0021552328      0.00000      0.00000       1.0050000
      -1.3784496      0.99279935    0.0020806694      0.00000      0.00000       1.0050000
      -1.3571502      0.98874133    0.0021051128      0.00000      0.00000       1.0050000
      -1.3358176       1.0046361    0.0021443380      0.00000      0.00000       1.0050000
      -1.3144943      0.99457025    0.0021040010      0.00000      0.00000       1.0050000
      -1.2931982      0.99586007    0.0021018318      0.00000      0.00000       1.0050000
      -1.2718925       1.0008024    0.0021158304      0.00000      0.00000       1.0050000
      -1.2505543      0.99557477    0.0021246167      0.00000      0.00000       1.0050000
      -1.2292571      0.98826225    0.0021086412      0.00000      0.00000       1.0060000
      -1.2079121      0.98818367    0.0021911117      0.00000      0.00000       1.0060000
      -1.1864119      0.99123616    0.0020629655      0.00000      0.00000       1.0060000
      -1.1648556      0.99885591    0.0021145108      0.00000      0.00000       1.0060000
      -1.1432757      0.99120187    0.0020947753      0.00000      0.00000       1.0070000
      -1.1217138      0.99563124    0.0021147434      0.00000      0.00000       1.0070000
      -1.1001447      0.99319300    0.0021290220      0.00000      0.00000       1.0070000
      -1.0786917      0.99756798    0.0022394994      0.00000      0.00000       1.0080000
      -1.0572883      0.99638224    0.0021860765      0.00000      0.00000       1.0080000
      -1.0359918      0.99159131    0.0021633696      0.00000      0.00000       1.0089999
      -1.0146990      0.98454047    0.0021260825      0.00000      0.00000       1.0089999
     -0.99341132      0.99822262    0.0021656508      0.00000      0.00000       1.0100000
     -0.97212387      0.99078089    0.0020971619      0.00000      0.00000       1.0100000
     -0.95083896      0.99713174    0.0021429200      0.00000      0.00000       1.0110000
     -0.92955304      0.99382459    0.0021257976      0.00000      0.00000       1.0110000
     -0.90826621      0.99460970    0.0021381536      0.00000      0.00000       1.0120000
     -0.88698229      0.98653261    0.0021145071      0.00000      0.00000       1.0130000
     -0.86567354      0.99084998    0.0021259819      0.00000      0.00000       1.0130000
     -0.84438941      0.99140928    0.0021129302      0.00000      0.00000       1.0140001
     -0.82310593      0.99112178    0.0021170418      0.00000      0.00000       1.0150000
     -0.80182615      0.97975224    0.0020779439      0.00000      0.00000       1.0160000
     -0.78054763      0.99141418    0.0021214098      0.00000      0.00000       1.0160000
     -0.75925862      0.99123629    0.0021049064      0.00000      0.00000       1.0170000
     -0.73797115      0.99614066    0.0021140817      0.00000      0.00000       1.0180000
     -0.71670296      0.99699725    0.0021296575      0.00000      0.00000       1.0190001
     -0.69542237      0.98510573    0.0020819507      0.00000      0.00000       1.0200000
     -0.67411321      0.97984169    0.0020762192      0.00000      0.00000       1.0210000
     -0.65283032      0.99228333    0.0021395394      0.00000      0.00000       1.0220000
     -0.63155042      0.98806168    0.0021092860      0.00000      0.00000       1.0230000
     -0.61026839      0.99368087    0.0021453700      0.00000      0.00000       1.0240000
     -0.58898444      0.98951488    0.0021064189      0.00000      0.00000       1.0250000
     -0.56766572      0.98609159    0.0021056587      0.00000      0.00000       1.0260000
     -0.54637922      0.98757802    0.0020939786      0.00000      0.00000       1.0270000
     -0.52509350      0.98713738    0.0020991509      0.00000      0.00000       1.0290000
     -0.50380809      0.99674424    0.0021027627      0.00000      0.00000       1.0300000
     -0.48252201      0.99271147    0.0021263164      0.00000      0.00000       1.0310000
     -0.46121979      0.98636816    0.0020915713      0.00000      0.00000       1.0319999
     -0.43993957      0.98275348    0.0020410756      0.00000      0.00000       1.0340000
     -0.41866070      0.99218836    0.0020577222      0.00000      0.00000       1.0350000
     -0.39737700      0.98783323    0.0020846441      0.00000      0.00000       1.0360000
     -0.37609053      0.99645825    0.0020745833      0.00000      0.00000       1.0380000
     -0.35480246      0.98973416    0.0020482027      0.00000      0.00000       1.0390000
     -0.33352101      0.98366880    0.0020235341      0.00000      0.00000       1.0410000
     -0.31223339      0.98795823    0.0020311671      0.00000      0.00000       1.0420001
     -0.29094817      0.98989277    0.0020647807      0.00000      0.00000       1.0440000
     -0.26966213      0.98916237    0.0021021574      0.00000      0.00000       1.0450000
     -0.24837996      0.98804372    0.0020427532      0.00000      0.00000       1.0470001
     -0.22709475      0.98954189    0.0020826414      0.00000      0.00000       1.0490000
     -0.20581328      0.99342535    0.0020881629      0.00000      0.00000       1.0500000
     -0.18454986       1.0067119    0.0020783581      0.00000      0.00000       1.0520000
     -0.16326788      0.99145727    0.0020466368      0.00000      0.00000       1.0540000
     -0.14198078      0.99151983    0.0020460533      0.00000      0.00000       1.0560000
     -0.12069470      0.99482961    0.0020457037      0.00000      0.00000       1.0570000
    -0.099403773      0.99481567    0.0020249303      0.00000      0.00000       1.0590000
    -0.078121606      0.98645032    0.0020104007      0.00000      0.00000       1.0610000
    -0.056835741      0.99532446    0.0020466744      0.00000      0.00000       1.0630000
    -0.035551451      0.99197046    0.0020497805      0.00000      0.00000       1.0650001
    -0.014262501      0.99704015    0.0020325235      0.00000      0.00000       1.0670000
    0.0070317909      0.99609625    0.0020465433      0.00000      0.00000       1.0690000
     0.028319634      0.98505020    0.0020745718      0.00000      0.00000       1.0710000
     0.049611636       1.0071495    0.0021008606      0.00000      0.00000       1.0730000
     0.070890438      0.99455185    0.0020947095      0.00000      0.00000       1.0760000
     0.092175856      0.98496798    0.0020643994      0.00000      0.00000       1.0779999
      0.11345667      0.99888122    0.0020837384      0.00000      0.00000       1.0800000
      0.13474718      0.98905408    0.0020528270      0.00000      0.00000       1.0820000
      0.15603294      0.99869442    0.0020219164      0.00000      0.00000       1.0850000
      0.17732018       1.0041049    0.0020295141      0.00000      0.00000       1.0870000
      0.19860030      0.99166644    0.0020596059      0.00000      0.00000       1.0890000
      0.21991114      0.99744204    0.0020261784      0.00000      0.00000       1.0920000
      0.24119604      0.99307780    0.0020211658      0.00000      0.00000       1.0940000
      0.26248111      0.99702721    0.0020506653      0.00000      0.00000       1.0970000
      0.28376437       1.0000372    0.0020621909      0.00000      0.00000       1.1000000
      0.30505269       1.0009021    0.0020866880      0.00000      0.00000       1.1020000
      0.32633759      0.99755667    0.0020535113      0.00000      0.00000       1.1050000
      0.36890593      0.99936891    0.0020470702      0.00000      0.00000       1.1100000
      0.39019101      0.99735686    0.0020712380      0.00000      0.00000       1.1130000
      0.41147520       1.0057253    0.0021866377      0.00000      0.00000       1.1160001
      0.43276212      0.99907915    0.0020800050      0.00000      0.00000       1.1190000
      0.45407556       1.0066345    0.0020991003      0.00000      0.00000       1.1220000
      0.47536588      0.99266285    0.0020611147      0.00000      0.00000       1.1250000
      0.49665185       1.0009723    0.0020636027      0.00000      0.00000       1.1280000
      0.51793963      0.99645222    0.0020454078      0.00000      0.00000       1.1310000
      0.53922379       1.0023207    0.0020336925      0.00000      0.00000       1.1339999
      0.56051090      0.99729939    0.0020290775      0.00000      0.00000       1.1370000
      0.58182743      0.99807890    0.0020551286      0.00000      0.00000       1.1400000
      0.60311656       1.0025637    0.0021349366      0.00000      0.00000       1.1440001
      0.62439974       1.0008430    0.0020923351      0.00000      0.00000       1.1470000
      0.64568509       1.0101705    0.0021387370      0.00000      0.00000       1.1500000
      0.66694215      0.99962764    0.0020864812      0.00000      0.00000       1.1540000
      0.68823010      0.99837532    0.0020957793      0.00000      0.00000       1.1569999
      0.70951850       1.0045714    0.0021134300      0.00000      0.00000       1.1610000
      0.73080416      0.99564336    0.0020630325      0.00000      0.00000       1.1650000
      0.75209593       1.0029015    0.0020679646      0.00000      0.00000       1.1680000
      0.77338417       1.0013771    0.0020638451      0.00000      0.00000       1.1720001
      0.79466857      0.99452729    0.0020321928      0.00000      0.00000       1.1760000
      0.81595929      0.99701666    0.0020318972      0.00000      0.00000       1.1799999
      0.83724816       1.0061252    0.0020950233      0.00000      0.00000       1.1830000
      0.85853855       1.0037433    0.0020711929      0.00000      0.00000       1.1870000
      0.87982589       1.0027076    0.0021427240      0.00000      0.00000       1.1910000
      0.90109129      0.99849856    0.0021147525      0.00000      0.00000       1.1950001
      0.92238396       1.0094312    0.0022546448      0.00000      0.00000       1.2000000
      0.94367310      0.99336203    0.0021159131      0.00000      0.00000       1.2040000
      0.96495920      0.99665492    0.0020603923      0.00000      0.00000       1.2079999
      0.98624663       1.0049260    0.0020862760      0.00000      0.00000       1.2120000
       1.0075327      0.99063303    0.0020780383      0.00000      0.00000       1.2170000
       1.0288198      0.99608319    0.0020918228      0.00000      0.00000       1.2210000
       1.0501104       1.0004698    0.0020997704      0.00000      0.00000       1.2260000
       1.0713952       1.0024235    0.0021072973      0.00000      0.00000       1.2300000
       1.0926827       1.0008087    0.0020854621      0.00000      0.00000       1.2350000
       1.1139714      0.99709072    0.0021260712      0.00000      0.00000       1.2400000
       1.1352604      0.99353879    0.0020757265      0.00000      0.00000       1.2440000
       1.1565445      0.99183038    0.0020777930      0.00000      0.00000       1.2490000
       1.1778304      0.99014710    0.0020889022      0.00000      0.00000       1.2539999
       1.1991148      0.98478362    0.0021325617      0.00000      0.00000       1.2589999
       1.2204035       1.0011447    0.0021196895      0.00000      0.00000       1.2640001
       1.2416932      0.99923901    0.0021645807      0.00000      0.00000       1.2700000
       1.2629996      0.99298320    0.0022684734      0.00000      0.00000       1.2750000
       1.2842866      0.99899894    0.0023067986      0.00000      0.00000       1.2800000
       1.3055758      0.99717401    0.0024060981      0.00000      0.00000       1.2850000
       1.3268633       1.0043075    0.0022376706      0.00000      0.00000       1.2910000
       1.3481439      0.99947450    0.0021683986      0.00000      0.00000       1.2970001
       1.3694396       1.0000000    0.0021781681      0.00000      0.00000       1.3020000
       1.3907259      0.99595096    0.0023118127      0.00000      0.00000       1.3080000
       1.4120099      0.99630335    0.0022559973      0.00000      0.00000       1.3140000
       1.4332928      0.99462811    0.0023234220      0.00000      0.00000       1.3200001
       1.4545817      0.99763261    0.0023424005      0.00000      0.00000       1.3260000
       1.4758677      0.99382667    0.0022326222      0.00000      0.00000       1.3320000
       1.4971568      0.99800152    0.0022245114      0.00000      0.00000       1.3380001
       1.5184443      0.99445656    0.0022001593      0.00000      0.00000       1.3440000
       1.5397365       1.0051428    0.0034114028      0.00000      0.00000       1.3510000
       1.5610209      0.99376643    0.0021428354      0.00000      0.00000       1.3570000
       1.5823297      0.98687067    0.0022065913      0.00000      0.00000       1.3640000
       1.6036168       1.0027925    0.0021958382      0.00000      0.00000       1.3700000
       1.6248999      0.99887425    0.0021608629      0.00000      0.00000       1.3770000
       1.6461870       1.0015687    0.0021731941      0.00000      0.00000       1.3839999
       1.6674712       1.0017100    0.0021466697      0.00000      0.00000       1.3910000
       1.6887611      0.99631428    0.0021737925      0.00000      0.00000       1.3980000
       1.7100477       1.0039459    0.0021760263      0.00000      0.00000       1.4050000
       1.7313302       1.0046202    0.0021909426      0.00000      0.00000       1.4130000
       1.7526195      0.99495461    0.0021959316      0.00000      0.00000       1.4200000
       1.7739096      0.99776904    0.0021836231      0.00000      0.00000       1.4280000
       1.7951940       1.0047760    0.0022275969      0.00000      0.00000       1.4349999
       1.8164771      0.99580769    0.0022153254      0.00000      0.00000       1.4430000
       1.8377657       1.0050073    0.0022216168      0.00000      0.00000       1.4510000
       1.8803402      0.99398577    0.0021540668      0.00000      0.00000       1.4670000
       1.9016242       1.0040277    0.0022279394      0.00000      0.00000       1.4760000
       1.9229171       1.0004683    0.0021888268      0.00000      0.00000       1.4840000
       1.9442026       1.0012444    0.0021664892      0.00000      0.00000       1.4930000
       1.9654895      0.99964190    0.0021919403      0.00000      0.00000       1.5020000
       1.9867744      0.99983248    0.0022337337      0.00000      0.00000       1.5110000
       2.0080604      0.99139483    0.0021794926      0.00000      0.00000       1.5200000
       2.0293426       1.0026025    0.0021797367      0.00000      0.00000       1.5290000
       2.0506265       1.0081466    0.0022012009      0.00000      0.00000       1.5380000
       2.0719079       1.0022702    0.0022300667      0.00000      0.00000       1.5480000
       2.0931978       1.0003636    0.0023109166      0.00000      0.00000       1.5570000
       2.1144856       1.0042995    0.0023387272      0.00000      0.00000       1.5670000
       2.1357764       1.0065738    0.0023313402      0.00000      0.00000       1.5770000
       2.1570659       1.0095402    0.0024014877      0.00000      0.00000       1.5870000
       2.1783537       1.0044233    0.0023263398      0.00000      0.00000       1.5970000
       2.1996406      0.99469664    0.0022893592      0.00000      0.00000       1.6080000
       2.2209243      0.99892545    0.0023348545      0.00000      0.00000       1.6190000
       2.2422080       1.0020852    0.0023639986      0.00000      0.00000       1.6300000
       2.2634933       1.0052137    0.0023538611      0.00000      0.00000       1.6410000
       2.2847803       1.0062795    0.0023055703      0.00000      0.00000       1.6520000
       2.3060650       1.0011936    0.0023606126      0.00000      0.00000       1.6630000
       2.3273491      0.99824429    0.0023809193      0.00000      0.00000       1.6750000
       2.3486363      0.99740278    0.0023448240      0.00000      0.00000       1.6870000
       2.3699216       1.0098229    0.0024215289      0.00000      0.00000       1.6990000
       2.3912100       1.0003234    0.0024200660      0.00000      0.00000       1.7110000
       2.4124989       1.0032821    0.0024143473      0.00000      0.00000       1.7240000
       2.4337846      0.99977431    0.0024146116      0.00000      0.00000       1.7370000
       2.4550720       1.0004535    0.0025010563      0.00000      0.00000       1.7500000
       2.4763804      0.99993511    0.0025464436      0.00000      0.00000       1.7630000
       2.4976665      0.99607577    0.0027773595      0.00000      0.00000       1.7760000
       2.5189524       1.0026500    0.0028395914      0.00000      0.00000       1.7900000
       2.5402373       1.0100106    0.0028332124      0.00000      0.00000       1.8040000
       2.5615239       1.0088552    0.0027227885      0.00000      0.00000       1.8180000
       2.5828096       1.0136403    0.0026937512      0.00000      0.00000       1.8329999
       2.6040757      0.99855874    0.0027847891      0.00000      0.00000       1.8480000
       2.6253590       1.0049364    0.0027442262      0.00000      0.00000       1.8630000
       2.6466481       1.0002280    0.0029523610      0.00000      0.00000       1.8780000
       2.6679351       1.0057262    0.0028577991      0.00000      0.00000       1.8940001
       2.6893067       1.0064748    0.0027999299      0.00000      0.00000       1.9100000
       2.7106012       1.0023801    0.0028706918      0.00000      0.00000       1.9270000
       2.7318859       1.0043415    0.0028769384      0.00000      0.00000       1.9430000
       2.7531718       1.0140366    0.0029669026      0.00000      0.00000       1.9600000
       2.7744564      0.99268000    0.0029492753      0.00000      0.00000       1.9780000
       2.7957372       1.0074292    0.0029680026      0.00000      0.00000       1.9960001
       2.8170511       1.0080875    0.0030344004      0.00000      0.00000       2.0139999
       2.8383384      0.99001381    0.0029904669      0.00000      0.00000       2.0320001
       2.8596192       1.0150245    0.0030070318      0.00000      0.00000       2.0510001
       2.8809043       1.0075130    0.0030277932      0.00000      0.00000       2.0699999
       2.9021905       1.0038457    0.0029523664      0.00000      0.00000       2.0899999
       2.9234769       1.0030747    0.0029552455      0.00000      0.00000       2.1099999
       2.9447625       1.0029507    0.0028685839      0.00000      0.00000       2.1310000
       2.9660517      0.99789957    0.0028785990      0.00000      0.00000       2.1520000
