#JD -  2457565 (hr) Flux  Fl_err  Model_fl   Residual for 1.75um (%) Airmass
      -4.5079613       1.0039872    0.0018445811      0.00000      0.00000       1.4160000
      -4.4866787       1.0012448    0.0018637656      0.00000      0.00000       1.4080000
      -4.4653956       1.0113142    0.0018779012      0.00000      0.00000       1.4010000
      -4.4441073       1.0105483    0.0019085206      0.00000      0.00000       1.3940001
      -4.4228128      0.99588740    0.0018681809      0.00000      0.00000       1.3870000
      -4.4015156       1.0027960    0.0018549530      0.00000      0.00000       1.3800000
      -4.3802279       1.0046665    0.0018447843      0.00000      0.00000       1.3730000
      -4.3589434       1.0031739    0.0018654871      0.00000      0.00000       1.3660001
      -4.3376587       1.0092034    0.0018792460      0.00000      0.00000       1.3600000
      -4.3163706       1.0089017    0.0019165141      0.00000      0.00000       1.3530000
      -4.2950823       1.0045938    0.0019144342      0.00000      0.00000       1.3470000
      -4.2525150      0.99790786    0.0019343769      0.00000      0.00000       1.3340000
      -4.2312308       1.0034502    0.0018512615      0.00000      0.00000       1.3279999
      -4.2099406       1.0000730    0.0018566923      0.00000      0.00000       1.3220000
      -4.1886509       1.0132714    0.0018773593      0.00000      0.00000       1.3160000
      -4.1673621       1.0069219    0.0018288612      0.00000      0.00000       1.3099999
      -4.1460789       1.0058197    0.0017980517      0.00000      0.00000       1.3049999
      -4.1247933       1.0003495    0.0017837041      0.00000      0.00000       1.2990000
      -4.1035074       1.0020860    0.0017670099      0.00000      0.00000       1.2930000
      -4.0822223      0.99965979    0.0017761357      0.00000      0.00000       1.2880000
      -4.0609334       1.0039048    0.0017735181      0.00000      0.00000       1.2819999
      -4.0396478       1.0097709    0.0017927642      0.00000      0.00000       1.2770000
      -4.0183600       1.0048822    0.0017939029      0.00000      0.00000       1.2720000
      -3.9970688       1.0112997    0.0017934516      0.00000      0.00000       1.2660000
      -3.9757763       1.0093664    0.0018080125      0.00000      0.00000       1.2610000
      -3.9544877       1.0094466    0.0017987152      0.00000      0.00000       1.2560000
      -3.9332025       1.0084578    0.0017963658      0.00000      0.00000       1.2510000
      -3.9119164       1.0080860    0.0017745486      0.00000      0.00000       1.2460001
      -3.8906290       1.0041878    0.0018222943      0.00000      0.00000       1.2420000
      -3.8693396       1.0041107    0.0018427507      0.00000      0.00000       1.2370000
      -3.8480549       1.0137228    0.0018962912      0.00000      0.00000       1.2320000
      -3.8267708       1.0123776    0.0018325860      0.00000      0.00000       1.2280000
      -3.8054845       1.0089297    0.0018664915      0.00000      0.00000       1.2230000
      -3.7841999       1.0025937    0.0018383968      0.00000      0.00000       1.2190000
      -3.7629137       1.0171278    0.0018398551      0.00000      0.00000       1.2140000
      -3.7416330       1.0057584    0.0018530912      0.00000      0.00000       1.2100000
      -3.7203483       1.0106780    0.0018346330      0.00000      0.00000       1.2060000
      -3.6990596       1.0057729    0.0018318494      0.00000      0.00000       1.2010000
      -3.6777688       1.0067285    0.0018455025      0.00000      0.00000       1.1970000
      -3.6564842       1.0214242    0.0027505063      0.00000      0.00000       1.1930000
      -3.6351994       1.0043866    0.0018242618      0.00000      0.00000       1.1890000
      -3.6139144       1.0077290    0.0018097304      0.00000      0.00000       1.1849999
      -3.5926299       1.0067668    0.0018416034      0.00000      0.00000       1.1810000
      -3.5713435       1.0086607    0.0018411455      0.00000      0.00000       1.1770000
      -3.5500550       1.0156193    0.0019054294      0.00000      0.00000       1.1730000
      -3.5287660       1.0110105    0.0018777215      0.00000      0.00000       1.1700000
      -3.5074870       1.0065687    0.0019060115      0.00000      0.00000       1.1660000
      -3.4862004       1.0043333    0.0018602659      0.00000      0.00000       1.1619999
      -3.4649138       1.0101875    0.0018317626      0.00000      0.00000       1.1590000
      -3.4436293       1.0148937    0.0018974487      0.00000      0.00000       1.1550000
      -3.4223535       1.0093188    0.0018856712      0.00000      0.00000       1.1520000
      -3.4010635       1.0119163    0.0018456854      0.00000      0.00000       1.1480000
      -3.3797848       1.0181375    0.0018926341      0.00000      0.00000       1.1450000
      -3.3584981       1.0138431    0.0018409775      0.00000      0.00000       1.1420000
      -3.3372108       1.0140394    0.0017957615      0.00000      0.00000       1.1390001
      -3.3159238       1.0079350    0.0017956821      0.00000      0.00000       1.1350000
      -3.2946643       1.0052392    0.0018198584      0.00000      0.00000       1.1320000
      -3.2733795       1.0092183    0.0018406161      0.00000      0.00000       1.1289999
      -3.2520884       1.0110192    0.0018320551      0.00000      0.00000       1.1260000
      -3.2307875       1.0051230    0.0018600096      0.00000      0.00000       1.1230000
      -3.2095167       1.0074789    0.0018208370      0.00000      0.00000       1.1200000
      -3.1882283       1.0119516    0.0018544488      0.00000      0.00000       1.1170000
      -3.1669402       1.0062361    0.0018456467      0.00000      0.00000       1.1140000
      -3.1456558       1.0088861    0.0018317141      0.00000      0.00000       1.1109999
      -3.1243688       1.0127108    0.0018306551      0.00000      0.00000       1.1090000
      -3.1030767       1.0099765    0.0018547366      0.00000      0.00000       1.1059999
      -3.0817351       1.0057786    0.0018325252      0.00000      0.00000       1.1030000
      -3.0604299       1.0172260    0.0018609317      0.00000      0.00000       1.1010000
      -3.0391400       1.0072048    0.0018469453      0.00000      0.00000       1.0980000
      -3.0178195       1.0137096    0.0018865798      0.00000      0.00000       1.0950000
      -2.9965365      0.99943655    0.0018297334      0.00000      0.00000       1.0930001
      -2.9752419       1.0119113    0.0018565875      0.00000      0.00000       1.0900000
      -2.9539556       1.0040690    0.0018213139      0.00000      0.00000       1.0880001
      -2.9326723       1.0055191    0.0018376908      0.00000      0.00000       1.0860000
      -2.9113919       1.0040371    0.0018259382      0.00000      0.00000       1.0829999
      -2.8901050       1.0073993    0.0018315707      0.00000      0.00000       1.0810000
      -2.8688100       1.0011037    0.0018546134      0.00000      0.00000       1.0790000
      -2.8475259       1.0019805    0.0018465511      0.00000      0.00000       1.0760000
      -2.8262412       1.0124137    0.0018572008      0.00000      0.00000       1.0740000
      -2.8049542       1.0040321    0.0018573868      0.00000      0.00000       1.0720000
      -2.7836670       1.0050400    0.0018128644      0.00000      0.00000       1.0700001
      -2.7623799       1.0049970    0.0018421230      0.00000      0.00000       1.0680000
      -2.7410997       1.0052301    0.0018312124      0.00000      0.00000       1.0660000
      -2.7198104      0.99887528    0.0018708942      0.00000      0.00000       1.0640000
      -2.6985222       1.0113686    0.0018797797      0.00000      0.00000       1.0620000
      -2.6772096       1.0089598    0.0018477083      0.00000      0.00000       1.0599999
      -2.6559244       1.0069337    0.0018439128      0.00000      0.00000       1.0580000
      -2.6346418       1.0117689    0.0018557409      0.00000      0.00000       1.0560000
      -2.6133788       1.0014508    0.0018527952      0.00000      0.00000       1.0549999
      -2.5920948       1.0086621    0.0018866698      0.00000      0.00000       1.0530000
      -2.5708120       1.0127080    0.0018592896      0.00000      0.00000       1.0510000
      -2.5494897       1.0058641    0.0018387847      0.00000      0.00000       1.0490000
      -2.5282015       1.0008833    0.0018495751      0.00000      0.00000       1.0480000
      -2.5069191      0.99966012    0.0018535102      0.00000      0.00000       1.0460000
      -2.4856354       1.0009822    0.0018370254      0.00000      0.00000       1.0440000
      -2.4643516      0.99901984    0.0018248339      0.00000      0.00000       1.0430000
      -2.4430683      0.99961450    0.0018290228      0.00000      0.00000       1.0410000
      -2.4217818       1.0029323    0.0018322551      0.00000      0.00000       1.0400000
      -2.4004989       1.0127838    0.0018325524      0.00000      0.00000       1.0380000
      -2.3792167       1.0022674    0.0018185724      0.00000      0.00000       1.0369999
      -2.3579327       1.0058856    0.0018687627      0.00000      0.00000       1.0360000
      -2.3366460       1.0039352    0.0018342727      0.00000      0.00000       1.0340000
      -2.3153603       1.0064493    0.0018348044      0.00000      0.00000       1.0330000
      -2.2940740       1.0095068    0.0018328596      0.00000      0.00000       1.0319999
      -2.2727892       1.0004337    0.0018432956      0.00000      0.00000       1.0300000
      -2.2515030       1.0081172    0.0018357249      0.00000      0.00000       1.0290000
      -2.2302154       1.0031740    0.0018234261      0.00000      0.00000       1.0280000
      -2.2089278       1.0077256    0.0018355737      0.00000      0.00000       1.0270000
      -2.1876383       1.0100732    0.0018586164      0.00000      0.00000       1.0260000
      -2.1663489       1.0108534    0.0018767386      0.00000      0.00000       1.0240000
      -2.1450635       1.0034301    0.0018678727      0.00000      0.00000       1.0230000
      -2.1237799       1.0021355    0.0018556674      0.00000      0.00000       1.0220000
      -2.1024884       1.0059602    0.0018544916      0.00000      0.00000       1.0210000
      -2.0811985       1.0010447    0.0018280657      0.00000      0.00000       1.0200000
      -2.0599118       1.0067205    0.0018429535      0.00000      0.00000       1.0190001
      -2.0386263       1.0042733    0.0018482850      0.00000      0.00000       1.0180000
      -2.0173329       1.0031196    0.0018355966      0.00000      0.00000       1.0180000
      -1.9960691      0.98807579    0.0018181306      0.00000      0.00000       1.0170000
      -1.9747869       1.0045845    0.0018496243      0.00000      0.00000       1.0160000
      -1.9534993       1.0029940    0.0018667327      0.00000      0.00000       1.0150000
      -1.9322144       1.0063091    0.0018416645      0.00000      0.00000       1.0140001
      -1.9109266      0.99835206    0.0018389570      0.00000      0.00000       1.0140001
      -1.8896425       1.0011523    0.0018513789      0.00000      0.00000       1.0130000
      -1.8683515       1.0087287    0.0018313588      0.00000      0.00000       1.0120000
      -1.8470625       1.0010391    0.0018007423      0.00000      0.00000       1.0120000
      -1.8257635       1.0111122    0.0018537766      0.00000      0.00000       1.0110000
      -1.8044778       1.0006857    0.0018178452      0.00000      0.00000       1.0100000
      -1.7832113       1.0074318    0.0018514277      0.00000      0.00000       1.0100000
      -1.7619204       1.0035157    0.0018241316      0.00000      0.00000       1.0089999
      -1.7406241       1.0044172    0.0018111252      0.00000      0.00000       1.0089999
      -1.7193345       1.0021353    0.0018883917      0.00000      0.00000       1.0080000
      -1.6980541       1.0041041    0.0019089951      0.00000      0.00000       1.0080000
      -1.6767681       1.0095445    0.0018509897      0.00000      0.00000       1.0070000
      -1.6554749       1.0037662    0.0018285451      0.00000      0.00000       1.0070000
      -1.6341845       1.0036110    0.0018072929      0.00000      0.00000       1.0070000
      -1.6128945       1.0004940    0.0018063997      0.00000      0.00000       1.0060000
      -1.5916034       1.0067333    0.0017997483      0.00000      0.00000       1.0060000
      -1.5703135      0.99747386    0.0017920645      0.00000      0.00000       1.0060000
      -1.5490272       1.0078979    0.0018551113      0.00000      0.00000       1.0060000
      -1.5277421       1.0086546    0.0018280862      0.00000      0.00000       1.0050000
      -1.5064534      0.99815825    0.0018186192      0.00000      0.00000       1.0050000
      -1.4851331       1.0043972    0.0018170929      0.00000      0.00000       1.0050000
      -1.4637620       1.0016174    0.0018192292      0.00000      0.00000       1.0050000
      -1.4424256       1.0009036    0.0018206721      0.00000      0.00000       1.0050000
      -1.4210700      0.99700326    0.0018038415      0.00000      0.00000       1.0050000
      -1.3997464       1.0034139    0.0018032244      0.00000      0.00000       1.0050000
      -1.3784496      0.99313060    0.0017621303      0.00000      0.00000       1.0050000
      -1.3571502       1.0014772    0.0017865671      0.00000      0.00000       1.0050000
      -1.3358176      0.99965169    0.0018027291      0.00000      0.00000       1.0050000
      -1.3144943      0.99891745    0.0017719455      0.00000      0.00000       1.0050000
      -1.2931982      0.99709856    0.0017734305      0.00000      0.00000       1.0050000
      -1.2718925      0.99976006    0.0017727716      0.00000      0.00000       1.0050000
      -1.2505543       1.0035535    0.0017990760      0.00000      0.00000       1.0050000
      -1.2292571       1.0013270    0.0018024499      0.00000      0.00000       1.0060000
      -1.2079121       1.0039484    0.0018581344      0.00000      0.00000       1.0060000
      -1.1864119      0.99862135    0.0017725352      0.00000      0.00000       1.0060000
      -1.1648556      0.99965110    0.0017722840      0.00000      0.00000       1.0060000
      -1.1432757       1.0017327    0.0017869349      0.00000      0.00000       1.0070000
      -1.1217138      0.99338091    0.0017723211      0.00000      0.00000       1.0070000
      -1.1001447      0.99251595    0.0017873209      0.00000      0.00000       1.0070000
      -1.0786917       1.0022009    0.0018945447      0.00000      0.00000       1.0080000
      -1.0572883      0.99309113    0.0018247733      0.00000      0.00000       1.0080000
      -1.0359918       1.0000000    0.0018213162      0.00000      0.00000       1.0089999
      -1.0146990      0.99484508    0.0017918846      0.00000      0.00000       1.0089999
     -0.99341132      0.99884054    0.0018205323      0.00000      0.00000       1.0100000
     -0.97212387      0.99995429    0.0018001358      0.00000      0.00000       1.0100000
     -0.95083896      0.99518968    0.0017789857      0.00000      0.00000       1.0110000
     -0.92955304      0.99887554    0.0017918584      0.00000      0.00000       1.0110000
     -0.90826621      0.99514701    0.0017922664      0.00000      0.00000       1.0120000
     -0.88698229      0.99885479    0.0017978392      0.00000      0.00000       1.0130000
     -0.86567354      0.99563017    0.0017866926      0.00000      0.00000       1.0130000
     -0.84438941      0.99254547    0.0017815512      0.00000      0.00000       1.0140001
     -0.82310593      0.99951211    0.0017871785      0.00000      0.00000       1.0150000
     -0.80182615      0.99110314    0.0017684541      0.00000      0.00000       1.0160000
     -0.78054763      0.99071722    0.0017723834      0.00000      0.00000       1.0160000
     -0.75925862      0.99109007    0.0017754773      0.00000      0.00000       1.0170000
     -0.73797115      0.99230975    0.0017644597      0.00000      0.00000       1.0180000
     -0.71670296      0.99060379    0.0017593518      0.00000      0.00000       1.0190001
     -0.69542237      0.99918522    0.0017739671      0.00000      0.00000       1.0200000
     -0.67411321      0.99249630    0.0017693103      0.00000      0.00000       1.0210000
     -0.65283032      0.99608028    0.0017850675      0.00000      0.00000       1.0220000
     -0.63155042      0.99283964    0.0017651124      0.00000      0.00000       1.0230000
     -0.61026839      0.98704444    0.0017599493      0.00000      0.00000       1.0240000
     -0.58898444      0.99619059    0.0017643758      0.00000      0.00000       1.0250000
     -0.56766572      0.98959107    0.0017577471      0.00000      0.00000       1.0260000
     -0.54637922      0.99605295    0.0017584238      0.00000      0.00000       1.0270000
     -0.52509350      0.99307772    0.0017575897      0.00000      0.00000       1.0290000
     -0.50380809       1.0042760    0.0017482001      0.00000      0.00000       1.0300000
     -0.48252201      0.99738413    0.0017749421      0.00000      0.00000       1.0310000
     -0.46121979      0.99745387    0.0017897431      0.00000      0.00000       1.0319999
     -0.43993957       1.0015862    0.0017590130      0.00000      0.00000       1.0340000
     -0.41866070      0.99446034    0.0017421438      0.00000      0.00000       1.0350000
     -0.39737700      0.99203043    0.0017536197      0.00000      0.00000       1.0360000
     -0.37609053      0.99642884    0.0017490698      0.00000      0.00000       1.0380000
     -0.35480246      0.99928769    0.0017270385      0.00000      0.00000       1.0390000
     -0.33352101      0.99008183    0.0017197587      0.00000      0.00000       1.0410000
     -0.31223339      0.98795013    0.0017297766      0.00000      0.00000       1.0420001
     -0.29094817      0.99177092    0.0017651110      0.00000      0.00000       1.0440000
     -0.26966213      0.98859185    0.0017660789      0.00000      0.00000       1.0450000
     -0.24837996      0.99242394    0.0017479305      0.00000      0.00000       1.0470001
     -0.22709475      0.99565699    0.0017670468      0.00000      0.00000       1.0490000
     -0.20581328      0.99812587    0.0017616368      0.00000      0.00000       1.0500000
     -0.18454986      0.98874239    0.0017442850      0.00000      0.00000       1.0520000
     -0.16326788      0.99379323    0.0017427144      0.00000      0.00000       1.0540000
     -0.14198078      0.99851744    0.0017471655      0.00000      0.00000       1.0560000
     -0.12069470      0.98828317    0.0017267868      0.00000      0.00000       1.0570000
    -0.099403773      0.99653460    0.0017434456      0.00000      0.00000       1.0590000
    -0.078121606      0.99236398    0.0017351083      0.00000      0.00000       1.0610000
    -0.056835741      0.98889529    0.0017258464      0.00000      0.00000       1.0630000
    -0.035551451      0.99402533    0.0017339829      0.00000      0.00000       1.0650001
    -0.014262501       1.0040152    0.0017395745      0.00000      0.00000       1.0670000
    0.0070317909       1.0007377    0.0017361222      0.00000      0.00000       1.0690000
     0.028319634      0.99617904    0.0017640698      0.00000      0.00000       1.0710000
     0.049611636       1.0005630    0.0017814555      0.00000      0.00000       1.0730000
     0.070890438      0.99470905    0.0017650462      0.00000      0.00000       1.0760000
     0.092175856      0.99942280    0.0017415034      0.00000      0.00000       1.0779999
      0.11345667      0.99676585    0.0017372709      0.00000      0.00000       1.0800000
      0.13474718       1.0005510    0.0017293410      0.00000      0.00000       1.0820000
      0.15603294       1.0053405    0.0017153318      0.00000      0.00000       1.0850000
      0.17732018      0.99911817    0.0017313341      0.00000      0.00000       1.0870000
      0.19860030      0.99284799    0.0017438102      0.00000      0.00000       1.0890000
      0.21991114      0.99792177    0.0017098331      0.00000      0.00000       1.0920000
      0.24119604      0.99885353    0.0017310465      0.00000      0.00000       1.0940000
      0.26248111      0.99450681    0.0017288193      0.00000      0.00000       1.0970000
      0.28376437      0.99512297    0.0017284156      0.00000      0.00000       1.1000000
      0.30505269      0.99537168    0.0017484716      0.00000      0.00000       1.1020000
      0.32633759      0.99557316    0.0017308460      0.00000      0.00000       1.1050000
      0.34762360      0.99069774    0.0017260505      0.00000      0.00000       1.1080000
      0.36890593      0.99332744    0.0017389791      0.00000      0.00000       1.1100000
      0.39019101      0.99272216    0.0017473582      0.00000      0.00000       1.1130000
      0.41147520      0.99323754    0.0018315771      0.00000      0.00000       1.1160001
      0.43276212      0.98782033    0.0017460327      0.00000      0.00000       1.1190000
      0.45407556      0.99188545    0.0017499550      0.00000      0.00000       1.1220000
      0.47536588      0.99322455    0.0017618230      0.00000      0.00000       1.1250000
      0.49665185      0.99817546    0.0017571527      0.00000      0.00000       1.1280000
      0.51793963      0.98934126    0.0017334257      0.00000      0.00000       1.1310000
      0.53922379      0.99331918    0.0017344704      0.00000      0.00000       1.1339999
      0.56051090      0.99571088    0.0017323810      0.00000      0.00000       1.1370000
      0.58182743      0.99545239    0.0017632145      0.00000      0.00000       1.1400000
      0.60311656      0.99737510    0.0018126446      0.00000      0.00000       1.1440001
      0.62439974       1.0015590    0.0017839032      0.00000      0.00000       1.1470000
      0.64568509      0.99295577    0.0017774001      0.00000      0.00000       1.1500000
      0.66694215      0.99825760    0.0017780754      0.00000      0.00000       1.1540000
      0.68823010      0.99741668    0.0017859570      0.00000      0.00000       1.1569999
      0.70951850      0.99472549    0.0017902153      0.00000      0.00000       1.1610000
      0.75209593      0.99954003    0.0017767236      0.00000      0.00000       1.1680000
      0.77338417      0.99204021    0.0017716464      0.00000      0.00000       1.1720001
      0.79466857      0.99958034    0.0017549759      0.00000      0.00000       1.1760000
      0.81595929      0.99610119    0.0017617808      0.00000      0.00000       1.1799999
      0.83724816      0.99875924    0.0018020760      0.00000      0.00000       1.1830000
      0.85853855       1.0020880    0.0017872156      0.00000      0.00000       1.1870000
      0.87982589      0.99734567    0.0018292303      0.00000      0.00000       1.1910000
      0.90109129      0.99265958    0.0018180985      0.00000      0.00000       1.1950001
      0.92238396      0.99792000    0.0019173301      0.00000      0.00000       1.2000000
      0.94367310      0.99989163    0.0018199444      0.00000      0.00000       1.2040000
      0.96495920       1.0041137    0.0018143424      0.00000      0.00000       1.2079999
      0.98624663      0.99958548    0.0018103239      0.00000      0.00000       1.2120000
       1.0075327      0.99294059    0.0018010322      0.00000      0.00000       1.2170000
       1.0288198      0.99457478    0.0018050240      0.00000      0.00000       1.2210000
       1.0501104      0.99358905    0.0018137071      0.00000      0.00000       1.2260000
       1.0713952      0.99050722    0.0018042722      0.00000      0.00000       1.2300000
       1.0926827       1.0000126    0.0017862783      0.00000      0.00000       1.2350000
       1.1139714      0.99138871    0.0017842276      0.00000      0.00000       1.2400000
       1.1352604      0.99787648    0.0017814428      0.00000      0.00000       1.2440000
       1.1565445       1.0015163    0.0017975544      0.00000      0.00000       1.2490000
       1.1778304      0.99729684    0.0018127349      0.00000      0.00000       1.2539999
       1.1991148      0.99564114    0.0018212994      0.00000      0.00000       1.2589999
       1.2204035      0.99986962    0.0018403260      0.00000      0.00000       1.2640001
       1.2416932      0.98883980    0.0018310862      0.00000      0.00000       1.2700000
       1.2629996      0.99520284    0.0019370303      0.00000      0.00000       1.2750000
       1.2842866       1.0038298    0.0019780180      0.00000      0.00000       1.2800000
       1.3055758      0.99992233    0.0020353748      0.00000      0.00000       1.2850000
       1.3268633      0.99531981    0.0019257571      0.00000      0.00000       1.2910000
       1.3481439      0.99141629    0.0018895095      0.00000      0.00000       1.2970001
       1.3694396      0.99883641    0.0018639919      0.00000      0.00000       1.3020000
       1.3907259      0.99719074    0.0019861867      0.00000      0.00000       1.3080000
       1.4120099      0.99624794    0.0019237911      0.00000      0.00000       1.3140000
       1.4332928      0.99482079    0.0019735954      0.00000      0.00000       1.3200001
       1.4545817       1.0035824    0.0019961888      0.00000      0.00000       1.3260000
       1.4758677      0.99230199    0.0019221111      0.00000      0.00000       1.3320000
       1.4971568      0.99941765    0.0019222656      0.00000      0.00000       1.3380001
       1.5184443      0.99540921    0.0018908802      0.00000      0.00000       1.3440000
       1.5610209       1.0018195    0.0018408543      0.00000      0.00000       1.3570000
       1.5823297      0.99679571    0.0019034801      0.00000      0.00000       1.3640000
       1.6036168      0.99987290    0.0018503718      0.00000      0.00000       1.3700000
       1.6248999       1.0024415    0.0018588729      0.00000      0.00000       1.3770000
       1.6461870      0.99391367    0.0018596398      0.00000      0.00000       1.3839999
       1.6674712      0.98887345    0.0018258358      0.00000      0.00000       1.3910000
       1.6887611      0.99804929    0.0018534396      0.00000      0.00000       1.3980000
       1.7100477      0.99651959    0.0018589452      0.00000      0.00000       1.4050000
       1.7313302      0.99695780    0.0018604909      0.00000      0.00000       1.4130000
       1.7526195      0.99387108    0.0018554704      0.00000      0.00000       1.4200000
       1.7739096       1.0142986    0.0018953917      0.00000      0.00000       1.4280000
       1.7951940      0.98649481    0.0018813585      0.00000      0.00000       1.4349999
       1.8164771       1.0081369    0.0019171995      0.00000      0.00000       1.4430000
       1.8377657       1.0034812    0.0018765208      0.00000      0.00000       1.4510000
       1.8590505      0.98919519    0.0018396541      0.00000      0.00000       1.4590000
       1.8803402      0.99546319    0.0018401863      0.00000      0.00000       1.4670000
       1.9016242      0.99890910    0.0018655333      0.00000      0.00000       1.4760000
       1.9229171      0.98886063    0.0018634053      0.00000      0.00000       1.4840000
       1.9442026      0.99630917    0.0018651499      0.00000      0.00000       1.4930000
       1.9654895      0.99304778    0.0018226097      0.00000      0.00000       1.5020000
       1.9867744      0.99053952    0.0018626802      0.00000      0.00000       1.5110000
       2.0080604      0.99862978    0.0018553205      0.00000      0.00000       1.5200000
       2.0293426      0.98902643    0.0018559059      0.00000      0.00000       1.5290000
       2.0506265      0.99112448    0.0018877388      0.00000      0.00000       1.5380000
       2.0719079      0.99055791    0.0018841749      0.00000      0.00000       1.5480000
       2.0931978      0.99913766    0.0019742474      0.00000      0.00000       1.5570000
       2.1144856      0.99658537    0.0019811624      0.00000      0.00000       1.5670000
       2.1357764      0.98682297    0.0019690622      0.00000      0.00000       1.5770000
       2.1570659      0.99878133    0.0020289242      0.00000      0.00000       1.5870000
       2.1783537      0.99508004    0.0019560410      0.00000      0.00000       1.5970000
       2.1996406       1.0067232    0.0019536201      0.00000      0.00000       1.6080000
       2.2209243      0.99077583    0.0019769760      0.00000      0.00000       1.6190000
       2.2422080      0.99658723    0.0019498016      0.00000      0.00000       1.6300000
       2.2634933      0.99781652    0.0019522245      0.00000      0.00000       1.6410000
       2.2847803      0.99569469    0.0019404700      0.00000      0.00000       1.6520000
       2.3060650      0.99528540    0.0019616923      0.00000      0.00000       1.6630000
       2.3273491      0.99493330    0.0019891016      0.00000      0.00000       1.6750000
       2.3486363       1.0008124    0.0019767294      0.00000      0.00000       1.6870000
       2.3699216      0.99857656    0.0020016985      0.00000      0.00000       1.6990000
       2.3912100       1.0050086    0.0020147253      0.00000      0.00000       1.7110000
       2.4124989      0.99649285    0.0020295852      0.00000      0.00000       1.7240000
       2.4337846      0.99223992    0.0020319894      0.00000      0.00000       1.7370000
       2.4550720      0.99865061    0.0020649141      0.00000      0.00000       1.7500000
       2.4763804       1.0001900    0.0021340862      0.00000      0.00000       1.7630000
       2.5189524      0.99889713    0.0023352789      0.00000      0.00000       1.7900000
       2.5402373      0.99313895    0.0023114007      0.00000      0.00000       1.8040000
       2.5615239      0.99330551    0.0021919702      0.00000      0.00000       1.8180000
       2.5828096      0.98625445    0.0021708355      0.00000      0.00000       1.8329999
       2.6040757      0.99803984    0.0022550355      0.00000      0.00000       1.8480000
       2.6253590      0.99906926    0.0021998676      0.00000      0.00000       1.8630000
       2.6466481       1.0017894    0.0023706507      0.00000      0.00000       1.8780000
       2.6679351       1.0039047    0.0022723159      0.00000      0.00000       1.8940001
       2.6893067      0.99443006    0.0022531719      0.00000      0.00000       1.9100000
       2.7106012       1.0019583    0.0022878305      0.00000      0.00000       1.9270000
       2.7318859      0.99926121    0.0023040848      0.00000      0.00000       1.9430000
       2.7531718       1.0024075    0.0023605456      0.00000      0.00000       1.9600000
       2.7744564       1.0027874    0.0023497370      0.00000      0.00000       1.9780000
       2.7957372       1.0015860    0.0023344027      0.00000      0.00000       1.9960001
       2.8170511      0.99024173    0.0023866075      0.00000      0.00000       2.0139999
       2.8383384       1.0102030    0.0023474441      0.00000      0.00000       2.0320001
       2.8596192       1.0040457    0.0023284048      0.00000      0.00000       2.0510001
       2.8809043      0.99332845    0.0023555604      0.00000      0.00000       2.0699999
       2.9021905      0.99905113    0.0022802618      0.00000      0.00000       2.0899999
       2.9234769      0.99443225    0.0023297905      0.00000      0.00000       2.1099999
       2.9447625      0.99311618    0.0022698884      0.00000      0.00000       2.1310000
       2.9660517       1.0021828    0.0022881537      0.00000      0.00000       2.1520000
