#JD -  2457388 (hr) Flux  Fl_err  Model_fl   Residual for 2.17um (%) Airmass
      -2.4139274      0.99365460    0.0025734666      0.00000      0.00000       1.5900000
      -2.3967685      0.99963532    0.0025997299      0.00000      0.00000       1.5820000
      -2.3796119       1.0003121    0.0025837716      0.00000      0.00000       1.5750000
      -2.3624283      0.99650933    0.0025771701      0.00000      0.00000       1.5680000
      -2.3452542      0.99817784    0.0025622264      0.00000      0.00000       1.5610000
      -2.3280954      0.99491365    0.0024833679      0.00000      0.00000       1.5549999
      -2.3108841      0.99943234    0.0025390900      0.00000      0.00000       1.5480000
      -2.2937279      0.99934007    0.0025911455      0.00000      0.00000       1.5410000
      -2.2765756       1.0020945    0.0025227864      0.00000      0.00000       1.5350000
      -2.2594209       1.0047323    0.0026122038      0.00000      0.00000       1.5280000
      -2.2422617      0.99881176    0.0024336994      0.00000      0.00000       1.5220000
      -2.2251076       1.0010084    0.0024215362      0.00000      0.00000       1.5160000
      -2.2079540      0.99460978    0.0024189577      0.00000      0.00000       1.5100000
      -2.1907916      0.99622781    0.0023648393      0.00000      0.00000       1.5030000
      -2.1736349       1.0039112    0.0024131122      0.00000      0.00000       1.4970000
      -2.1564684       1.0055802    0.0023988237      0.00000      0.00000       1.4920000
      -2.1393057       1.0080311    0.0024455040      0.00000      0.00000       1.4859999
      -2.1221514      0.99629529    0.0023795531      0.00000      0.00000       1.4800000
      -2.1049994       1.0062232    0.0023998567      0.00000      0.00000       1.4740000
      -2.0878427       1.0144130    0.0024470417      0.00000      0.00000       1.4690000
      -2.0706809      0.99744199    0.0023891035      0.00000      0.00000       1.4630001
      -2.0535003       1.0023145    0.0024008365      0.00000      0.00000       1.4570000
      -2.0363209       1.0039424    0.0023486473      0.00000      0.00000       1.4520000
      -2.0191896       1.0014187    0.0023865115      0.00000      0.00000       1.4470000
      -2.0020402       1.0090065    0.0025056506      0.00000      0.00000       1.4410000
      -1.9848875       1.0029780    0.0024229304      0.00000      0.00000       1.4360000
      -1.9677348       1.0060341    0.0024310039      0.00000      0.00000       1.4310000
      -1.9505772       1.0040005    0.0024274062      0.00000      0.00000       1.4260000
      -1.9334253       1.0083205    0.0024339193      0.00000      0.00000       1.4210000
      -1.9162731       1.0013273    0.0024834281      0.00000      0.00000       1.4160000
      -1.8991183      0.99993684    0.0024677765      0.00000      0.00000       1.4110000
      -1.8819675      0.99626057    0.0024373904      0.00000      0.00000       1.4060000
      -1.8648166       1.0039915    0.0024968597      0.00000      0.00000       1.4020000
      -1.8476630       1.0085897    0.0024862904      0.00000      0.00000       1.3970000
      -1.8305127       1.0013920    0.0024865362      0.00000      0.00000       1.3920000
      -1.8133558      0.99132534    0.0026796424      0.00000      0.00000       1.3880000
      -1.7961718       1.0030775    0.0024793152      0.00000      0.00000       1.3830000
      -1.7789818      0.99722445    0.0024062613      0.00000      0.00000       1.3789999
      -1.7618224       1.0067993    0.0024581781      0.00000      0.00000       1.3750000
      -1.7446703      0.99987205    0.0024134024      0.00000      0.00000       1.3700000
      -1.7275163       1.0043033    0.0024073833      0.00000      0.00000       1.3660001
      -1.7103350       1.0052067    0.0023625607      0.00000      0.00000       1.3620000
      -1.6931812       1.0052143    0.0024331594      0.00000      0.00000       1.3580000
      -1.6760198       1.0048738    0.0023847078      0.00000      0.00000       1.3530000
      -1.6588624       1.0063196    0.0024462123      0.00000      0.00000       1.3490000
      -1.6417030      0.99735419    0.0024221235      0.00000      0.00000       1.3450000
      -1.6245494       1.0077713    0.0024001696      0.00000      0.00000       1.3410000
      -1.6073352       1.0007612    0.0023789218      0.00000      0.00000       1.3380001
      -1.5901794       1.0078475    0.0023501890      0.00000      0.00000       1.3340000
      -1.5730222       1.0051585    0.0023503695      0.00000      0.00000       1.3300000
      -1.5558700      0.99922602    0.0023401870      0.00000      0.00000       1.3260000
      -1.5387079       1.0041569    0.0023315379      0.00000      0.00000       1.3220000
      -1.5215525       1.0074945    0.0023554448      0.00000      0.00000       1.3190000
      -1.5043944       1.0041907    0.0023547029      0.00000      0.00000       1.3150001
      -1.4872407      0.99609726    0.0023330767      0.00000      0.00000       1.3120000
      -1.4700676       1.0013401    0.0023760287      0.00000      0.00000       1.3080000
      -1.4528847       1.0045614    0.0023217012      0.00000      0.00000       1.3049999
      -1.4357223       1.0042375    0.0023528698      0.00000      0.00000       1.3010000
      -1.4185246       1.0019903    0.0023370306      0.00000      0.00000       1.2980000
      -1.4013444       1.0062773    0.0023270773      0.00000      0.00000       1.2950000
      -1.3841855       1.0090036    0.0023736513      0.00000      0.00000       1.2910000
      -1.3669997       1.0094140    0.0023118535      0.00000      0.00000       1.2880000
      -1.3498463       1.0059925    0.0022709561      0.00000      0.00000       1.2850000
      -1.3326628       1.0040045    0.0023895880      0.00000      0.00000       1.2819999
      -1.3154663       1.0012628    0.0022815594      0.00000      0.00000       1.2790000
      -1.2982878       1.0038998    0.0022902595      0.00000      0.00000       1.2760000
      -1.2811327       1.0078775    0.0023250472      0.00000      0.00000       1.2730000
      -1.2639686      0.99761360    0.0022306019      0.00000      0.00000       1.2700000
      -1.2468145       1.0087650    0.0022627214      0.00000      0.00000       1.2670000
      -1.2296646      0.99902442    0.0022968877      0.00000      0.00000       1.2640001
      -1.2125125       1.0026647    0.0022435227      0.00000      0.00000       1.2610000
      -1.1953755       1.0063978    0.0022683130      0.00000      0.00000       1.2580000
      -1.1782241      0.99772066    0.0022432943      0.00000      0.00000       1.2550000
      -1.1610706       1.0044133    0.0022704126      0.00000      0.00000       1.2530000
      -1.1439169       1.0123832    0.0023379420      0.00000      0.00000       1.2500000
      -1.1267321       1.0011455    0.0022920208      0.00000      0.00000       1.2470000
      -1.1095584       1.0069734    0.0023314172      0.00000      0.00000       1.2450000
      -1.0924102       1.0052901    0.0023194516      0.00000      0.00000       1.2420000
      -1.0752579       1.0060313    0.0022986501      0.00000      0.00000       1.2400000
      -1.0580962       1.0050169    0.0023124516      0.00000      0.00000       1.2370000
      -1.0409426       1.0000345    0.0022358180      0.00000      0.00000       1.2350000
      -1.0237881       1.0077031    0.0022959201      0.00000      0.00000       1.2320000
      -1.0066325       1.0050844    0.0022643801      0.00000      0.00000       1.2300000
     -0.98947485       1.0046814    0.0023210480      0.00000      0.00000       1.2270000
     -0.97231195       1.0006381    0.0022831808      0.00000      0.00000       1.2250000
     -0.95515907       1.0043319    0.0023143119      0.00000      0.00000       1.2230000
     -0.93798331       1.0037429    0.0022908470      0.00000      0.00000       1.2200000
     -0.92082277       1.0021346    0.0022685505      0.00000      0.00000       1.2180001
     -0.90363025       1.0020183    0.0022652310      0.00000      0.00000       1.2160000
     -0.88647098       1.0058715    0.0023247557      0.00000      0.00000       1.2140000
     -0.86930338       1.0042378    0.0023632033      0.00000      0.00000       1.2120000
     -0.85214707      0.99765188    0.0023342977      0.00000      0.00000       1.2100000
     -0.83499177      0.99624090    0.0023182816      0.00000      0.00000       1.2079999
     -0.81781283       1.0055491    0.0023443107      0.00000      0.00000       1.2060000
     -0.80065585       1.0043135    0.0022926975      0.00000      0.00000       1.2040000
     -0.78350712       1.0079861    0.0023835321      0.00000      0.00000       1.2020000
     -0.76631989       1.0013933    0.0023900958      0.00000      0.00000       1.2000000
     -0.74916646       1.0033430    0.0022717875      0.00000      0.00000       1.1980000
     -0.73201772       1.0063968    0.0022985288      0.00000      0.00000       1.1960000
     -0.71485827       1.0037989    0.0022780029      0.00000      0.00000       1.1940000
     -0.69768679      0.99837644    0.0022928501      0.00000      0.00000       1.1920000
     -0.68053768       1.0051006    0.0023137875      0.00000      0.00000       1.1910000
     -0.66338503       1.0050117    0.0023392936      0.00000      0.00000       1.1890000
     -0.64623282       1.0073643    0.0023630250      0.00000      0.00000       1.1870000
     -0.62907667       1.0036259    0.0023739792      0.00000      0.00000       1.1849999
     -0.61190716       1.0045407    0.0023981659      0.00000      0.00000       1.1840000
     -0.59474967       1.0084809    0.0023355788      0.00000      0.00000       1.1820000
     -0.57759460      0.99680312    0.0022698513      0.00000      0.00000       1.1810000
     -0.56041372       1.0042268    0.0023108467      0.00000      0.00000       1.1790000
     -0.54326313       1.0000302    0.0022818022      0.00000      0.00000       1.1780000
     -0.52607189       1.0033799    0.0022672031      0.00000      0.00000       1.1760000
     -0.50891352       1.0019919    0.0022395717      0.00000      0.00000       1.1750000
     -0.49168405      0.98753974    0.0022260867      0.00000      0.00000       1.1730000
     -0.47451943       1.0088056    0.0023434332      0.00000      0.00000       1.1720001
     -0.45732503      0.99817792    0.0022869315      0.00000      0.00000       1.1700000
     -0.44017357       1.0087113    0.0023007414      0.00000      0.00000       1.1690000
     -0.42301279       1.0022958    0.0022792335      0.00000      0.00000       1.1680000
     -0.40583064      0.99843741    0.0022734396      0.00000      0.00000       1.1660000
     -0.38865100       1.0024127    0.0022454417      0.00000      0.00000       1.1650000
     -0.37149500       1.0043635    0.0022733902      0.00000      0.00000       1.1640000
     -0.35434107       1.0010406    0.0022493099      0.00000      0.00000       1.1630000
     -0.33717167       1.0036625    0.0022370769      0.00000      0.00000       1.1610000
     -0.32001138       1.0015954    0.0022323943      0.00000      0.00000       1.1600000
     -0.30285690      0.99981978    0.0022565602      0.00000      0.00000       1.1590000
     -0.28569942       1.0054205    0.0023089413      0.00000      0.00000       1.1580000
     -0.26853983      0.99934901    0.0022782668      0.00000      0.00000       1.1569999
     -0.25137686       1.0037040    0.0022661960      0.00000      0.00000       1.1560000
     -0.23421697       1.0045158    0.0022423440      0.00000      0.00000       1.1550000
     -0.21703383      0.99980392    0.0022131725      0.00000      0.00000       1.1540000
     -0.19983917      0.99753645    0.0022521246      0.00000      0.00000       1.1530000
     -0.18265923      0.99739403    0.0022503752      0.00000      0.00000       1.1520000
     -0.16550921       1.0125635    0.0022743049      0.00000      0.00000       1.1510000
     -0.14835759      0.99243750    0.0022077783      0.00000      0.00000       1.1500000
     -0.13120325       1.0035278    0.0022276065      0.00000      0.00000       1.1490000
     -0.11404668      0.99824393    0.0021947673      0.00000      0.00000       1.1480000
    -0.079706144       1.0038571    0.0022662319      0.00000      0.00000       1.1470000
    -0.062549081       1.0000954    0.0022278017      0.00000      0.00000       1.1460000
    -0.045385737       1.0013137    0.0022566217      0.00000      0.00000       1.1450000
    -0.028229568       1.0004757    0.0023240187      0.00000      0.00000       1.1440001
    -0.011077188       1.0050962    0.0023032853      0.00000      0.00000       1.1440001
    0.0060829930       1.0004025    0.0022997810      0.00000      0.00000       1.1430000
     0.023241006       1.0002268    0.0022692261      0.00000      0.00000       1.1420000
     0.057586715       1.0041084    0.0022938397      0.00000      0.00000       1.1410000
     0.074738078       1.0005486    0.0022762821      0.00000      0.00000       1.1410000
     0.091926958      0.99937170    0.0022616205      0.00000      0.00000       1.1400000
      0.10908441      0.98867596    0.0021945093      0.00000      0.00000       1.1400000
      0.12624985      0.99276649    0.0022222617      0.00000      0.00000       1.1390001
      0.14343952      0.99998634    0.0022236316      0.00000      0.00000       1.1390001
      0.16059910       1.0015823    0.0022233227      0.00000      0.00000       1.1380000
      0.17781410      0.99835547    0.0021734630      0.00000      0.00000       1.1380000
      0.19497075      0.99743654    0.0022038169      0.00000      0.00000       1.1370000
      0.21213238      0.99634601    0.0021845048      0.00000      0.00000       1.1370000
      0.22931802      0.99525865    0.0021985269      0.00000      0.00000       1.1370000
      0.24653504       1.0008622    0.0022094821      0.00000      0.00000       1.1360000
      0.26378680       1.0022907    0.0022962142      0.00000      0.00000       1.1360000
      0.28097971      0.99374402    0.0022087528      0.00000      0.00000       1.1360000
      0.29821431      0.99919968    0.0022259127      0.00000      0.00000       1.1360000
      0.31541125       1.0013834    0.0022230566      0.00000      0.00000       1.1350000
      0.33270907      0.99778333    0.0022097377      0.00000      0.00000       1.1350000
      0.35002717      0.99875973    0.0022131510      0.00000      0.00000       1.1350000
      0.36729911      0.99716543    0.0021979042      0.00000      0.00000       1.1350000
      0.38443540      0.99423576    0.0022290769      0.00000      0.00000       1.1350000
      0.40167135      0.99349381    0.0022340775      0.00000      0.00000       1.1350000
      0.41898493       1.0000000    0.0022448766      0.00000      0.00000       1.1339999
      0.43629516       1.0053644    0.0022866058      0.00000      0.00000       1.1339999
      0.45350696       1.0001845    0.0022163898      0.00000      0.00000       1.1339999
      0.47090033      0.99346015    0.0022109061      0.00000      0.00000       1.1339999
      0.48835700      0.99222858    0.0022092601      0.00000      0.00000       1.1339999
      0.50571612      0.99987570    0.0022450705      0.00000      0.00000       1.1339999
      0.52294159      0.99589525    0.0022424315      0.00000      0.00000       1.1339999
      0.54011025      0.99257789    0.0022236482      0.00000      0.00000       1.1350000
      0.55726436       1.0036293    0.0022652798      0.00000      0.00000       1.1350000
      0.57441739      0.99541831    0.0022206203      0.00000      0.00000       1.1350000
      0.59157442      0.99984530    0.0022804304      0.00000      0.00000       1.1350000
      0.60873171      0.99713544    0.0022645332      0.00000      0.00000       1.1350000
      0.62589252      0.99827743    0.0022447837      0.00000      0.00000       1.1350000
      0.64305001       1.0015941    0.0022566026      0.00000      0.00000       1.1360000
      0.66020143      0.99992659    0.0022286408      0.00000      0.00000       1.1360000
      0.67735273       1.0032561    0.0022586103      0.00000      0.00000       1.1360000
      0.69450846      0.99951119    0.0022513444      0.00000      0.00000       1.1370000
      0.71166889      0.99769643    0.0022287735      0.00000      0.00000       1.1370000
      0.72882775      0.99517094    0.0022842871      0.00000      0.00000       1.1370000
      0.74599063      0.99497828    0.0021914169      0.00000      0.00000       1.1380000
      0.76317700      0.99222281    0.0021793012      0.00000      0.00000       1.1380000
      0.78036917       1.0004678    0.0022632873      0.00000      0.00000       1.1380000
      0.81470158      0.98921289    0.0021919783      0.00000      0.00000       1.1390001
      0.83185868      0.99382865    0.0022265661      0.00000      0.00000       1.1400000
      0.84901674      0.99696798    0.0022269865      0.00000      0.00000       1.1400000
      0.86617046      0.99403342    0.0022206823      0.00000      0.00000       1.1410000
      0.88332214      0.99569893    0.0022192601      0.00000      0.00000       1.1420000
      0.90048270      0.99547716    0.0022018508      0.00000      0.00000       1.1420000
      0.91763412      0.99707341    0.0022635359      0.00000      0.00000       1.1430000
      0.93478792      0.99634934    0.0022118881      0.00000      0.00000       1.1440001
      0.95194602      0.99445419    0.0022265466      0.00000      0.00000       1.1440001
      0.96910892      0.99629894    0.0022276688      0.00000      0.00000       1.1450000
      0.98628861      0.99645754    0.0022325431      0.00000      0.00000       1.1460000
       1.0035013      0.98775899    0.0022500010      0.00000      0.00000       1.1460000
       1.0206516      0.98972650    0.0022223640      0.00000      0.00000       1.1470000
       1.0378065      0.99757612    0.0022652675      0.00000      0.00000       1.1480000
       1.0549635      0.99192024    0.0022340265      0.00000      0.00000       1.1490000
       1.0721177      0.99434160    0.0022631847      0.00000      0.00000       1.1500000
       1.0893100      0.99064835    0.0022194235      0.00000      0.00000       1.1510000
       1.1064706      0.99757002    0.0022767162      0.00000      0.00000       1.1520000
       1.1236278      0.99296419    0.0022419584      0.00000      0.00000       1.1520000
       1.1408128      0.98846826    0.0022110260      0.00000      0.00000       1.1530000
       1.1579989      0.99882484    0.0022651483      0.00000      0.00000       1.1540000
       1.1751856      0.98901544    0.0022328438      0.00000      0.00000       1.1550000
       1.1923734      0.99739842    0.0022747631      0.00000      0.00000       1.1560000
       1.2095557      0.99452475    0.0022541810      0.00000      0.00000       1.1580000
       1.2267322      0.98699452    0.0022260197      0.00000      0.00000       1.1590000
       1.2438903      0.98891650    0.0022358394      0.00000      0.00000       1.1600000
       1.2610724      0.99174099    0.0022618872      0.00000      0.00000       1.1610000
       1.2782571      0.99064818    0.0022473678      0.00000      0.00000       1.1619999
       1.2954189      0.98955115    0.0021974415      0.00000      0.00000       1.1630000
       1.3126110      0.99184976    0.0022282907      0.00000      0.00000       1.1650000
       1.3297718      0.99690571    0.0022443544      0.00000      0.00000       1.1660000
       1.3469247      0.99779057    0.0022478673      0.00000      0.00000       1.1670001
       1.3640834      0.98903592    0.0022092569      0.00000      0.00000       1.1680000
       1.3812403      0.99053397    0.0022243225      0.00000      0.00000       1.1700000
       1.3984073      0.99266560    0.0022553050      0.00000      0.00000       1.1710000
       1.4155817      0.99546586    0.0022343007      0.00000      0.00000       1.1730000
       1.4327269      0.99275527    0.0022389729      0.00000      0.00000       1.1740000
       1.4498929      0.99666744    0.0023519969      0.00000      0.00000       1.1750000
       1.4670406      0.99601865    0.0022839750      0.00000      0.00000       1.1770000
       1.4842200      0.99704520    0.0022400632      0.00000      0.00000       1.1790000
       1.5013747      0.99525304    0.0022037162      0.00000      0.00000       1.1799999
       1.5185259      0.99001622    0.0021948640      0.00000      0.00000       1.1820000
       1.5357130       1.0051133    0.0022730371      0.00000      0.00000       1.1830000
       1.5529072      0.99246367    0.0022491490      0.00000      0.00000       1.1849999
       1.5700583      0.99546977    0.0022523818      0.00000      0.00000       1.1870000
       1.5872133      0.99984498    0.0022750540      0.00000      0.00000       1.1880000
       1.6043720      0.98989347    0.0022578755      0.00000      0.00000       1.1900001
       1.6215549       1.0009960    0.0023139787      0.00000      0.00000       1.1920000
       1.6387078      0.99067029    0.0022248583      0.00000      0.00000       1.1940000
       1.6558656      0.99211469    0.0022394669      0.00000      0.00000       1.1950001
       1.6730446      0.98972064    0.0022083080      0.00000      0.00000       1.1970000
       1.6902109      0.99904547    0.0022736703      0.00000      0.00000       1.1990000
       1.7073672      0.99796632    0.0022633618      0.00000      0.00000       1.2010000
       1.7245177      0.99731347    0.0022525869      0.00000      0.00000       1.2029999
       1.7416723      0.99981782    0.0022838435      0.00000      0.00000       1.2050000
       1.7588465      0.99262821    0.0022480321      0.00000      0.00000       1.2070000
       1.7760022      0.99428681    0.0022589761      0.00000      0.00000       1.2090000
       1.7931647      0.99510997    0.0022520617      0.00000      0.00000       1.2110000
       1.8103677      0.99006304    0.0022619690      0.00000      0.00000       1.2130001
       1.8275192       1.0001021    0.0022715934      0.00000      0.00000       1.2150000
       1.8446959      0.99679491    0.0022676780      0.00000      0.00000       1.2180001
       1.8618395      0.99857536    0.0023047787      0.00000      0.00000       1.2200000
       1.8790021      0.98814618    0.0022547496      0.00000      0.00000       1.2220000
       1.8961957      0.99614327    0.0023291437      0.00000      0.00000       1.2240000
       1.9133663      0.99268885    0.0022559534      0.00000      0.00000       1.2270000
       1.9305401       1.0021597    0.0022970887      0.00000      0.00000       1.2290000
       1.9476975      0.99650380    0.0023104598      0.00000      0.00000       1.2309999
       1.9648636       1.0031204    0.0023130149      0.00000      0.00000       1.2340000
       1.9820230      0.99733818    0.0023160403      0.00000      0.00000       1.2359999
       1.9991862       1.0065012    0.0023388567      0.00000      0.00000       1.2390000
       2.0163497      0.99698545    0.0023287236      0.00000      0.00000       1.2410001
       2.0335066       1.0005873    0.0023230076      0.00000      0.00000       1.2440000
       2.0506635       1.0022567    0.0022823239      0.00000      0.00000       1.2460001
       2.0678104       1.0000399    0.0022801320      0.00000      0.00000       1.2490000
       2.0849738       1.0028822    0.0022956897      0.00000      0.00000       1.2520000
       2.1021310       1.0041945    0.0023107691      0.00000      0.00000       1.2539999
       2.1192868       1.0061885    0.0022777512      0.00000      0.00000       1.2570000
       2.1364658       1.0029146    0.0022733248      0.00000      0.00000       1.2600000
       2.1536434       1.0006255    0.0022619325      0.00000      0.00000       1.2630000
       2.1708035       1.0012578    0.0022789763      0.00000      0.00000       1.2660000
       2.1879862       1.0032829    0.0022725147      0.00000      0.00000       1.2690001
       2.2051383      0.99708983    0.0022325267      0.00000      0.00000       1.2720000
       2.2222890      0.99355916    0.0022471926      0.00000      0.00000       1.2750000
       2.2394492       1.0011571    0.0022811869      0.00000      0.00000       1.2780000
