#JD -  2457388 (hr) Flux  Fl_err  Model_fl   Residual for 1.56um (%) Airmass
      -2.4139274       1.0036177    0.0023863096      0.00000      0.00000       1.5900000
      -2.3967685       1.0014841    0.0024080662      0.00000      0.00000       1.5820000
      -2.3796119      0.99086264    0.0023441761      0.00000      0.00000       1.5750000
      -2.3624283      0.99706895    0.0024061483      0.00000      0.00000       1.5680000
      -2.3452542      0.99137877    0.0023489255      0.00000      0.00000       1.5610000
      -2.3280954       1.0004889    0.0022976501      0.00000      0.00000       1.5549999
      -2.3108841      0.99924612    0.0023407147      0.00000      0.00000       1.5480000
      -2.2937279      0.99977043    0.0023988052      0.00000      0.00000       1.5410000
      -2.2765756      0.99459809    0.0023101737      0.00000      0.00000       1.5350000
      -2.2594209      0.99896717    0.0024138951      0.00000      0.00000       1.5280000
      -2.2422617      0.99881371    0.0022408778      0.00000      0.00000       1.5220000
      -2.2251076      0.99707333    0.0021972056      0.00000      0.00000       1.5160000
      -2.2079540      0.99794309    0.0022067072      0.00000      0.00000       1.5100000
      -2.1907916      0.99959642    0.0021733015      0.00000      0.00000       1.5030000
      -2.1736349      0.99917467    0.0021851420      0.00000      0.00000       1.4970000
      -2.1564684      0.99712841    0.0021739104      0.00000      0.00000       1.4920000
      -2.1393057      0.99444225    0.0021923423      0.00000      0.00000       1.4859999
      -2.1221514       1.0007835    0.0021823077      0.00000      0.00000       1.4800000
      -2.1049994       1.0055297    0.0021962644      0.00000      0.00000       1.4740000
      -2.0878427       1.0031767    0.0022009084      0.00000      0.00000       1.4690000
      -2.0706809      0.98959206    0.0021524320      0.00000      0.00000       1.4630001
      -2.0535003       1.0035883    0.0021662136      0.00000      0.00000       1.4570000
      -2.0363209      0.99981296    0.0021195539      0.00000      0.00000       1.4520000
      -2.0191896      0.99404543    0.0021464168      0.00000      0.00000       1.4470000
      -2.0020402       1.0071664    0.0022701357      0.00000      0.00000       1.4410000
      -1.9848875       1.0072999    0.0021961397      0.00000      0.00000       1.4360000
      -1.9677348      0.99903909    0.0021629709      0.00000      0.00000       1.4310000
      -1.9505772      0.99900503    0.0021691767      0.00000      0.00000       1.4260000
      -1.9334253      0.99952040    0.0021687088      0.00000      0.00000       1.4210000
      -1.9162731      0.99505267    0.0022276711      0.00000      0.00000       1.4160000
      -1.8991183       1.0033021    0.0022272315      0.00000      0.00000       1.4110000
      -1.8819675      0.99488884    0.0022067812      0.00000      0.00000       1.4060000
      -1.8648166      0.99196397    0.0022052173      0.00000      0.00000       1.4020000
      -1.8476630      0.99602470    0.0021866102      0.00000      0.00000       1.3970000
      -1.8305127      0.99717808    0.0022152538      0.00000      0.00000       1.3920000
      -1.8133558      0.98801836    0.0024300591      0.00000      0.00000       1.3880000
      -1.7961718      0.99790190    0.0021874066      0.00000      0.00000       1.3830000
      -1.7789818      0.99766833    0.0021518401      0.00000      0.00000       1.3789999
      -1.7618224      0.99959223    0.0021848904      0.00000      0.00000       1.3750000
      -1.7446703      0.99358724    0.0021271781      0.00000      0.00000       1.3700000
      -1.7275163      0.99348049    0.0021363653      0.00000      0.00000       1.3660001
      -1.7103350      0.99743314    0.0021009598      0.00000      0.00000       1.3620000
      -1.6931812      0.99434160    0.0021260596      0.00000      0.00000       1.3580000
      -1.6760198      0.99499787    0.0020987623      0.00000      0.00000       1.3530000
      -1.6588624      0.99303866    0.0021421774      0.00000      0.00000       1.3490000
      -1.6417030      0.99005643    0.0021286671      0.00000      0.00000       1.3450000
      -1.6245494       1.0044989    0.0020768511      0.00000      0.00000       1.3410000
      -1.6073352      0.99340305    0.0020669029      0.00000      0.00000       1.3380001
      -1.5901794      0.99846207    0.0020435929      0.00000      0.00000       1.3340000
      -1.5730222      0.99552713    0.0020404529      0.00000      0.00000       1.3300000
      -1.5558700      0.99644417    0.0020599546      0.00000      0.00000       1.3260000
      -1.5387079      0.99797296    0.0020306096      0.00000      0.00000       1.3220000
      -1.5215525      0.99706419    0.0020390273      0.00000      0.00000       1.3190000
      -1.5043944      0.99546433    0.0020358831      0.00000      0.00000       1.3150001
      -1.4872407       1.0028889    0.0020321834      0.00000      0.00000       1.3120000
      -1.4700676       1.0020771    0.0020750199      0.00000      0.00000       1.3080000
      -1.4528847       1.0055333    0.0020178847      0.00000      0.00000       1.3049999
      -1.4357223      0.99671874    0.0020306255      0.00000      0.00000       1.3010000
      -1.4185246       1.0039645    0.0020154042      0.00000      0.00000       1.2980000
      -1.4013444      0.99898582    0.0019886710      0.00000      0.00000       1.2950000
      -1.3841855      0.99749108    0.0020234056      0.00000      0.00000       1.2910000
      -1.3669997      0.99973028    0.0019727090      0.00000      0.00000       1.2880000
      -1.3498463       1.0011382    0.0019392507      0.00000      0.00000       1.2850000
      -1.3326628      0.99655901    0.0020601564      0.00000      0.00000       1.2819999
      -1.3154663       1.0005286    0.0019606977      0.00000      0.00000       1.2790000
      -1.2982878      0.99783568    0.0019745174      0.00000      0.00000       1.2760000
      -1.2811327       1.0018175    0.0019864914      0.00000      0.00000       1.2730000
      -1.2639686      0.99832374    0.0019261987      0.00000      0.00000       1.2700000
      -1.2468145       1.0037252    0.0019396303      0.00000      0.00000       1.2670000
      -1.2296646       1.0073016    0.0020010415      0.00000      0.00000       1.2640001
      -1.2125125       1.0038087    0.0019280463      0.00000      0.00000       1.2610000
      -1.1953755       1.0028039    0.0019408323      0.00000      0.00000       1.2580000
      -1.1782241       1.0032894    0.0019410681      0.00000      0.00000       1.2550000
      -1.1610706       1.0002803    0.0019466890      0.00000      0.00000       1.2530000
      -1.1439169       1.0031537    0.0019946436      0.00000      0.00000       1.2500000
      -1.1267321       1.0072029    0.0019771869      0.00000      0.00000       1.2470000
      -1.1095584       1.0022763    0.0020183901      0.00000      0.00000       1.2450000
      -1.0924102      0.99929835    0.0019797683      0.00000      0.00000       1.2420000
      -1.0752579       1.0054821    0.0019774498      0.00000      0.00000       1.2400000
      -1.0580962       1.0029028    0.0019861723      0.00000      0.00000       1.2370000
      -1.0409426       1.0001739    0.0019237047      0.00000      0.00000       1.2350000
      -1.0237881      0.99987974    0.0019778203      0.00000      0.00000       1.2320000
      -1.0066325      0.99939349    0.0019464194      0.00000      0.00000       1.2300000
     -0.98947485      0.99940681    0.0019945068      0.00000      0.00000       1.2270000
     -0.97231195       1.0029627    0.0019564801      0.00000      0.00000       1.2250000
     -0.95515907       1.0053395    0.0019827371      0.00000      0.00000       1.2230000
     -0.93798331       1.0009422    0.0019636907      0.00000      0.00000       1.2200000
     -0.92082277      0.99964637    0.0019448089      0.00000      0.00000       1.2180001
     -0.90363025      0.99700901    0.0019463833      0.00000      0.00000       1.2160000
     -0.88647098      0.99751972    0.0019889867      0.00000      0.00000       1.2140000
     -0.86930338       1.0033836    0.0020265583      0.00000      0.00000       1.2120000
     -0.85214707       1.0059493    0.0020343616      0.00000      0.00000       1.2100000
     -0.83499177       1.0048513    0.0020362594      0.00000      0.00000       1.2079999
     -0.81781283      0.99767328    0.0019773883      0.00000      0.00000       1.2060000
     -0.80065585      0.98553247    0.0019220868      0.00000      0.00000       1.2040000
     -0.78350712       1.0019393    0.0020288337      0.00000      0.00000       1.2020000
     -0.76631989       1.0010430    0.0020449070      0.00000      0.00000       1.2000000
     -0.74916646       1.0014291    0.0019453054      0.00000      0.00000       1.1980000
     -0.73201772       1.0013993    0.0019642713      0.00000      0.00000       1.1960000
     -0.71485827      0.99921425    0.0019525525      0.00000      0.00000       1.1940000
     -0.69768679      0.99622240    0.0019764343      0.00000      0.00000       1.1920000
     -0.68053768       1.0065255    0.0020054976      0.00000      0.00000       1.1910000
     -0.66338503       1.0024306    0.0019960965      0.00000      0.00000       1.1890000
     -0.64623282       1.0077090    0.0020497954      0.00000      0.00000       1.1870000
     -0.62907667      0.99796697    0.0020517907      0.00000      0.00000       1.1849999
     -0.61190716      0.99895157    0.0020826173      0.00000      0.00000       1.1840000
     -0.59474967       1.0002965    0.0019902310      0.00000      0.00000       1.1820000
     -0.57759460       1.0025361    0.0019773141      0.00000      0.00000       1.1810000
     -0.56041372       1.0003710    0.0020078522      0.00000      0.00000       1.1790000
     -0.54326313       1.0033839    0.0020030028      0.00000      0.00000       1.1780000
     -0.52607189       1.0019917    0.0019648046      0.00000      0.00000       1.1760000
     -0.50891352       1.0009991    0.0019397150      0.00000      0.00000       1.1750000
     -0.49168405       1.0033752    0.0019680999      0.00000      0.00000       1.1730000
     -0.47451943       1.0054065    0.0020193517      0.00000      0.00000       1.1720001
     -0.45732503      0.99705335    0.0020009269      0.00000      0.00000       1.1700000
     -0.44017357       1.0024562    0.0019867428      0.00000      0.00000       1.1690000
     -0.42301279       1.0028709    0.0019806600      0.00000      0.00000       1.1680000
     -0.40583064      0.99708056    0.0019678489      0.00000      0.00000       1.1660000
     -0.38865100       1.0007102    0.0019359094      0.00000      0.00000       1.1650000
     -0.37149500       1.0006999    0.0019878402      0.00000      0.00000       1.1640000
     -0.35434107       1.0036946    0.0019830487      0.00000      0.00000       1.1630000
     -0.33717167       1.0066051    0.0019403806      0.00000      0.00000       1.1610000
     -0.32001138       1.0025288    0.0019342848      0.00000      0.00000       1.1600000
     -0.30285690      0.99933945    0.0019498507      0.00000      0.00000       1.1590000
     -0.28569942       1.0042186    0.0019970031      0.00000      0.00000       1.1580000
     -0.26853983       1.0050849    0.0019795897      0.00000      0.00000       1.1569999
     -0.25137686      0.99854456    0.0019534349      0.00000      0.00000       1.1560000
     -0.21703383      0.99867985    0.0019083492      0.00000      0.00000       1.1540000
     -0.19983917       1.0019322    0.0019594356      0.00000      0.00000       1.1530000
     -0.18265923       1.0020394    0.0019546145      0.00000      0.00000       1.1520000
     -0.16550921       1.0005110    0.0019292530      0.00000      0.00000       1.1510000
     -0.14835759       1.0096029    0.0019372466      0.00000      0.00000       1.1500000
     -0.13120325       1.0055440    0.0019057618      0.00000      0.00000       1.1490000
     -0.11404668       1.0007063    0.0018939414      0.00000      0.00000       1.1480000
    -0.096892018       1.0028684    0.0019111915      0.00000      0.00000       1.1470000
    -0.079706144       1.0064356    0.0019596231      0.00000      0.00000       1.1470000
    -0.062549081       1.0008460    0.0019299688      0.00000      0.00000       1.1460000
    -0.045385737       1.0079118    0.0019617267      0.00000      0.00000       1.1450000
    -0.028229568       1.0024677    0.0019958778      0.00000      0.00000       1.1440001
    -0.011077188      0.99796773    0.0019712304      0.00000      0.00000       1.1440001
    0.0060829930       1.0040965    0.0019783538      0.00000      0.00000       1.1430000
     0.023241006      0.99747015    0.0019498574      0.00000      0.00000       1.1420000
     0.040394884       1.0002987    0.0019734285      0.00000      0.00000       1.1420000
     0.057586715       1.0003656    0.0019563954      0.00000      0.00000       1.1410000
     0.074738078       1.0020257    0.0019564619      0.00000      0.00000       1.1410000
     0.091926958       1.0061245    0.0019317969      0.00000      0.00000       1.1400000
      0.10908441      0.99545958    0.0019119197      0.00000      0.00000       1.1400000
      0.12624985      0.99790808    0.0019219158      0.00000      0.00000       1.1390001
      0.14343952       1.0005680    0.0019099480      0.00000      0.00000       1.1390001
      0.16059910       1.0038746    0.0019086413      0.00000      0.00000       1.1380000
      0.17781410      0.99577572    0.0018596676      0.00000      0.00000       1.1380000
      0.19497075      0.99898230    0.0018843148      0.00000      0.00000       1.1370000
      0.21213238      0.99839633    0.0018908930      0.00000      0.00000       1.1370000
      0.22931802       1.0020438    0.0019070626      0.00000      0.00000       1.1370000
      0.24653504      0.99495886    0.0018850494      0.00000      0.00000       1.1360000
      0.26378680      0.99857196    0.0019543587      0.00000      0.00000       1.1360000
      0.28097971      0.99681664    0.0018889313      0.00000      0.00000       1.1360000
      0.29821431       1.0001419    0.0019071029      0.00000      0.00000       1.1360000
      0.31541125      0.99742201    0.0018930124      0.00000      0.00000       1.1350000
      0.33270907       1.0017811    0.0018987132      0.00000      0.00000       1.1350000
      0.35002717      0.99785861    0.0018956260      0.00000      0.00000       1.1350000
      0.36729911      0.99257838    0.0018822108      0.00000      0.00000       1.1350000
      0.38443540      0.99927799    0.0019167837      0.00000      0.00000       1.1350000
      0.40167135       1.0028847    0.0019355259      0.00000      0.00000       1.1350000
      0.41898493      0.99715439    0.0019243736      0.00000      0.00000       1.1339999
      0.43629516      0.99905346    0.0019325216      0.00000      0.00000       1.1339999
      0.45350696       1.0025507    0.0019035467      0.00000      0.00000       1.1339999
      0.47090033      0.99419242    0.0019099461      0.00000      0.00000       1.1339999
      0.48835700      0.99298691    0.0019073751      0.00000      0.00000       1.1339999
      0.50571612      0.99900075    0.0019302273      0.00000      0.00000       1.1339999
      0.52294159       1.0028155    0.0019500906      0.00000      0.00000       1.1339999
      0.54011025      0.99946979    0.0019438027      0.00000      0.00000       1.1350000
      0.55726436      0.99868270    0.0019564106      0.00000      0.00000       1.1350000
      0.57441739       1.0032128    0.0019339989      0.00000      0.00000       1.1350000
      0.59157442      0.99925687    0.0019668356      0.00000      0.00000       1.1350000
      0.60873171      0.99929892    0.0019657752      0.00000      0.00000       1.1350000
      0.62589252       1.0016551    0.0019519097      0.00000      0.00000       1.1350000
      0.64305001      0.99913414    0.0019729576      0.00000      0.00000       1.1360000
      0.66020143      0.99485240    0.0019222631      0.00000      0.00000       1.1360000
      0.67735273       1.0058291    0.0019568022      0.00000      0.00000       1.1360000
      0.69450846       1.0007194    0.0019551086      0.00000      0.00000       1.1370000
      0.71166889      0.99696534    0.0019269036      0.00000      0.00000       1.1370000
      0.72882775      0.99303771    0.0019785627      0.00000      0.00000       1.1370000
      0.74599063      0.99407112    0.0018983804      0.00000      0.00000       1.1380000
      0.76317700      0.99538251    0.0018986244      0.00000      0.00000       1.1380000
      0.78036917       1.0003933    0.0019514861      0.00000      0.00000       1.1380000
      0.79755127      0.99966130    0.0019339314      0.00000      0.00000       1.1390001
      0.81470158      0.99555196    0.0019047532      0.00000      0.00000       1.1390001
      0.83185868      0.99806515    0.0019411774      0.00000      0.00000       1.1400000
      0.84901674      0.99749042    0.0019245780      0.00000      0.00000       1.1400000
      0.86617046       1.0006009    0.0019428111      0.00000      0.00000       1.1410000
      0.88332214      0.99798495    0.0019384938      0.00000      0.00000       1.1420000
      0.90048270       1.0009733    0.0019364658      0.00000      0.00000       1.1420000
      0.91763412      0.99852506    0.0019692805      0.00000      0.00000       1.1430000
      0.93478792      0.99614039    0.0019146568      0.00000      0.00000       1.1440001
      0.95194602       1.0001767    0.0019573425      0.00000      0.00000       1.1440001
      0.96910892       1.0013876    0.0019567360      0.00000      0.00000       1.1450000
      0.98628861       1.0025459    0.0019660273      0.00000      0.00000       1.1460000
       1.0035013      0.99624333    0.0020026903      0.00000      0.00000       1.1460000
       1.0206516       1.0006924    0.0019719185      0.00000      0.00000       1.1470000
       1.0378065      0.99684718    0.0019741528      0.00000      0.00000       1.1480000
       1.0549635       1.0001500    0.0019843660      0.00000      0.00000       1.1490000
       1.0721177       1.0016084    0.0020059934      0.00000      0.00000       1.1500000
       1.0893100      0.99738824    0.0019702748      0.00000      0.00000       1.1510000
       1.1064706      0.99711985    0.0020045907      0.00000      0.00000       1.1520000
       1.1236278       1.0016248    0.0019899697      0.00000      0.00000       1.1520000
       1.1408128      0.99374365    0.0019570593      0.00000      0.00000       1.1530000
       1.1579989       1.0001794    0.0019848517      0.00000      0.00000       1.1540000
       1.1751856      0.99247734    0.0019746909      0.00000      0.00000       1.1550000
       1.1923734      0.99690369    0.0020095360      0.00000      0.00000       1.1560000
       1.2095557       1.0030344    0.0020093225      0.00000      0.00000       1.1580000
       1.2267322       1.0007188    0.0020009678      0.00000      0.00000       1.1590000
       1.2438903      0.99745912    0.0019900870      0.00000      0.00000       1.1600000
       1.2610724      0.99772275    0.0020059982      0.00000      0.00000       1.1610000
       1.2782571       1.0028422    0.0020135009      0.00000      0.00000       1.1619999
       1.2954189       1.0015219    0.0019653723      0.00000      0.00000       1.1630000
       1.3126110       1.0003507    0.0019911745      0.00000      0.00000       1.1650000
       1.3297718       1.0032156    0.0019983408      0.00000      0.00000       1.1660000
       1.3469247       1.0000297    0.0019759984      0.00000      0.00000       1.1670001
       1.3640834      0.99239467    0.0019535303      0.00000      0.00000       1.1680000
       1.3812403      0.99902378    0.0019598749      0.00000      0.00000       1.1700000
       1.3984073      0.99982618    0.0019907277      0.00000      0.00000       1.1710000
       1.4155817      0.99926210    0.0019712427      0.00000      0.00000       1.1730000
       1.4327269       1.0055185    0.0019835067      0.00000      0.00000       1.1740000
       1.4498929       1.0052786    0.0020798146      0.00000      0.00000       1.1750000
       1.4670406      0.99018363    0.0019977115      0.00000      0.00000       1.1770000
       1.4842200      0.99814716    0.0019691470      0.00000      0.00000       1.1790000
       1.5013747       1.0003042    0.0019345132      0.00000      0.00000       1.1799999
       1.5185259      0.99805849    0.0019269836      0.00000      0.00000       1.1820000
       1.5357130       1.0024068    0.0019677265      0.00000      0.00000       1.1830000
       1.5529072       1.0000599    0.0019711613      0.00000      0.00000       1.1849999
       1.5700583      0.99600663    0.0019601917      0.00000      0.00000       1.1870000
       1.5872133       1.0049537    0.0020006783      0.00000      0.00000       1.1880000
       1.6043720       1.0034907    0.0020013058      0.00000      0.00000       1.1900001
       1.6215549       1.0006950    0.0020252138      0.00000      0.00000       1.1920000
       1.6387078      0.99340466    0.0019589194      0.00000      0.00000       1.1940000
       1.6558656       1.0013329    0.0019712853      0.00000      0.00000       1.1950001
       1.6730446       1.0004774    0.0019616758      0.00000      0.00000       1.1970000
       1.6902109       1.0036176    0.0019940743      0.00000      0.00000       1.1990000
       1.7073672      0.99868784    0.0020005066      0.00000      0.00000       1.2010000
       1.7245177       1.0027373    0.0019929352      0.00000      0.00000       1.2029999
       1.7416723       1.0008108    0.0020047886      0.00000      0.00000       1.2050000
       1.7588465      0.99618939    0.0019831485      0.00000      0.00000       1.2070000
       1.7760022       1.0000000    0.0019814958      0.00000      0.00000       1.2090000
       1.7931647      0.99787250    0.0019546052      0.00000      0.00000       1.2110000
       1.8103677      0.99845970    0.0020101492      0.00000      0.00000       1.2130001
       1.8275192      0.99824002    0.0019790963      0.00000      0.00000       1.2150000
       1.8446959      0.99500453    0.0019744607      0.00000      0.00000       1.2180001
       1.8618395      0.99713821    0.0020266316      0.00000      0.00000       1.2200000
       1.8790021       1.0027500    0.0020162796      0.00000      0.00000       1.2220000
       1.8961957       1.0053088    0.0020563821      0.00000      0.00000       1.2240000
       1.9133663      0.99939130    0.0019952195      0.00000      0.00000       1.2270000
       1.9305401       1.0053304    0.0020264783      0.00000      0.00000       1.2290000
       1.9476975      0.99806354    0.0020319649      0.00000      0.00000       1.2309999
       1.9648636       1.0021292    0.0020457380      0.00000      0.00000       1.2340000
       1.9820230      0.99913071    0.0020508493      0.00000      0.00000       1.2359999
       1.9991862       1.0023868    0.0020496586      0.00000      0.00000       1.2390000
       2.0163497      0.99990467    0.0020571200      0.00000      0.00000       1.2410001
       2.0335066       1.0051790    0.0020666941      0.00000      0.00000       1.2440000
       2.0506635       1.0030217    0.0019966055      0.00000      0.00000       1.2460001
       2.0678104      0.99602851    0.0020036651      0.00000      0.00000       1.2490000
       2.0849738       1.0050000    0.0020236566      0.00000      0.00000       1.2520000
       2.1021310       1.0017219    0.0020133975      0.00000      0.00000       1.2539999
       2.1192868       1.0047231    0.0019961707      0.00000      0.00000       1.2570000
       2.1364658       1.0017892    0.0020024188      0.00000      0.00000       1.2600000
       2.1536434       1.0011350    0.0019736556      0.00000      0.00000       1.2630000
       2.1708035       1.0026582    0.0019833769      0.00000      0.00000       1.2660000
       2.1879862       1.0060301    0.0019771066      0.00000      0.00000       1.2690001
       2.2051383      0.99297245    0.0019334802      0.00000      0.00000       1.2720000
       2.2222890      0.99406084    0.0019653803      0.00000      0.00000       1.2750000
       2.2394492       1.0009848    0.0019822997      0.00000      0.00000       1.2780000
