#JD -  2457388 (hr) Flux  Fl_err  Model_fl   Residual for 1.14um (%) Airmass
      -2.4139274      0.99909766    0.0023756217      0.00000      0.00000       1.5900000
      -2.3967685      0.99317195    0.0023881691      0.00000      0.00000       1.5820000
      -2.3796119       1.0085228    0.0023747874      0.00000      0.00000       1.5750000
      -2.3624283      0.99273901    0.0023745699      0.00000      0.00000       1.5680000
      -2.3452542       1.0021720    0.0023602688      0.00000      0.00000       1.5610000
      -2.3280954      0.99330370    0.0023030337      0.00000      0.00000       1.5549999
      -2.3108841      0.99582819    0.0023486652      0.00000      0.00000       1.5480000
      -2.2937279      0.99620230    0.0023723527      0.00000      0.00000       1.5410000
      -2.2765756       1.0044484    0.0023388871      0.00000      0.00000       1.5350000
      -2.2594209      0.99082842    0.0023745456      0.00000      0.00000       1.5280000
      -2.2422617       1.0033909    0.0023016982      0.00000      0.00000       1.5220000
      -2.2251076      0.99820203    0.0022568728      0.00000      0.00000       1.5160000
      -2.2079540      0.99795419    0.0022738758      0.00000      0.00000       1.5100000
      -2.1907916      0.99692704    0.0022438269      0.00000      0.00000       1.5030000
      -2.1736349      0.99758802    0.0022434603      0.00000      0.00000       1.4970000
      -2.1564684      0.99663200    0.0022520977      0.00000      0.00000       1.4920000
      -2.1393057       1.0030934    0.0022821488      0.00000      0.00000       1.4859999
      -2.1221514      0.99312061    0.0022495349      0.00000      0.00000       1.4800000
      -2.1049994      0.99969534    0.0022243996      0.00000      0.00000       1.4740000
      -2.0878427       1.0058615    0.0022776433      0.00000      0.00000       1.4690000
      -2.0706809      0.99660739    0.0022484198      0.00000      0.00000       1.4630001
      -2.0535003      0.99941686    0.0022451360      0.00000      0.00000       1.4570000
      -2.0363209      0.99734745    0.0022245047      0.00000      0.00000       1.4520000
      -2.0191896      0.99058147    0.0022267679      0.00000      0.00000       1.4470000
      -2.0020402       1.0008738    0.0022915693      0.00000      0.00000       1.4410000
      -1.9848875       1.0007784    0.0022562618      0.00000      0.00000       1.4360000
      -1.9677348       1.0004192    0.0022441884      0.00000      0.00000       1.4310000
      -1.9505772       1.0003202    0.0022495858      0.00000      0.00000       1.4260000
      -1.9334253      0.99731255    0.0022353444      0.00000      0.00000       1.4210000
      -1.9162731      0.99782949    0.0022934204      0.00000      0.00000       1.4160000
      -1.8991183       1.0018767    0.0022902510      0.00000      0.00000       1.4110000
      -1.8819675       1.0041792    0.0023081409      0.00000      0.00000       1.4060000
      -1.8648166      0.99985226    0.0023008362      0.00000      0.00000       1.4020000
      -1.8476630       1.0060927    0.0022962180      0.00000      0.00000       1.3970000
      -1.8305127      0.99905013    0.0022917482      0.00000      0.00000       1.3920000
      -1.8133558       1.0007899    0.0024990227      0.00000      0.00000       1.3880000
      -1.7961718      0.99874133    0.0022817716      0.00000      0.00000       1.3830000
      -1.7789818      0.99318190    0.0022581566      0.00000      0.00000       1.3789999
      -1.7618224      0.99495739    0.0022616125      0.00000      0.00000       1.3750000
      -1.7446703      0.99438308    0.0022413438      0.00000      0.00000       1.3700000
      -1.7275163       1.0012885    0.0022527617      0.00000      0.00000       1.3660001
      -1.7103350      0.99813515    0.0022195828      0.00000      0.00000       1.3620000
      -1.6931812      0.99804903    0.0022562804      0.00000      0.00000       1.3580000
      -1.6760198      0.99657686    0.0022363186      0.00000      0.00000       1.3530000
      -1.6588624      0.99199414    0.0022502086      0.00000      0.00000       1.3490000
      -1.6417030      0.99862759    0.0022658767      0.00000      0.00000       1.3450000
      -1.6245494       1.0030507    0.0022014744      0.00000      0.00000       1.3410000
      -1.6073352       1.0027487    0.0022313135      0.00000      0.00000       1.3380001
      -1.5901794       1.0030459    0.0021913410      0.00000      0.00000       1.3340000
      -1.5730222      0.99912640    0.0021907302      0.00000      0.00000       1.3300000
      -1.5558700      0.99320461    0.0022084656      0.00000      0.00000       1.3260000
      -1.5387079       1.0022914    0.0021861766      0.00000      0.00000       1.3220000
      -1.5215525      0.99861104    0.0021908536      0.00000      0.00000       1.3190000
      -1.5043944      0.99419754    0.0021973457      0.00000      0.00000       1.3150001
      -1.4872407      0.99972588    0.0021973013      0.00000      0.00000       1.3120000
      -1.4700676       1.0001833    0.0022237115      0.00000      0.00000       1.3080000
      -1.4528847      0.99625878    0.0021703346      0.00000      0.00000       1.3049999
      -1.4357223      0.99853018    0.0022055363      0.00000      0.00000       1.3010000
      -1.4185246      0.99958339    0.0021840715      0.00000      0.00000       1.2980000
      -1.4013444       1.0056976    0.0021944935      0.00000      0.00000       1.2950000
      -1.3841855       1.0058615    0.0022001240      0.00000      0.00000       1.2910000
      -1.3669997      0.99809858    0.0021563756      0.00000      0.00000       1.2880000
      -1.3498463      0.99902798    0.0021380311      0.00000      0.00000       1.2850000
      -1.3326628      0.99794748    0.0022232052      0.00000      0.00000       1.2819999
      -1.3154663       1.0007132    0.0021562906      0.00000      0.00000       1.2790000
      -1.2982878       1.0006687    0.0021712870      0.00000      0.00000       1.2760000
      -1.2811327       1.0053300    0.0021792184      0.00000      0.00000       1.2730000
      -1.2639686       1.0018178    0.0021372085      0.00000      0.00000       1.2700000
      -1.2468145      0.99961929    0.0021423029      0.00000      0.00000       1.2670000
      -1.2296646      0.99839932    0.0021764455      0.00000      0.00000       1.2640001
      -1.2125125       1.0080421    0.0021368434      0.00000      0.00000       1.2610000
      -1.1953755       1.0018178    0.0021489649      0.00000      0.00000       1.2580000
      -1.1782241      0.99677102    0.0021401565      0.00000      0.00000       1.2550000
      -1.1610706       1.0011105    0.0021546536      0.00000      0.00000       1.2530000
      -1.1439169       1.0023912    0.0021856388      0.00000      0.00000       1.2500000
      -1.1267321       1.0007572    0.0021481906      0.00000      0.00000       1.2470000
      -1.1095584       1.0042682    0.0021929231      0.00000      0.00000       1.2450000
      -1.0924102      0.99959625    0.0021700934      0.00000      0.00000       1.2420000
      -1.0752579       1.0037344    0.0021583599      0.00000      0.00000       1.2400000
      -1.0580962       1.0032696    0.0021831263      0.00000      0.00000       1.2370000
      -1.0409426       1.0074000    0.0021572858      0.00000      0.00000       1.2350000
      -1.0237881       1.0024039    0.0021573542      0.00000      0.00000       1.2320000
      -1.0066325      0.99640116    0.0021437412      0.00000      0.00000       1.2300000
     -0.98947485       1.0024978    0.0021754621      0.00000      0.00000       1.2270000
     -0.97231195       1.0024651    0.0021599198      0.00000      0.00000       1.2250000
     -0.95515907      0.99592292    0.0021744937      0.00000      0.00000       1.2230000
     -0.93798331       1.0024834    0.0021530996      0.00000      0.00000       1.2200000
     -0.92082277      0.99662685    0.0021594326      0.00000      0.00000       1.2180001
     -0.90363025      0.99565618    0.0021441263      0.00000      0.00000       1.2160000
     -0.88647098       1.0000000    0.0021951071      0.00000      0.00000       1.2140000
     -0.86930338       1.0117358    0.0022200295      0.00000      0.00000       1.2120000
     -0.85214707      0.99811737    0.0021866980      0.00000      0.00000       1.2100000
     -0.83499177       1.0000620    0.0021905050      0.00000      0.00000       1.2079999
     -0.81781283       1.0016480    0.0021875381      0.00000      0.00000       1.2060000
     -0.80065585       1.0035070    0.0021567502      0.00000      0.00000       1.2040000
     -0.78350712      0.99297813    0.0022118906      0.00000      0.00000       1.2020000
     -0.76631989      0.99973561    0.0022501018      0.00000      0.00000       1.2000000
     -0.73201772       1.0023929    0.0021687131      0.00000      0.00000       1.1960000
     -0.71485827       1.0082490    0.0021684510      0.00000      0.00000       1.1940000
     -0.69768679       1.0013019    0.0021831167      0.00000      0.00000       1.1920000
     -0.68053768       1.0036872    0.0021843692      0.00000      0.00000       1.1910000
     -0.66338503       1.0034278    0.0021918305      0.00000      0.00000       1.1890000
     -0.64623282       1.0046622    0.0022107562      0.00000      0.00000       1.1870000
     -0.62907667      0.99186195    0.0022187313      0.00000      0.00000       1.1849999
     -0.61190716       1.0061118    0.0022541755      0.00000      0.00000       1.1840000
     -0.59474967       1.0038786    0.0021813053      0.00000      0.00000       1.1820000
     -0.57759460       1.0045384    0.0021770674      0.00000      0.00000       1.1810000
     -0.56041372      0.99353588    0.0021688719      0.00000      0.00000       1.1790000
     -0.54326313       1.0009470    0.0021930053      0.00000      0.00000       1.1780000
     -0.52607189       1.0097754    0.0021714226      0.00000      0.00000       1.1760000
     -0.50891352       1.0046732    0.0021539513      0.00000      0.00000       1.1750000
     -0.49168405      0.99892777    0.0021435356      0.00000      0.00000       1.1730000
     -0.47451943       1.0023817    0.0021891723      0.00000      0.00000       1.1720001
     -0.45732503       1.0075276    0.0022096430      0.00000      0.00000       1.1700000
     -0.44017357       1.0132577    0.0021862919      0.00000      0.00000       1.1690000
     -0.42301279       1.0028220    0.0021602402      0.00000      0.00000       1.1680000
     -0.40583064       1.0080937    0.0021948828      0.00000      0.00000       1.1660000
     -0.38865100       1.0043247    0.0021663113      0.00000      0.00000       1.1650000
     -0.37149500       1.0065329    0.0021754817      0.00000      0.00000       1.1640000
     -0.33717167       1.0004338    0.0021332813      0.00000      0.00000       1.1610000
     -0.32001138       1.0035972    0.0021370606      0.00000      0.00000       1.1600000
     -0.30285690      0.99913009    0.0021578042      0.00000      0.00000       1.1590000
     -0.28569942       1.0024628    0.0021887428      0.00000      0.00000       1.1580000
     -0.26853983       1.0072872    0.0021698494      0.00000      0.00000       1.1569999
     -0.25137686       1.0029536    0.0021604840      0.00000      0.00000       1.1560000
     -0.23421697       1.0011783    0.0021666729      0.00000      0.00000       1.1550000
     -0.21703383       1.0042913    0.0021303308      0.00000      0.00000       1.1540000
     -0.19983917       1.0069425    0.0021674859      0.00000      0.00000       1.1530000
     -0.18265923       1.0023942    0.0021574671      0.00000      0.00000       1.1520000
     -0.16550921       1.0046088    0.0021407649      0.00000      0.00000       1.1510000
     -0.14835759       1.0107352    0.0021377434      0.00000      0.00000       1.1500000
     -0.13120325       1.0031234    0.0021283889      0.00000      0.00000       1.1490000
     -0.11404668       1.0055090    0.0021256973      0.00000      0.00000       1.1480000
    -0.096892018       1.0017966    0.0021319807      0.00000      0.00000       1.1470000
    -0.079706144       1.0032488    0.0021511177      0.00000      0.00000       1.1470000
    -0.062549081      0.99423053    0.0021222741      0.00000      0.00000       1.1460000
    -0.045385737       1.0018738    0.0021509410      0.00000      0.00000       1.1450000
    -0.028229568       1.0009524    0.0021882170      0.00000      0.00000       1.1440001
    -0.011077188       1.0036123    0.0021764634      0.00000      0.00000       1.1440001
    0.0060829930       1.0072168    0.0021917038      0.00000      0.00000       1.1430000
     0.023241006      0.99512638    0.0021583282      0.00000      0.00000       1.1420000
     0.040394884       1.0053960    0.0021843152      0.00000      0.00000       1.1420000
     0.057586715       1.0052986    0.0021767445      0.00000      0.00000       1.1410000
     0.074738078      0.99784761    0.0021684715      0.00000      0.00000       1.1410000
     0.091926958       1.0051352    0.0021558118      0.00000      0.00000       1.1400000
      0.10908441      0.99900483    0.0021426926      0.00000      0.00000       1.1400000
      0.12624985       1.0037142    0.0021570095      0.00000      0.00000       1.1390001
      0.14343952       1.0060067    0.0021335227      0.00000      0.00000       1.1390001
      0.16059910       1.0005671    0.0021296731      0.00000      0.00000       1.1380000
      0.17781410       1.0092169    0.0021183913      0.00000      0.00000       1.1380000
      0.19497075       1.0053586    0.0021236005      0.00000      0.00000       1.1370000
      0.21213238      0.99779303    0.0021195296      0.00000      0.00000       1.1370000
      0.22931802       1.0097700    0.0021584809      0.00000      0.00000       1.1370000
      0.24653504       1.0034292    0.0021278867      0.00000      0.00000       1.1360000
      0.26378680       1.0095214    0.0021884414      0.00000      0.00000       1.1360000
      0.28097971       1.0037615    0.0021478599      0.00000      0.00000       1.1360000
      0.29821431       1.0035140    0.0021425181      0.00000      0.00000       1.1360000
      0.31541125       1.0013968    0.0021513289      0.00000      0.00000       1.1350000
      0.33270907      0.99634792    0.0021180097      0.00000      0.00000       1.1350000
      0.35002717       1.0025002    0.0021429141      0.00000      0.00000       1.1350000
      0.36729911      0.99698061    0.0021393715      0.00000      0.00000       1.1350000
      0.38443540       1.0067479    0.0021574896      0.00000      0.00000       1.1350000
      0.40167135      0.99858185    0.0021627792      0.00000      0.00000       1.1350000
      0.41898493       1.0049563    0.0021566864      0.00000      0.00000       1.1339999
      0.43629516       1.0021611    0.0021787031      0.00000      0.00000       1.1339999
      0.45350696       1.0005164    0.0021243342      0.00000      0.00000       1.1339999
      0.47090033       1.0025115    0.0021329152      0.00000      0.00000       1.1339999
      0.48835700      0.99708842    0.0021463852      0.00000      0.00000       1.1339999
      0.50571612       1.0023426    0.0021529805      0.00000      0.00000       1.1339999
      0.52294159       1.0005741    0.0021491187      0.00000      0.00000       1.1339999
      0.54011025       1.0004010    0.0021800915      0.00000      0.00000       1.1350000
      0.55726436      0.99636827    0.0021541486      0.00000      0.00000       1.1350000
      0.57441739      0.99913983    0.0021321092      0.00000      0.00000       1.1350000
      0.59157442      0.99959715    0.0021659050      0.00000      0.00000       1.1350000
      0.60873171       1.0015468    0.0021774545      0.00000      0.00000       1.1350000
      0.62589252       1.0013968    0.0021521987      0.00000      0.00000       1.1350000
      0.64305001       1.0023090    0.0021668952      0.00000      0.00000       1.1360000
      0.66020143       1.0053731    0.0021565068      0.00000      0.00000       1.1360000
      0.67735273       1.0004568    0.0021458611      0.00000      0.00000       1.1360000
      0.69450846      0.99721190    0.0021407059      0.00000      0.00000       1.1370000
      0.71166889       1.0030006    0.0021405550      0.00000      0.00000       1.1370000
      0.72882775      0.99572731    0.0021775814      0.00000      0.00000       1.1370000
      0.74599063      0.99950532    0.0021375577      0.00000      0.00000       1.1380000
      0.76317700       1.0010470    0.0021326492      0.00000      0.00000       1.1380000
      0.78036917       1.0070837    0.0021917709      0.00000      0.00000       1.1380000
      0.81470158       1.0021460    0.0021407856      0.00000      0.00000       1.1390001
      0.83185868       1.0050322    0.0021594176      0.00000      0.00000       1.1400000
      0.84901674      0.99514640    0.0021555033      0.00000      0.00000       1.1400000
      0.86617046      0.99899152    0.0021528305      0.00000      0.00000       1.1410000
      0.88332214       1.0031146    0.0021447163      0.00000      0.00000       1.1420000
      0.90048270       1.0054048    0.0021533764      0.00000      0.00000       1.1420000
      0.91763412       1.0050911    0.0021572563      0.00000      0.00000       1.1430000
      0.93478792       1.0044222    0.0021521819      0.00000      0.00000       1.1440001
      0.95194602      0.99843097    0.0021526511      0.00000      0.00000       1.1440001
      0.96910892      0.99700052    0.0021421443      0.00000      0.00000       1.1450000
      0.98628861      0.99998378    0.0021423152      0.00000      0.00000       1.1460000
       1.0035013      0.99966123    0.0021950403      0.00000      0.00000       1.1460000
       1.0206516       1.0015505    0.0021713316      0.00000      0.00000       1.1470000
       1.0378065      0.99441395    0.0021641368      0.00000      0.00000       1.1480000
       1.0549635      0.99663904    0.0021630323      0.00000      0.00000       1.1490000
       1.0721177       1.0031964    0.0021983005      0.00000      0.00000       1.1500000
       1.0893100      0.99484779    0.0021617490      0.00000      0.00000       1.1510000
       1.1064706       1.0110617    0.0022045031      0.00000      0.00000       1.1520000
       1.1236278      0.99945198    0.0021603442      0.00000      0.00000       1.1520000
       1.1408128      0.99999955    0.0021724087      0.00000      0.00000       1.1530000
       1.1579989      0.99068134    0.0021557812      0.00000      0.00000       1.1540000
       1.1751856      0.99633170    0.0021784466      0.00000      0.00000       1.1550000
       1.1923734       1.0039862    0.0021829249      0.00000      0.00000       1.1560000
       1.2095557       1.0009651    0.0021728132      0.00000      0.00000       1.1580000
       1.2267322      0.99442782    0.0021760217      0.00000      0.00000       1.1590000
       1.2438903      0.99848555    0.0021750691      0.00000      0.00000       1.1600000
       1.2610724       1.0009977    0.0021824744      0.00000      0.00000       1.1610000
       1.2782571      0.99931653    0.0021997964      0.00000      0.00000       1.1619999
       1.2954189      0.99448352    0.0021576089      0.00000      0.00000       1.1630000
       1.3126110      0.99646759    0.0021603368      0.00000      0.00000       1.1650000
       1.3297718       1.0020071    0.0021655306      0.00000      0.00000       1.1660000
       1.3469247      0.99872087    0.0021525004      0.00000      0.00000       1.1670001
       1.3812403      0.99715911    0.0021663083      0.00000      0.00000       1.1700000
       1.4155817       1.0052960    0.0021901096      0.00000      0.00000       1.1730000
       1.4327269      0.99622087    0.0021729242      0.00000      0.00000       1.1740000
       1.4498929      0.98910874    0.0022309327      0.00000      0.00000       1.1750000
       1.4670406      0.99937469    0.0022024821      0.00000      0.00000       1.1770000
       1.4842200      0.99578211    0.0021664774      0.00000      0.00000       1.1790000
       1.5013747      0.99502315    0.0021498544      0.00000      0.00000       1.1799999
       1.5185259      0.99780175    0.0021664549      0.00000      0.00000       1.1820000
       1.5357130      0.99467689    0.0021553194      0.00000      0.00000       1.1830000
       1.5529072      0.99611842    0.0021930955      0.00000      0.00000       1.1849999
       1.5700583       1.0067739    0.0021729364      0.00000      0.00000       1.1870000
       1.5872133      0.99678175    0.0021703387      0.00000      0.00000       1.1880000
       1.6043720      0.99695925    0.0021937467      0.00000      0.00000       1.1900001
       1.6215549       1.0020045    0.0022078791      0.00000      0.00000       1.1920000
       1.6387078      0.99652798    0.0021795982      0.00000      0.00000       1.1940000
       1.6558656      0.99579016    0.0021604490      0.00000      0.00000       1.1950001
       1.6730446      0.99150841    0.0021492727      0.00000      0.00000       1.1970000
       1.6902109      0.99411746    0.0021661842      0.00000      0.00000       1.1990000
       1.7073672      0.99004228    0.0022086223      0.00000      0.00000       1.2010000
       1.7245177      0.99363341    0.0021815493      0.00000      0.00000       1.2029999
       1.7416723      0.99913524    0.0022168035      0.00000      0.00000       1.2050000
       1.7588465      0.99547969    0.0021871801      0.00000      0.00000       1.2070000
       1.7760022       1.0005266    0.0021873083      0.00000      0.00000       1.2090000
       1.7931647      0.99405975    0.0021864068      0.00000      0.00000       1.2110000
       1.8103677      0.98979243    0.0021918626      0.00000      0.00000       1.2130001
       1.8275192      0.99496634    0.0022091282      0.00000      0.00000       1.2150000
       1.8446959       1.0003699    0.0022045121      0.00000      0.00000       1.2180001
       1.8618395      0.98953094    0.0021908707      0.00000      0.00000       1.2200000
       1.8790021      0.99327149    0.0021877992      0.00000      0.00000       1.2220000
       1.8961957      0.99742518    0.0022092833      0.00000      0.00000       1.2240000
       1.9133663      0.99907697    0.0021946276      0.00000      0.00000       1.2270000
       1.9305401      0.99716425    0.0022117682      0.00000      0.00000       1.2290000
       1.9476975       1.0042189    0.0022285098      0.00000      0.00000       1.2309999
       1.9648636      0.99900685    0.0022137375      0.00000      0.00000       1.2340000
       1.9820230      0.99840760    0.0022343076      0.00000      0.00000       1.2359999
       1.9991862      0.98981390    0.0021957441      0.00000      0.00000       1.2390000
       2.0163497      0.99968304    0.0022488292      0.00000      0.00000       1.2410001
       2.0335066      0.99943721    0.0022293693      0.00000      0.00000       1.2440000
       2.0506635      0.99583669    0.0021862637      0.00000      0.00000       1.2460001
       2.0678104      0.99386805    0.0022153365      0.00000      0.00000       1.2490000
       2.0849738       1.0002782    0.0022054874      0.00000      0.00000       1.2520000
       2.1021310      0.99353085    0.0021887332      0.00000      0.00000       1.2539999
       2.1192868      0.99186821    0.0021765523      0.00000      0.00000       1.2570000
       2.1364658      0.99343500    0.0021959505      0.00000      0.00000       1.2600000
       2.1536434      0.99953541    0.0021858734      0.00000      0.00000       1.2630000
       2.1708035      0.99850110    0.0021869866      0.00000      0.00000       1.2660000
       2.1879862      0.99436060    0.0021805065      0.00000      0.00000       1.2690001
       2.2051383      0.98839284    0.0021713890      0.00000      0.00000       1.2720000
       2.2222890      0.99525187    0.0021998418      0.00000      0.00000       1.2750000
       2.2394492      0.99323111    0.0021809224      0.00000      0.00000       1.2780000
