#JD -  2457388 (hr) Flux  Fl_err  Model_fl   Residual for 1.02um (%) Airmass
      -2.4139274      0.99982872    0.0030269887      0.00000      0.00000       1.5900000
      -2.3967685      0.98839674    0.0030034732      0.00000      0.00000       1.5820000
      -2.3796119       1.0040420    0.0029674236      0.00000      0.00000       1.5750000
      -2.3624283      0.99158880    0.0029947282      0.00000      0.00000       1.5680000
      -2.3452542      0.99409594    0.0029380653      0.00000      0.00000       1.5610000
      -2.3108841      0.99339806    0.0029466015      0.00000      0.00000       1.5480000
      -2.2937279      0.99267048    0.0029651022      0.00000      0.00000       1.5410000
      -2.2765756      0.99929528    0.0029661092      0.00000      0.00000       1.5350000
      -2.2594209       1.0048482    0.0030385857      0.00000      0.00000       1.5280000
      -2.2422617       1.0070917    0.0028910453      0.00000      0.00000       1.5220000
      -2.2251076      0.98843624    0.0028102442      0.00000      0.00000       1.5160000
      -2.2079540      0.99473941    0.0028355322      0.00000      0.00000       1.5100000
      -2.1907916      0.98786820    0.0027959808      0.00000      0.00000       1.5030000
      -2.1736349       1.0019958    0.0028322366      0.00000      0.00000       1.4970000
      -2.1564684      0.98158095    0.0028081886      0.00000      0.00000       1.4920000
      -2.1393057      0.99419556    0.0028308960      0.00000      0.00000       1.4859999
      -2.1221514      0.98392488    0.0027919795      0.00000      0.00000       1.4800000
      -2.1049994      0.98814982    0.0027720653      0.00000      0.00000       1.4740000
      -2.0878427       1.0042289    0.0028674397      0.00000      0.00000       1.4690000
      -2.0706809      0.99109946    0.0028104194      0.00000      0.00000       1.4630001
      -2.0535003       1.0009349    0.0028321207      0.00000      0.00000       1.4570000
      -2.0363209      0.98875584    0.0027734348      0.00000      0.00000       1.4520000
      -2.0191896      0.98071414    0.0028055526      0.00000      0.00000       1.4470000
      -2.0020402       1.0104126    0.0029168663      0.00000      0.00000       1.4410000
      -1.9848875       1.0042670    0.0028017404      0.00000      0.00000       1.4360000
      -1.9677348      0.99735047    0.0028064027      0.00000      0.00000       1.4310000
      -1.9505772      0.99121521    0.0028014262      0.00000      0.00000       1.4260000
      -1.9334253      0.99828934    0.0028188910      0.00000      0.00000       1.4210000
      -1.9162731      0.98873042    0.0028708875      0.00000      0.00000       1.4160000
      -1.8991183       1.0035543    0.0028709818      0.00000      0.00000       1.4110000
      -1.8819675      0.99091899    0.0028595401      0.00000      0.00000       1.4060000
      -1.8648166       1.0012472    0.0028859059      0.00000      0.00000       1.4020000
      -1.8476630       1.0133439    0.0029015346      0.00000      0.00000       1.3970000
      -1.8305127      0.99577332    0.0028772161      0.00000      0.00000       1.3920000
      -1.8133558       1.0043536    0.0031904564      0.00000      0.00000       1.3880000
      -1.7961718       1.0053995    0.0028916560      0.00000      0.00000       1.3830000
      -1.7789818      0.99870437    0.0028529394      0.00000      0.00000       1.3789999
      -1.7618224       1.0026268    0.0028599078      0.00000      0.00000       1.3750000
      -1.7446703      0.99445136    0.0028358735      0.00000      0.00000       1.3700000
      -1.7275163      0.99823473    0.0028351058      0.00000      0.00000       1.3660001
      -1.7103350       1.0020725    0.0027863242      0.00000      0.00000       1.3620000
      -1.6931812      0.98595084    0.0028239068      0.00000      0.00000       1.3580000
      -1.6760198      0.98443596    0.0027939917      0.00000      0.00000       1.3530000
      -1.6588624       1.0036983    0.0028554676      0.00000      0.00000       1.3490000
      -1.6417030       1.0015647    0.0028671831      0.00000      0.00000       1.3450000
      -1.6245494       1.0022116    0.0027589690      0.00000      0.00000       1.3410000
      -1.6073352      0.99050875    0.0027775289      0.00000      0.00000       1.3380001
      -1.5901794      0.99919515    0.0027412679      0.00000      0.00000       1.3340000
      -1.5730222      0.99375144    0.0027427651      0.00000      0.00000       1.3300000
      -1.5558700      0.98657349    0.0027683105      0.00000      0.00000       1.3260000
      -1.5387079      0.99762739    0.0027246059      0.00000      0.00000       1.3220000
      -1.5215525      0.99828087    0.0027561107      0.00000      0.00000       1.3190000
      -1.5043944      0.99407389    0.0027724826      0.00000      0.00000       1.3150001
      -1.4872407       1.0065347    0.0027643267      0.00000      0.00000       1.3120000
      -1.4700676       1.0020074    0.0027850748      0.00000      0.00000       1.3080000
      -1.4528847      0.99309204    0.0026913501      0.00000      0.00000       1.3049999
      -1.4357223      0.99491457    0.0027496962      0.00000      0.00000       1.3010000
      -1.4185246       1.0015289    0.0027388967      0.00000      0.00000       1.2980000
      -1.4013444      0.99693196    0.0027251127      0.00000      0.00000       1.2950000
      -1.3841855       1.0069019    0.0027725231      0.00000      0.00000       1.2910000
      -1.3669997      0.99946227    0.0026935932      0.00000      0.00000       1.2880000
      -1.3498463      0.99635861    0.0026618506      0.00000      0.00000       1.2850000
      -1.3326628      0.99429488    0.0028008761      0.00000      0.00000       1.2819999
      -1.3154663       1.0009010    0.0027165965      0.00000      0.00000       1.2790000
      -1.2982878      0.98959397    0.0027021983      0.00000      0.00000       1.2760000
      -1.2811327      0.99755819    0.0026973855      0.00000      0.00000       1.2730000
      -1.2639686      0.98917240    0.0026388588      0.00000      0.00000       1.2700000
      -1.2468145      0.99017466    0.0026575834      0.00000      0.00000       1.2670000
      -1.2296646       1.0024459    0.0027429479      0.00000      0.00000       1.2640001
      -1.2125125       1.0061168    0.0026448126      0.00000      0.00000       1.2610000
      -1.1953755      0.99525101    0.0026641558      0.00000      0.00000       1.2580000
      -1.1782241      0.99897007    0.0026834073      0.00000      0.00000       1.2550000
      -1.1610706      0.99784471    0.0026893990      0.00000      0.00000       1.2530000
      -1.1439169       1.0005455    0.0027292989      0.00000      0.00000       1.2500000
      -1.1267321       1.0003891    0.0026877267      0.00000      0.00000       1.2470000
      -1.1095584      0.99491559    0.0027287026      0.00000      0.00000       1.2450000
      -1.0924102       1.0033860    0.0027100430      0.00000      0.00000       1.2420000
      -1.0752579      0.99709232    0.0026814153      0.00000      0.00000       1.2400000
      -1.0580962      0.99794076    0.0027073793      0.00000      0.00000       1.2370000
      -1.0409426      0.99186991    0.0026669132      0.00000      0.00000       1.2350000
      -1.0237881       1.0022086    0.0026849717      0.00000      0.00000       1.2320000
      -1.0066325      0.98365591    0.0026612776      0.00000      0.00000       1.2300000
     -0.98947485       1.0034502    0.0027221442      0.00000      0.00000       1.2270000
     -0.97231195       1.0033219    0.0026990880      0.00000      0.00000       1.2250000
     -0.95515907       1.0007774    0.0027367605      0.00000      0.00000       1.2230000
     -0.93798331      0.99689909    0.0026800070      0.00000      0.00000       1.2200000
     -0.92082277      0.99457313    0.0026911781      0.00000      0.00000       1.2180001
     -0.90363025      0.99793188    0.0026840243      0.00000      0.00000       1.2160000
     -0.88647098       1.0026182    0.0027394427      0.00000      0.00000       1.2140000
     -0.86930338       1.0085995    0.0027704880      0.00000      0.00000       1.2120000
     -0.85214707      0.99980657    0.0027768867      0.00000      0.00000       1.2100000
     -0.83499177       1.0012072    0.0027567696      0.00000      0.00000       1.2079999
     -0.81781283       1.0049587    0.0027486356      0.00000      0.00000       1.2060000
     -0.80065585      0.99806631    0.0026782568      0.00000      0.00000       1.2040000
     -0.78350712      0.99909501    0.0028016734      0.00000      0.00000       1.2020000
     -0.76631989       1.0094928    0.0028236647      0.00000      0.00000       1.2000000
     -0.74916646      0.99687603    0.0026882118      0.00000      0.00000       1.1980000
     -0.73201772      0.99715979    0.0026961779      0.00000      0.00000       1.1960000
     -0.71485827      0.99663176    0.0027066413      0.00000      0.00000       1.1940000
     -0.69768679       1.0033952    0.0027365316      0.00000      0.00000       1.1920000
     -0.68053768       1.0044738    0.0027385021      0.00000      0.00000       1.1910000
     -0.66338503      0.99511270    0.0027290136      0.00000      0.00000       1.1890000
     -0.64623282       1.0114293    0.0027932242      0.00000      0.00000       1.1870000
     -0.62907667      0.99373603    0.0028234879      0.00000      0.00000       1.1849999
     -0.61190716       1.0016489    0.0028367860      0.00000      0.00000       1.1840000
     -0.59474967       1.0000000    0.0027281787      0.00000      0.00000       1.1820000
     -0.57759460       1.0046980    0.0027219169      0.00000      0.00000       1.1810000
     -0.56041372       1.0028959    0.0027533782      0.00000      0.00000       1.1790000
     -0.54326313       1.0053777    0.0027338424      0.00000      0.00000       1.1780000
     -0.52607189      0.99676099    0.0027073118      0.00000      0.00000       1.1760000
     -0.50891352      0.99166423    0.0026697013      0.00000      0.00000       1.1750000
     -0.49168405      0.99465245    0.0026824811      0.00000      0.00000       1.1730000
     -0.47451943      0.99887923    0.0027614871      0.00000      0.00000       1.1720001
     -0.45732503       1.0088370    0.0027769876      0.00000      0.00000       1.1700000
     -0.44017357      0.99555570    0.0027155490      0.00000      0.00000       1.1690000
     -0.42301279       1.0116933    0.0027364320      0.00000      0.00000       1.1680000
     -0.40583064      0.99858995    0.0027447767      0.00000      0.00000       1.1660000
     -0.38865100       1.0030554    0.0026979351      0.00000      0.00000       1.1650000
     -0.37149500       1.0010198    0.0027286903      0.00000      0.00000       1.1640000
     -0.35434107       1.0006433    0.0026911942      0.00000      0.00000       1.1630000
     -0.33717167      0.99308102    0.0026658727      0.00000      0.00000       1.1610000
     -0.32001138       1.0056949    0.0026894299      0.00000      0.00000       1.1600000
     -0.30285690      0.99943900    0.0027311187      0.00000      0.00000       1.1590000
     -0.28569942       1.0025427    0.0027398068      0.00000      0.00000       1.1580000
     -0.26853983       1.0150830    0.0027291442      0.00000      0.00000       1.1569999
     -0.25137686      0.99772395    0.0027120444      0.00000      0.00000       1.1560000
     -0.23421697       1.0109951    0.0027341602      0.00000      0.00000       1.1550000
     -0.21703383       1.0092469    0.0026695007      0.00000      0.00000       1.1540000
     -0.19983917       1.0053500    0.0027307716      0.00000      0.00000       1.1530000
     -0.18265923      0.99822718    0.0026984006      0.00000      0.00000       1.1520000
     -0.16550921      0.99497122    0.0026711483      0.00000      0.00000       1.1510000
     -0.14835759       1.0071326    0.0026737386      0.00000      0.00000       1.1500000
     -0.13120325      0.99876980    0.0026596207      0.00000      0.00000       1.1490000
     -0.11404668       1.0066268    0.0026801830      0.00000      0.00000       1.1480000
    -0.096892018       1.0011224    0.0026720721      0.00000      0.00000       1.1470000
    -0.079706144       1.0132588    0.0027307005      0.00000      0.00000       1.1470000
    -0.062549081      0.97923897    0.0026401435      0.00000      0.00000       1.1460000
    -0.045385737       1.0013984    0.0026926518      0.00000      0.00000       1.1450000
    -0.028229568       1.0090740    0.0027873992      0.00000      0.00000       1.1440001
    -0.011077188       1.0002561    0.0027419639      0.00000      0.00000       1.1440001
    0.0060829930       1.0083466    0.0027513732      0.00000      0.00000       1.1430000
     0.023241006       1.0060284    0.0027354196      0.00000      0.00000       1.1420000
     0.057586715       1.0188784    0.0027718349      0.00000      0.00000       1.1410000
     0.074738078       1.0038383    0.0027514508      0.00000      0.00000       1.1410000
     0.091926958       1.0151323    0.0027017394      0.00000      0.00000       1.1400000
      0.10908441      0.99266925    0.0026952908      0.00000      0.00000       1.1400000
      0.12624985      0.99665473    0.0027082065      0.00000      0.00000       1.1390001
      0.14343952       1.0120104    0.0026856244      0.00000      0.00000       1.1390001
      0.16059910      0.99730045    0.0026563693      0.00000      0.00000       1.1380000
      0.17781410       1.0081716    0.0026826824      0.00000      0.00000       1.1380000
      0.19497075       1.0074901    0.0026593470      0.00000      0.00000       1.1370000
      0.21213238      0.99342368    0.0026532456      0.00000      0.00000       1.1370000
      0.22931802       1.0115557    0.0026986849      0.00000      0.00000       1.1370000
      0.24653504       1.0019380    0.0026697328      0.00000      0.00000       1.1360000
      0.26378680       1.0105094    0.0027563178      0.00000      0.00000       1.1360000
      0.28097971       1.0062952    0.0026783820      0.00000      0.00000       1.1360000
      0.29821431      0.99516465    0.0026773367      0.00000      0.00000       1.1360000
      0.31541125      0.99388066    0.0026966101      0.00000      0.00000       1.1350000
      0.33270907      0.99774815    0.0026751262      0.00000      0.00000       1.1350000
      0.35002717      0.99992487    0.0027186727      0.00000      0.00000       1.1350000
      0.36729911      0.99500389    0.0026974513      0.00000      0.00000       1.1350000
      0.38443540       1.0036663    0.0027055480      0.00000      0.00000       1.1350000
      0.40167135       1.0020985    0.0027166182      0.00000      0.00000       1.1350000
      0.41898493       1.0011953    0.0026962985      0.00000      0.00000       1.1339999
      0.43629516       1.0041667    0.0027275445      0.00000      0.00000       1.1339999
      0.47090033      0.99963070    0.0026673909      0.00000      0.00000       1.1339999
      0.48835700       1.0088287    0.0027067400      0.00000      0.00000       1.1339999
      0.50571612       1.0056272    0.0027158016      0.00000      0.00000       1.1339999
      0.52294159       1.0007626    0.0027001317      0.00000      0.00000       1.1339999
      0.55726436       1.0110454    0.0027390777      0.00000      0.00000       1.1350000
      0.57441739       1.0053290    0.0026885776      0.00000      0.00000       1.1350000
      0.59157442      0.99791320    0.0027376475      0.00000      0.00000       1.1350000
      0.60873171       1.0053606    0.0027551330      0.00000      0.00000       1.1350000
      0.62589252       1.0011730    0.0027108235      0.00000      0.00000       1.1350000
      0.64305001       1.0004203    0.0027243442      0.00000      0.00000       1.1360000
      0.66020143       1.0075897    0.0027082799      0.00000      0.00000       1.1360000
      0.67735273       1.0010733    0.0026969814      0.00000      0.00000       1.1360000
      0.69450846       1.0035283    0.0027029563      0.00000      0.00000       1.1370000
      0.71166889       1.0092341    0.0027068744      0.00000      0.00000       1.1370000
      0.72882775      0.99647702    0.0027612571      0.00000      0.00000       1.1370000
      0.74599063      0.99342511    0.0026816069      0.00000      0.00000       1.1380000
      0.76317700       1.0021498    0.0026744398      0.00000      0.00000       1.1380000
      0.78036917       1.0090453    0.0027427936      0.00000      0.00000       1.1380000
      0.79755127       1.0061722    0.0027076979      0.00000      0.00000       1.1390001
      0.81470158       1.0032970    0.0026921980      0.00000      0.00000       1.1390001
      0.83185868      0.99894292    0.0027088223      0.00000      0.00000       1.1400000
      0.84901674       1.0026260    0.0027029730      0.00000      0.00000       1.1400000
      0.86617046       1.0007105    0.0027603117      0.00000      0.00000       1.1410000
      0.88332214       1.0098054    0.0027202191      0.00000      0.00000       1.1420000
      0.90048270       1.0029227    0.0026888324      0.00000      0.00000       1.1420000
      0.91763412       1.0154941    0.0027343937      0.00000      0.00000       1.1430000
      0.93478792       1.0083302    0.0026996281      0.00000      0.00000       1.1440001
      0.95194602      0.99516190    0.0027081694      0.00000      0.00000       1.1440001
      0.96910892       1.0005985    0.0027113652      0.00000      0.00000       1.1450000
      0.98628861       1.0104883    0.0027289887      0.00000      0.00000       1.1460000
       1.0035013      0.99164820    0.0027732314      0.00000      0.00000       1.1460000
       1.0206516       1.0003824    0.0027459681      0.00000      0.00000       1.1470000
       1.0378065      0.98837694    0.0027494825      0.00000      0.00000       1.1480000
       1.0549635       1.0032266    0.0027443042      0.00000      0.00000       1.1490000
       1.0721177      0.99698167    0.0027523535      0.00000      0.00000       1.1500000
       1.0893100      0.99124420    0.0027387218      0.00000      0.00000       1.1510000
       1.1064706       1.0157012    0.0028034712      0.00000      0.00000       1.1520000
       1.1236278       1.0040187    0.0027340312      0.00000      0.00000       1.1520000
       1.1408128      0.99580364    0.0027485136      0.00000      0.00000       1.1530000
       1.1579989      0.99397018    0.0027425965      0.00000      0.00000       1.1540000
       1.1751856      0.99862955    0.0027652068      0.00000      0.00000       1.1550000
       1.1923734       1.0000202    0.0027607786      0.00000      0.00000       1.1560000
       1.2095557       1.0053856    0.0027679018      0.00000      0.00000       1.1580000
       1.2267322      0.98587296    0.0027287459      0.00000      0.00000       1.1590000
       1.2438903      0.99783858    0.0027529863      0.00000      0.00000       1.1600000
       1.2610724      0.99880094    0.0027658113      0.00000      0.00000       1.1610000
       1.2782571      0.99597104    0.0027640705      0.00000      0.00000       1.1619999
       1.2954189      0.99798373    0.0027049964      0.00000      0.00000       1.1630000
       1.3126110       1.0035849    0.0027492602      0.00000      0.00000       1.1650000
       1.3297718       1.0107227    0.0027557189      0.00000      0.00000       1.1660000
       1.3469247       1.0018706    0.0027248344      0.00000      0.00000       1.1670001
       1.3640834       1.0072552    0.0027509627      0.00000      0.00000       1.1680000
       1.3812403       1.0063754    0.0027453740      0.00000      0.00000       1.1700000
       1.3984073      0.99735414    0.0027564432      0.00000      0.00000       1.1710000
       1.4155817      0.99978023    0.0027568792      0.00000      0.00000       1.1730000
       1.4327269       1.0023074    0.0027497715      0.00000      0.00000       1.1740000
       1.4498929      0.99119449    0.0028323639      0.00000      0.00000       1.1750000
       1.4670406      0.99096135    0.0027744551      0.00000      0.00000       1.1770000
       1.4842200      0.99536186    0.0027553535      0.00000      0.00000       1.1790000
       1.5013747      0.99845031    0.0027201561      0.00000      0.00000       1.1799999
       1.5357130      0.99625337    0.0027362430      0.00000      0.00000       1.1830000
       1.5529072      0.98536769    0.0027576707      0.00000      0.00000       1.1849999
       1.5700583       1.0047947    0.0027409194      0.00000      0.00000       1.1870000
       1.5872133      0.99391047    0.0027543423      0.00000      0.00000       1.1880000
       1.6043720       1.0053520    0.0027975416      0.00000      0.00000       1.1900001
       1.6215549       1.0024635    0.0027961654      0.00000      0.00000       1.1920000
       1.6387078       1.0048654    0.0027688945      0.00000      0.00000       1.1940000
       1.6558656      0.99957660    0.0027387111      0.00000      0.00000       1.1950001
       1.6730446       1.0030782    0.0027338323      0.00000      0.00000       1.1970000
       1.6902109      0.99892251    0.0027426439      0.00000      0.00000       1.1990000
       1.7073672      0.98725086    0.0027703255      0.00000      0.00000       1.2010000
       1.7245177       1.0079824    0.0027768162      0.00000      0.00000       1.2029999
       1.7416723      0.99879257    0.0027824964      0.00000      0.00000       1.2050000
       1.7588465      0.98744572    0.0027594239      0.00000      0.00000       1.2070000
       1.7760022      0.99604504    0.0027446029      0.00000      0.00000       1.2090000
       1.7931647       1.0058962    0.0027956410      0.00000      0.00000       1.2110000
       1.8103677      0.99144600    0.0027882295      0.00000      0.00000       1.2130001
       1.8275192      0.99441196    0.0027861840      0.00000      0.00000       1.2150000
       1.8446959      0.99330221    0.0027854307      0.00000      0.00000       1.2180001
       1.8618395      0.98771642    0.0027775586      0.00000      0.00000       1.2200000
       1.8790021      0.99459284    0.0027805247      0.00000      0.00000       1.2220000
       1.8961957       1.0011547    0.0028020587      0.00000      0.00000       1.2240000
       1.9133663       1.0020656    0.0027856454      0.00000      0.00000       1.2270000
       1.9305401       1.0029629    0.0027959716      0.00000      0.00000       1.2290000
       1.9476975       1.0027682    0.0028202319      0.00000      0.00000       1.2309999
       1.9648636       1.0010719    0.0028140827      0.00000      0.00000       1.2340000
       1.9820230       1.0001273    0.0028548585      0.00000      0.00000       1.2359999
       1.9991862      0.99376491    0.0028151150      0.00000      0.00000       1.2390000
       2.0163497       1.0018606    0.0028539145      0.00000      0.00000       1.2410001
       2.0335066       1.0029041    0.0028105267      0.00000      0.00000       1.2440000
       2.0506635      0.99917861    0.0027877686      0.00000      0.00000       1.2460001
       2.0678104      0.97845637    0.0027891789      0.00000      0.00000       1.2490000
       2.0849738      0.99890669    0.0028038329      0.00000      0.00000       1.2520000
       2.1021310       1.0086983    0.0028168433      0.00000      0.00000       1.2539999
       2.1192868      0.99014221    0.0027682649      0.00000      0.00000       1.2570000
       2.1364658      0.99890393    0.0027851081      0.00000      0.00000       1.2600000
       2.1536434      0.99562725    0.0027604038      0.00000      0.00000       1.2630000
       2.1708035      0.99822391    0.0027697408      0.00000      0.00000       1.2660000
       2.1879862      0.99315890    0.0027650555      0.00000      0.00000       1.2690001
       2.2222890      0.98342390    0.0027664487      0.00000      0.00000       1.2750000
       2.2394492      0.99902356    0.0027947154      0.00000      0.00000       1.2780000
