#JD -  2457388 (hr) Flux  Fl_err  Model_fl   Residual for 1.81um (%) Airmass
      -2.4139274       1.0094042    0.0034228273      0.00000      0.00000       1.5900000
      -2.3967685       1.0074305    0.0034542495      0.00000      0.00000       1.5820000
      -2.3796119       1.0156354    0.0034213847      0.00000      0.00000       1.5750000
      -2.3624283       1.0025133    0.0033999635      0.00000      0.00000       1.5680000
      -2.3452542       1.0117274    0.0033693367      0.00000      0.00000       1.5610000
      -2.3280954       1.0006964    0.0032021626      0.00000      0.00000       1.5549999
      -2.3108841      0.99787742    0.0032424606      0.00000      0.00000       1.5480000
      -2.2937279       1.0227144    0.0034646402      0.00000      0.00000       1.5410000
      -2.2765756       1.0132805    0.0032766040      0.00000      0.00000       1.5350000
      -2.2594209       1.0106328    0.0034034165      0.00000      0.00000       1.5280000
      -2.2422617      0.99400920    0.0031069748      0.00000      0.00000       1.5220000
      -2.2251076       1.0000203    0.0030778534      0.00000      0.00000       1.5160000
      -2.2079540       1.0010325    0.0031232733      0.00000      0.00000       1.5100000
      -2.1907916       1.0061902    0.0029802957      0.00000      0.00000       1.5030000
      -2.1736349       1.0165525    0.0031005335      0.00000      0.00000       1.4970000
      -2.1564684       1.0114795    0.0030276378      0.00000      0.00000       1.4920000
      -2.1393057       1.0080865    0.0030876825      0.00000      0.00000       1.4859999
      -2.1221514       1.0002209    0.0030044668      0.00000      0.00000       1.4800000
      -2.1049994       1.0044989    0.0030265987      0.00000      0.00000       1.4740000
      -2.0878427       1.0161827    0.0030957745      0.00000      0.00000       1.4690000
      -2.0706809       1.0017834    0.0030106578      0.00000      0.00000       1.4630001
      -2.0535003       1.0120680    0.0030457962      0.00000      0.00000       1.4570000
      -2.0363209       1.0120038    0.0029260461      0.00000      0.00000       1.4520000
      -2.0191896       1.0067674    0.0029575655      0.00000      0.00000       1.4470000
      -2.0020402       1.0180253    0.0032007769      0.00000      0.00000       1.4410000
      -1.9848875       1.0132508    0.0030927948      0.00000      0.00000       1.4360000
      -1.9677348       1.0152471    0.0030272555      0.00000      0.00000       1.4310000
      -1.9505772       1.0051796    0.0030019288      0.00000      0.00000       1.4260000
      -1.9334253       1.0158156    0.0030340121      0.00000      0.00000       1.4210000
      -1.9162731       1.0125366    0.0031068936      0.00000      0.00000       1.4160000
      -1.8991183      0.99557788    0.0030368347      0.00000      0.00000       1.4110000
      -1.8819675      0.99551288    0.0029794157      0.00000      0.00000       1.4060000
      -1.8648166       1.0118856    0.0031183426      0.00000      0.00000       1.4020000
      -1.8476630       1.0060515    0.0030645217      0.00000      0.00000       1.3970000
      -1.8305127       1.0166897    0.0031310061      0.00000      0.00000       1.3920000
      -1.8133558      0.98563515    0.0032835244      0.00000      0.00000       1.3880000
      -1.7961718      0.99872671    0.0030287911      0.00000      0.00000       1.3830000
      -1.7789818       1.0089701    0.0030065911      0.00000      0.00000       1.3789999
      -1.7618224       1.0083114    0.0030119463      0.00000      0.00000       1.3750000
      -1.7446703      0.99433929    0.0029213882      0.00000      0.00000       1.3700000
      -1.7275163       1.0043398    0.0029474061      0.00000      0.00000       1.3660001
      -1.7103350       1.0132695    0.0029076254      0.00000      0.00000       1.3620000
      -1.6931812       1.0038619    0.0028995474      0.00000      0.00000       1.3580000
      -1.6760198       1.0087962    0.0029097767      0.00000      0.00000       1.3530000
      -1.6588624       1.0113561    0.0029692689      0.00000      0.00000       1.3490000
      -1.6417030       1.0000000    0.0029152391      0.00000      0.00000       1.3450000
      -1.6245494       1.0092024    0.0029276824      0.00000      0.00000       1.3410000
      -1.6073352       1.0136808    0.0029381961      0.00000      0.00000       1.3380001
      -1.5901794       1.0150351    0.0028557752      0.00000      0.00000       1.3340000
      -1.5730222       1.0147209    0.0028823574      0.00000      0.00000       1.3300000
      -1.5558700       1.0076459    0.0028433012      0.00000      0.00000       1.3260000
      -1.5387079       1.0095992    0.0028045813      0.00000      0.00000       1.3220000
      -1.5215525       1.0089399    0.0028136594      0.00000      0.00000       1.3190000
      -1.5043944      0.99578385    0.0027666057      0.00000      0.00000       1.3150001
      -1.4872407       1.0020531    0.0028353748      0.00000      0.00000       1.3120000
      -1.4700676       1.0072950    0.0028876195      0.00000      0.00000       1.3080000
      -1.4528847       1.0122804    0.0028319409      0.00000      0.00000       1.3049999
      -1.4357223      0.99400156    0.0027497676      0.00000      0.00000       1.3010000
      -1.4185246       1.0035942    0.0028088765      0.00000      0.00000       1.2980000
      -1.4013444       1.0071107    0.0027655143      0.00000      0.00000       1.2950000
      -1.3841855       1.0075620    0.0028312594      0.00000      0.00000       1.2910000
      -1.3669997       1.0027659    0.0027416063      0.00000      0.00000       1.2880000
      -1.3498463       1.0090143    0.0026997584      0.00000      0.00000       1.2850000
      -1.3326628       1.0033351    0.0028215992      0.00000      0.00000       1.2819999
      -1.3154663       1.0040540    0.0027024033      0.00000      0.00000       1.2790000
      -1.2982878       1.0011843    0.0026806988      0.00000      0.00000       1.2760000
      -1.2811327      0.99655501    0.0027033984      0.00000      0.00000       1.2730000
      -1.2639686       1.0033749    0.0026532973      0.00000      0.00000       1.2700000
      -1.2468145       1.0028574    0.0026417403      0.00000      0.00000       1.2670000
      -1.2296646       1.0132562    0.0027748517      0.00000      0.00000       1.2640001
      -1.2125125       1.0089449    0.0026863177      0.00000      0.00000       1.2610000
      -1.1953755       1.0164041    0.0027142159      0.00000      0.00000       1.2580000
      -1.1782241       1.0057422    0.0026881553      0.00000      0.00000       1.2550000
      -1.1610706       1.0037951    0.0026979687      0.00000      0.00000       1.2530000
      -1.1439169       1.0052558    0.0027486578      0.00000      0.00000       1.2500000
      -1.1267321       1.0006708    0.0027194532      0.00000      0.00000       1.2470000
      -1.1095584       1.0094493    0.0027641404      0.00000      0.00000       1.2450000
      -1.0924102       1.0051148    0.0027740938      0.00000      0.00000       1.2420000
      -1.0752579       1.0070539    0.0027433462      0.00000      0.00000       1.2400000
      -1.0580962       1.0064084    0.0027116761      0.00000      0.00000       1.2370000
      -1.0409426       1.0001099    0.0026231734      0.00000      0.00000       1.2350000
      -1.0066325       1.0004904    0.0026037337      0.00000      0.00000       1.2300000
     -0.98947485       1.0057012    0.0027501772      0.00000      0.00000       1.2270000
     -0.97231195      0.99823574    0.0026657649      0.00000      0.00000       1.2250000
     -0.95515907       1.0030685    0.0027157418      0.00000      0.00000       1.2230000
     -0.93798331       1.0092439    0.0027265596      0.00000      0.00000       1.2200000
     -0.92082277      0.99614110    0.0026207715      0.00000      0.00000       1.2180001
     -0.90363025       1.0051464    0.0026479329      0.00000      0.00000       1.2160000
     -0.88647098       1.0113117    0.0027491053      0.00000      0.00000       1.2140000
     -0.86930338       1.0098714    0.0028218330      0.00000      0.00000       1.2120000
     -0.85214707       1.0147672    0.0027899582      0.00000      0.00000       1.2100000
     -0.83499177       1.0008155    0.0027327026      0.00000      0.00000       1.2079999
     -0.81781283      0.99893444    0.0026928953      0.00000      0.00000       1.2060000
     -0.80065585       1.0026223    0.0026892975      0.00000      0.00000       1.2040000
     -0.78350712       1.0123018    0.0028037055      0.00000      0.00000       1.2020000
     -0.76631989       1.0050156    0.0028212226      0.00000      0.00000       1.2000000
     -0.74916646      0.99666716    0.0026248034      0.00000      0.00000       1.1980000
     -0.73201772       1.0115187    0.0027001477      0.00000      0.00000       1.1960000
     -0.71485827      0.99937492    0.0026364423      0.00000      0.00000       1.1940000
     -0.69768679      0.99286130    0.0026560180      0.00000      0.00000       1.1920000
     -0.68053768       1.0046831    0.0027240724      0.00000      0.00000       1.1910000
     -0.66338503       1.0127896    0.0027488680      0.00000      0.00000       1.1890000
     -0.64623282       1.0119380    0.0027768465      0.00000      0.00000       1.1870000
     -0.62907667       1.0054516    0.0028016150      0.00000      0.00000       1.1849999
     -0.61190716      0.99817349    0.0027643256      0.00000      0.00000       1.1840000
     -0.59474967       1.0029561    0.0026830061      0.00000      0.00000       1.1820000
     -0.57759460      0.99953756    0.0026757526      0.00000      0.00000       1.1810000
     -0.56041372       1.0044145    0.0026911781      0.00000      0.00000       1.1790000
     -0.54326313       1.0142189    0.0027347430      0.00000      0.00000       1.1780000
     -0.52607189       1.0063901    0.0026405277      0.00000      0.00000       1.1760000
     -0.50891352       1.0031429    0.0025935685      0.00000      0.00000       1.1750000
     -0.49168405       1.0014870    0.0025937863      0.00000      0.00000       1.1730000
     -0.47451943       1.0088222    0.0027157106      0.00000      0.00000       1.1720001
     -0.45732503      0.98903543    0.0026340994      0.00000      0.00000       1.1700000
     -0.44017357      0.99754106    0.0026429411      0.00000      0.00000       1.1690000
     -0.42301279       1.0107495    0.0026741028      0.00000      0.00000       1.1680000
     -0.40583064      0.99064597    0.0025990381      0.00000      0.00000       1.1660000
     -0.38865100      0.99661804    0.0025716869      0.00000      0.00000       1.1650000
     -0.37149500       1.0073819    0.0026482906      0.00000      0.00000       1.1640000
     -0.35434107      0.99698029    0.0026013969      0.00000      0.00000       1.1630000
     -0.33717167       1.0061021    0.0026042022      0.00000      0.00000       1.1610000
     -0.32001138       1.0040783    0.0026031447      0.00000      0.00000       1.1600000
     -0.30285690       1.0049032    0.0026218627      0.00000      0.00000       1.1590000
     -0.28569942      0.99143369    0.0026083714      0.00000      0.00000       1.1580000
     -0.26853983      0.99691549    0.0026627551      0.00000      0.00000       1.1569999
     -0.25137686       1.0007244    0.0026113376      0.00000      0.00000       1.1560000
     -0.23421697       1.0039396    0.0025646611      0.00000      0.00000       1.1550000
     -0.21703383       1.0025026    0.0025496738      0.00000      0.00000       1.1540000
     -0.19983917      0.99428625    0.0025888394      0.00000      0.00000       1.1530000
     -0.18265923      0.99517054    0.0025634111      0.00000      0.00000       1.1520000
     -0.16550921       1.0042323    0.0025659445      0.00000      0.00000       1.1510000
     -0.14835759       1.0113493    0.0026246162      0.00000      0.00000       1.1500000
     -0.13120325       1.0008584    0.0025526671      0.00000      0.00000       1.1490000
     -0.11404668      0.99687853    0.0025023596      0.00000      0.00000       1.1480000
    -0.096892018       1.0052698    0.0025662739      0.00000      0.00000       1.1470000
    -0.079706144       1.0065977    0.0026017241      0.00000      0.00000       1.1470000
    -0.062549081       1.0092794    0.0025677948      0.00000      0.00000       1.1460000
    -0.045385737       1.0036846    0.0025949868      0.00000      0.00000       1.1450000
    -0.028229568      0.99879621    0.0026332774      0.00000      0.00000       1.1440001
    -0.011077188      0.99884915    0.0026080392      0.00000      0.00000       1.1440001
    0.0060829930      0.99844191    0.0026239284      0.00000      0.00000       1.1430000
     0.023241006       1.0048624    0.0025823252      0.00000      0.00000       1.1420000
     0.040394884       1.0075540    0.0026509513      0.00000      0.00000       1.1420000
     0.057586715      0.99221494    0.0025866350      0.00000      0.00000       1.1410000
     0.074738078      0.99693186    0.0025636503      0.00000      0.00000       1.1410000
     0.091926958       1.0007563    0.0026048818      0.00000      0.00000       1.1400000
      0.10908441       1.0014352    0.0025120962      0.00000      0.00000       1.1400000
      0.12624985      0.99160928    0.0024996313      0.00000      0.00000       1.1390001
      0.14343952      0.99298620    0.0025050254      0.00000      0.00000       1.1390001
      0.16059910      0.99873308    0.0025102581      0.00000      0.00000       1.1380000
      0.17781410      0.99550867    0.0024605363      0.00000      0.00000       1.1380000
      0.19497075      0.98976982    0.0024769235      0.00000      0.00000       1.1370000
      0.21213238       1.0001740    0.0024903280      0.00000      0.00000       1.1370000
      0.22931802      0.99451615    0.0025141119      0.00000      0.00000       1.1370000
      0.24653504      0.98952660    0.0024974779      0.00000      0.00000       1.1360000
      0.26378680      0.99621512    0.0026060333      0.00000      0.00000       1.1360000
      0.28097971      0.99140291    0.0025179170      0.00000      0.00000       1.1360000
      0.29821431       1.0036514    0.0025371987      0.00000      0.00000       1.1360000
      0.33270907       1.0026631    0.0025143876      0.00000      0.00000       1.1350000
      0.35002717      0.99187182    0.0024617278      0.00000      0.00000       1.1350000
      0.36729911      0.98864829    0.0024351874      0.00000      0.00000       1.1350000
      0.38443540      0.99292522    0.0025468254      0.00000      0.00000       1.1350000
      0.40167135      0.98898151    0.0024993324      0.00000      0.00000       1.1350000
      0.41898493       1.0040619    0.0025584969      0.00000      0.00000       1.1339999
      0.43629516      0.99981432    0.0025708615      0.00000      0.00000       1.1339999
      0.45350696       1.0006500    0.0025315233      0.00000      0.00000       1.1339999
      0.47090033      0.98955610    0.0025099530      0.00000      0.00000       1.1339999
      0.48835700      0.99215583    0.0025129902      0.00000      0.00000       1.1339999
      0.50571612      0.99354647    0.0025419441      0.00000      0.00000       1.1339999
      0.52294159      0.98398941    0.0025222593      0.00000      0.00000       1.1339999
      0.54011025      0.99384519    0.0025393181      0.00000      0.00000       1.1350000
      0.55726436      0.99886690    0.0025841090      0.00000      0.00000       1.1350000
      0.57441739       1.0021629    0.0025915029      0.00000      0.00000       1.1350000
      0.59157442       1.0118419    0.0026447965      0.00000      0.00000       1.1350000
      0.60873171      0.99866828    0.0025815566      0.00000      0.00000       1.1350000
      0.62589252      0.99809996    0.0025505519      0.00000      0.00000       1.1350000
      0.64305001      0.99091636    0.0025572331      0.00000      0.00000       1.1360000
      0.66020143      0.98911122    0.0024935086      0.00000      0.00000       1.1360000
      0.67735273      0.99696843    0.0025508690      0.00000      0.00000       1.1360000
      0.69450846       1.0059196    0.0026037009      0.00000      0.00000       1.1370000
      0.71166889      0.98975208    0.0025089853      0.00000      0.00000       1.1370000
      0.72882775      0.99452066    0.0025979032      0.00000      0.00000       1.1370000
      0.74599063      0.98682668    0.0024290925      0.00000      0.00000       1.1380000
      0.76317700      0.98702452    0.0024554771      0.00000      0.00000       1.1380000
      0.78036917      0.99520770    0.0025536799      0.00000      0.00000       1.1380000
      0.79755127      0.99543083    0.0025277033      0.00000      0.00000       1.1390001
      0.81470158      0.98252024    0.0024512133      0.00000      0.00000       1.1390001
      0.83185868      0.99900513    0.0025385153      0.00000      0.00000       1.1400000
      0.84901674       1.0015154    0.0025427707      0.00000      0.00000       1.1400000
      0.86617046      0.98881250    0.0025083845      0.00000      0.00000       1.1410000
      0.88332214      0.98399824    0.0025087303      0.00000      0.00000       1.1420000
      0.90048270      0.99023942    0.0024876151      0.00000      0.00000       1.1420000
      0.91763412      0.99458370    0.0025753742      0.00000      0.00000       1.1430000
      0.93478792      0.98087823    0.0024800091      0.00000      0.00000       1.1440001
      0.95194602      0.98933984    0.0025282917      0.00000      0.00000       1.1440001
      0.96910892       1.0022677    0.0025427454      0.00000      0.00000       1.1450000
      0.98628861       1.0044382    0.0025867981      0.00000      0.00000       1.1460000
       1.0035013      0.99450585    0.0025775232      0.00000      0.00000       1.1460000
       1.0206516      0.99292669    0.0025462611      0.00000      0.00000       1.1470000
       1.0378065      0.99078715    0.0025256046      0.00000      0.00000       1.1480000
       1.0721177      0.99208652    0.0025456273      0.00000      0.00000       1.1500000
       1.0893100      0.99002227    0.0025178245      0.00000      0.00000       1.1510000
       1.1064706      0.99860936    0.0026004238      0.00000      0.00000       1.1520000
       1.1236278      0.99387136    0.0025604019      0.00000      0.00000       1.1520000
       1.1408128      0.98574946    0.0024965634      0.00000      0.00000       1.1530000
       1.1579989      0.99063097    0.0025758200      0.00000      0.00000       1.1540000
       1.1751856      0.98748754    0.0025254621      0.00000      0.00000       1.1550000
       1.1923734      0.98365736    0.0025275157      0.00000      0.00000       1.1560000
       1.2095557      0.99027795    0.0025831765      0.00000      0.00000       1.1580000
       1.2267322      0.99757066    0.0025384722      0.00000      0.00000       1.1590000
       1.2610724      0.99753164    0.0025898995      0.00000      0.00000       1.1610000
       1.2782571      0.99131027    0.0025733457      0.00000      0.00000       1.1619999
       1.2954189      0.99276199    0.0025036108      0.00000      0.00000       1.1630000
       1.3126110      0.99000972    0.0025092488      0.00000      0.00000       1.1650000
       1.3297718      0.99665295    0.0025832880      0.00000      0.00000       1.1660000
       1.3469247      0.99375225    0.0025762297      0.00000      0.00000       1.1670001
       1.3640834      0.98258769    0.0024745103      0.00000      0.00000       1.1680000
       1.3812403      0.97763696    0.0024871108      0.00000      0.00000       1.1700000
       1.3984073      0.99244984    0.0025807028      0.00000      0.00000       1.1710000
       1.4155817      0.99112331    0.0025071104      0.00000      0.00000       1.1730000
       1.4327269      0.99492976    0.0025404618      0.00000      0.00000       1.1740000
       1.4498929      0.99476742    0.0026701467      0.00000      0.00000       1.1750000
       1.4670406      0.99163016    0.0025648681      0.00000      0.00000       1.1770000
       1.4842200      0.98987698    0.0025285288      0.00000      0.00000       1.1790000
       1.5013747       1.0018006    0.0025314281      0.00000      0.00000       1.1799999
       1.5185259      0.98796174    0.0024651894      0.00000      0.00000       1.1820000
       1.5357130       1.0039257    0.0026002813      0.00000      0.00000       1.1830000
       1.5529072      0.97990258    0.0024988529      0.00000      0.00000       1.1849999
       1.5700583      0.99277061    0.0025422929      0.00000      0.00000       1.1870000
       1.5872133      0.99356598    0.0025480861      0.00000      0.00000       1.1880000
       1.6043720      0.99657618    0.0025749744      0.00000      0.00000       1.1900001
       1.6215549      0.99219220    0.0026095542      0.00000      0.00000       1.1920000
       1.6387078      0.98877770    0.0024828705      0.00000      0.00000       1.1940000
       1.6558656      0.98879162    0.0025158302      0.00000      0.00000       1.1950001
       1.6730446      0.98626395    0.0025073853      0.00000      0.00000       1.1970000
       1.6902109      0.99164604    0.0025656269      0.00000      0.00000       1.1990000
       1.7073672      0.99708009    0.0025689387      0.00000      0.00000       1.2010000
       1.7245177      0.99441301    0.0025564685      0.00000      0.00000       1.2029999
       1.7416723      0.98463792    0.0025308602      0.00000      0.00000       1.2050000
       1.7588465      0.99143369    0.0025285535      0.00000      0.00000       1.2070000
       1.7760022      0.98255779    0.0025425482      0.00000      0.00000       1.2090000
       1.7931647       1.0029118    0.0025813194      0.00000      0.00000       1.2110000
       1.8103677      0.99184103    0.0025688213      0.00000      0.00000       1.2130001
       1.8275192      0.98897995    0.0025213425      0.00000      0.00000       1.2150000
       1.8446959      0.99134311    0.0025363418      0.00000      0.00000       1.2180001
       1.8618395      0.99395871    0.0025887588      0.00000      0.00000       1.2200000
       1.8790021      0.99100596    0.0025576172      0.00000      0.00000       1.2220000
       1.8961957      0.99335089    0.0026395525      0.00000      0.00000       1.2240000
       1.9133663      0.98988384    0.0025813552      0.00000      0.00000       1.2270000
       1.9305401      0.98835634    0.0025699384      0.00000      0.00000       1.2290000
       1.9476975      0.98587886    0.0025801443      0.00000      0.00000       1.2309999
       1.9648636      0.99307737    0.0026182308      0.00000      0.00000       1.2340000
       1.9820230      0.99083548    0.0026186578      0.00000      0.00000       1.2359999
       1.9991862      0.99607767    0.0026485393      0.00000      0.00000       1.2390000
       2.0163497      0.98731362    0.0026052017      0.00000      0.00000       1.2410001
       2.0335066      0.99289865    0.0026515242      0.00000      0.00000       1.2440000
       2.0506635       1.0057859    0.0026028163      0.00000      0.00000       1.2460001
       2.0678104       1.0046784    0.0025651461      0.00000      0.00000       1.2490000
       2.0849738      0.99966413    0.0025962607      0.00000      0.00000       1.2520000
       2.1021310      0.99948384    0.0025991773      0.00000      0.00000       1.2539999
       2.1192868       1.0063412    0.0025896444      0.00000      0.00000       1.2570000
       2.1364658      0.99227102    0.0025466086      0.00000      0.00000       1.2600000
       2.1536434      0.99427018    0.0025431536      0.00000      0.00000       1.2630000
       2.1708035      0.98597494    0.0025119373      0.00000      0.00000       1.2660000
       2.1879862       1.0043835    0.0025538064      0.00000      0.00000       1.2690001
       2.2051383      0.99681490    0.0024548274      0.00000      0.00000       1.2720000
       2.2394492      0.99858014    0.0025543948      0.00000      0.00000       1.2780000
