#JD -  2457388 (hr) Flux  Fl_err  Model_fl   Residual for 2.05um (%) Airmass
      -2.4139274       1.0095369    0.0027415283      0.00000      0.00000       1.5900000
      -2.3967685      0.99987219    0.0026987633      0.00000      0.00000       1.5820000
      -2.3796119       1.0106593    0.0027221073      0.00000      0.00000       1.5750000
      -2.3624283       1.0064571    0.0027369884      0.00000      0.00000       1.5680000
      -2.3452542       1.0011607    0.0026541899      0.00000      0.00000       1.5610000
      -2.3280954       1.0037765    0.0026359624      0.00000      0.00000       1.5549999
      -2.3108841       1.0000599    0.0026510311      0.00000      0.00000       1.5480000
      -2.2937279       1.0030325    0.0027195915      0.00000      0.00000       1.5410000
      -2.2765756       1.0029985    0.0026310387      0.00000      0.00000       1.5350000
      -2.2594209       1.0032866    0.0027218101      0.00000      0.00000       1.5280000
      -2.2422617       1.0068296    0.0025767025      0.00000      0.00000       1.5220000
      -2.2251076      0.99661173    0.0024797138      0.00000      0.00000       1.5160000
      -2.2079540       1.0017925    0.0025289376      0.00000      0.00000       1.5100000
      -2.1907916      0.99515458    0.0024594550      0.00000      0.00000       1.5030000
      -2.1736349       1.0097012    0.0025510737      0.00000      0.00000       1.4970000
      -2.1564684      0.99481103    0.0024755912      0.00000      0.00000       1.4920000
      -2.1393057       1.0111539    0.0025473710      0.00000      0.00000       1.4859999
      -2.1221514       1.0004831    0.0024934558      0.00000      0.00000       1.4800000
      -2.1049994       1.0029498    0.0024751114      0.00000      0.00000       1.4740000
      -2.0878427       1.0077025    0.0025087325      0.00000      0.00000       1.4690000
      -2.0706809       1.0008872    0.0024992263      0.00000      0.00000       1.4630001
      -2.0535003       1.0028983    0.0024717564      0.00000      0.00000       1.4570000
      -2.0363209       1.0017055    0.0024246528      0.00000      0.00000       1.4520000
      -2.0191896      0.99507121    0.0024794443      0.00000      0.00000       1.4470000
      -1.9848875       1.0060700    0.0025101029      0.00000      0.00000       1.4360000
      -1.9677348       1.0032907    0.0024933164      0.00000      0.00000       1.4310000
      -1.9505772       1.0011913    0.0024831968      0.00000      0.00000       1.4260000
      -1.9334253       1.0056129    0.0024962347      0.00000      0.00000       1.4210000
      -1.9162731       1.0003207    0.0025862040      0.00000      0.00000       1.4160000
      -1.8991183       1.0048854    0.0025800784      0.00000      0.00000       1.4110000
      -1.8819675      0.99563275    0.0025382607      0.00000      0.00000       1.4060000
      -1.8648166       1.0123750    0.0025959577      0.00000      0.00000       1.4020000
      -1.8476630       1.0076768    0.0025787274      0.00000      0.00000       1.3970000
      -1.8305127      0.99587338    0.0025584589      0.00000      0.00000       1.3920000
      -1.8133558       1.0053579    0.0028595517      0.00000      0.00000       1.3880000
      -1.7961718       1.0016752    0.0025485294      0.00000      0.00000       1.3830000
      -1.7789818      0.99484922    0.0024858071      0.00000      0.00000       1.3789999
      -1.7618224       1.0073121    0.0025603476      0.00000      0.00000       1.3750000
      -1.7446703       1.0045740    0.0025052556      0.00000      0.00000       1.3700000
      -1.7275163      0.99646958    0.0024777314      0.00000      0.00000       1.3660001
      -1.7103350       1.0034940    0.0024397461      0.00000      0.00000       1.3620000
      -1.6931812       1.0032752    0.0025151298      0.00000      0.00000       1.3580000
      -1.6760198       1.0032549    0.0024854914      0.00000      0.00000       1.3530000
      -1.6588624      0.99995780    0.0025092230      0.00000      0.00000       1.3490000
      -1.6417030      0.99352068    0.0024982852      0.00000      0.00000       1.3450000
      -1.6245494       1.0013577    0.0024213893      0.00000      0.00000       1.3410000
      -1.6073352      0.99904087    0.0024451734      0.00000      0.00000       1.3380001
      -1.5730222      0.99948583    0.0024097741      0.00000      0.00000       1.3300000
      -1.5558700      0.99568539    0.0024161620      0.00000      0.00000       1.3260000
      -1.5387079      0.99956349    0.0023882604      0.00000      0.00000       1.3220000
      -1.5215525       1.0003457    0.0024210214      0.00000      0.00000       1.3190000
      -1.5043944       1.0016962    0.0024308547      0.00000      0.00000       1.3150001
      -1.4872407      0.99570021    0.0023994084      0.00000      0.00000       1.3120000
      -1.4700676       1.0045076    0.0024532837      0.00000      0.00000       1.3080000
      -1.4528847       1.0028579    0.0023705751      0.00000      0.00000       1.3049999
      -1.4357223       1.0004141    0.0024110924      0.00000      0.00000       1.3010000
      -1.4013444       1.0005985    0.0023714100      0.00000      0.00000       1.2950000
      -1.3841855       1.0024676    0.0024130299      0.00000      0.00000       1.2910000
      -1.3669997       1.0042179    0.0023618097      0.00000      0.00000       1.2880000
      -1.3498463      0.99613223    0.0023098793      0.00000      0.00000       1.2850000
      -1.3326628       1.0037056    0.0024627301      0.00000      0.00000       1.2819999
      -1.3154663      0.99641597    0.0023323757      0.00000      0.00000       1.2790000
      -1.2982878       1.0042768    0.0023847344      0.00000      0.00000       1.2760000
      -1.2811327      0.99487588    0.0023373438      0.00000      0.00000       1.2730000
      -1.2639686      0.99494382    0.0022882224      0.00000      0.00000       1.2700000
      -1.2468145      0.99889818    0.0023050459      0.00000      0.00000       1.2670000
      -1.2296646      0.99922182    0.0023625571      0.00000      0.00000       1.2640001
      -1.2125125      0.99583166    0.0022711199      0.00000      0.00000       1.2610000
      -1.1953755      0.99994614    0.0023125244      0.00000      0.00000       1.2580000
      -1.1782241      0.99559881    0.0023051939      0.00000      0.00000       1.2550000
      -1.1610706      0.99909680    0.0023224219      0.00000      0.00000       1.2530000
      -1.1439169       1.0048992    0.0023843592      0.00000      0.00000       1.2500000
      -1.1267321       1.0028043    0.0023431728      0.00000      0.00000       1.2470000
      -1.1095584      0.99711862    0.0023656984      0.00000      0.00000       1.2450000
      -1.0924102       1.0099433    0.0023938146      0.00000      0.00000       1.2420000
      -1.0752579       1.0094881    0.0023686198      0.00000      0.00000       1.2400000
      -1.0580962      0.99382998    0.0023496795      0.00000      0.00000       1.2370000
      -1.0409426      0.99870503    0.0023104630      0.00000      0.00000       1.2350000
      -1.0237881       1.0084402    0.0023823960      0.00000      0.00000       1.2320000
      -1.0066325      0.99446268    0.0023188084      0.00000      0.00000       1.2300000
     -0.98947485       1.0018606    0.0023870754      0.00000      0.00000       1.2270000
     -0.97231195      0.99872829    0.0023341612      0.00000      0.00000       1.2250000
     -0.95515907      0.99968438    0.0023598128      0.00000      0.00000       1.2230000
     -0.93798331       1.0062818    0.0023618875      0.00000      0.00000       1.2200000
     -0.92082277      0.99863144    0.0023297263      0.00000      0.00000       1.2180001
     -0.90363025      0.99655386    0.0023077119      0.00000      0.00000       1.2160000
     -0.88647098      0.99794458    0.0023882170      0.00000      0.00000       1.2140000
     -0.86930338       1.0011812    0.0024134389      0.00000      0.00000       1.2120000
     -0.83499177       1.0018485    0.0024071909      0.00000      0.00000       1.2079999
     -0.81781283      0.99888021    0.0023704219      0.00000      0.00000       1.2060000
     -0.80065585       1.0013464    0.0023553428      0.00000      0.00000       1.2040000
     -0.78350712       1.0023731    0.0024395013      0.00000      0.00000       1.2020000
     -0.76631989       1.0041309    0.0024658239      0.00000      0.00000       1.2000000
     -0.74916646      0.99410438    0.0023000050      0.00000      0.00000       1.1980000
     -0.73201772       1.0011248    0.0023309492      0.00000      0.00000       1.1960000
     -0.71485827      0.99749769    0.0023361951      0.00000      0.00000       1.1940000
     -0.69768679       1.0041495    0.0023721481      0.00000      0.00000       1.1920000
     -0.68053768       1.0060491    0.0023808768      0.00000      0.00000       1.1910000
     -0.66338503      0.99922000    0.0023787291      0.00000      0.00000       1.1890000
     -0.64623282       1.0024536    0.0024080393      0.00000      0.00000       1.1870000
     -0.62907667      0.99777688    0.0024450778      0.00000      0.00000       1.1849999
     -0.61190716      0.99996084    0.0024481941      0.00000      0.00000       1.1840000
     -0.59474967       1.0050085    0.0023729726      0.00000      0.00000       1.1820000
     -0.57759460       1.0007354    0.0023448746      0.00000      0.00000       1.1810000
     -0.56041372      0.99114606    0.0023382647      0.00000      0.00000       1.1790000
     -0.54326313      0.99831874    0.0023386146      0.00000      0.00000       1.1780000
     -0.52607189       1.0022002    0.0023243920      0.00000      0.00000       1.1760000
     -0.50891352      0.99579390    0.0022851824      0.00000      0.00000       1.1750000
     -0.49168405      0.99764973    0.0023022818      0.00000      0.00000       1.1730000
     -0.47451943       1.0062418    0.0023894309      0.00000      0.00000       1.1720001
     -0.45732503       1.0021726    0.0023713064      0.00000      0.00000       1.1700000
     -0.44017357      0.99689165    0.0023093364      0.00000      0.00000       1.1690000
     -0.42301279       1.0000393    0.0023281910      0.00000      0.00000       1.1680000
     -0.40583064       1.0025874    0.0023440035      0.00000      0.00000       1.1660000
     -0.38865100      0.99956525    0.0023038946      0.00000      0.00000       1.1650000
     -0.37149500      0.99909886    0.0023348984      0.00000      0.00000       1.1640000
     -0.35434107       1.0042728    0.0023242910      0.00000      0.00000       1.1630000
     -0.33717167      0.99624353    0.0022704498      0.00000      0.00000       1.1610000
     -0.32001138       1.0041796    0.0023018926      0.00000      0.00000       1.1600000
     -0.30285690      0.99451502    0.0023108643      0.00000      0.00000       1.1590000
     -0.28569942       1.0013106    0.0023448246      0.00000      0.00000       1.1580000
     -0.26853983       1.0000000    0.0023190100      0.00000      0.00000       1.1569999
     -0.25137686       1.0004816    0.0023053887      0.00000      0.00000       1.1560000
     -0.23421697      0.99980120    0.0022909182      0.00000      0.00000       1.1550000
     -0.21703383      0.99591631    0.0022419285      0.00000      0.00000       1.1540000
     -0.19983917      0.99979580    0.0023148476      0.00000      0.00000       1.1530000
     -0.18265923      0.99783784    0.0023098456      0.00000      0.00000       1.1520000
     -0.16550921       1.0014402    0.0022687589      0.00000      0.00000       1.1510000
     -0.14835759       1.0057198    0.0022873694      0.00000      0.00000       1.1500000
     -0.13120325       1.0008339    0.0022701799      0.00000      0.00000       1.1490000
     -0.11404668      0.99726938    0.0022621189      0.00000      0.00000       1.1480000
    -0.096892018      0.99663820    0.0022447737      0.00000      0.00000       1.1470000
    -0.079706144       1.0044254    0.0023246216      0.00000      0.00000       1.1470000
    -0.062549081       1.0010710    0.0022861529      0.00000      0.00000       1.1460000
    -0.045385737       1.0007085    0.0022978051      0.00000      0.00000       1.1450000
    -0.028229568       1.0033550    0.0023686798      0.00000      0.00000       1.1440001
    -0.011077188      0.99902782    0.0023290401      0.00000      0.00000       1.1440001
    0.0060829930       1.0037870    0.0023669977      0.00000      0.00000       1.1430000
     0.023241006      0.99571533    0.0023076808      0.00000      0.00000       1.1420000
     0.040394884       1.0007195    0.0023469303      0.00000      0.00000       1.1420000
     0.057586715       1.0041898    0.0023420607      0.00000      0.00000       1.1410000
     0.074738078      0.99634614    0.0023325438      0.00000      0.00000       1.1410000
     0.091926958      0.99175070    0.0022602857      0.00000      0.00000       1.1400000
      0.10908441      0.99169417    0.0022738226      0.00000      0.00000       1.1400000
      0.12624985      0.98846250    0.0022679726      0.00000      0.00000       1.1390001
      0.14343952       1.0026105    0.0022790222      0.00000      0.00000       1.1390001
      0.16059910      0.99972039    0.0022789152      0.00000      0.00000       1.1380000
      0.17781410      0.99572905    0.0022212957      0.00000      0.00000       1.1380000
      0.19497075      0.99896510    0.0022442266      0.00000      0.00000       1.1370000
      0.21213238      0.99479555    0.0022564755      0.00000      0.00000       1.1370000
      0.22931802      0.99481285    0.0022589961      0.00000      0.00000       1.1370000
      0.24653504      0.99978633    0.0022669229      0.00000      0.00000       1.1360000
      0.26378680       1.0022336    0.0023461787      0.00000      0.00000       1.1360000
      0.28097971      0.99610515    0.0022594484      0.00000      0.00000       1.1360000
      0.29821431       1.0007014    0.0022930795      0.00000      0.00000       1.1360000
      0.31541125      0.99328867    0.0022757500      0.00000      0.00000       1.1350000
      0.33270907      0.99257449    0.0022578870      0.00000      0.00000       1.1350000
      0.35002717      0.99465310    0.0022750963      0.00000      0.00000       1.1350000
      0.36729911      0.99391013    0.0022635290      0.00000      0.00000       1.1350000
      0.38443540       1.0039771    0.0023252743      0.00000      0.00000       1.1350000
      0.40167135      0.99146496    0.0023004673      0.00000      0.00000       1.1350000
      0.41898493       1.0014469    0.0023041276      0.00000      0.00000       1.1339999
      0.43629516      0.99639265    0.0023285665      0.00000      0.00000       1.1339999
      0.45350696      0.99882617    0.0022723784      0.00000      0.00000       1.1339999
      0.47090033      0.99630084    0.0022710845      0.00000      0.00000       1.1339999
      0.48835700      0.99823021    0.0022968588      0.00000      0.00000       1.1339999
      0.50571612      0.99574666    0.0022978614      0.00000      0.00000       1.1339999
      0.52294159      0.99193699    0.0022899344      0.00000      0.00000       1.1339999
      0.54011025      0.98701798    0.0022842737      0.00000      0.00000       1.1350000
      0.55726436      0.99776880    0.0023253403      0.00000      0.00000       1.1350000
      0.57441739      0.99213919    0.0022722432      0.00000      0.00000       1.1350000
      0.59157442      0.99697805    0.0023275394      0.00000      0.00000       1.1350000
      0.60873171      0.99792351    0.0023423235      0.00000      0.00000       1.1350000
      0.62589252      0.99565309    0.0023031772      0.00000      0.00000       1.1350000
      0.64305001      0.99382986    0.0023247195      0.00000      0.00000       1.1360000
      0.66020143       1.0057068    0.0023146899      0.00000      0.00000       1.1360000
      0.67735273      0.99543268    0.0022909502      0.00000      0.00000       1.1360000
      0.69450846      0.99648865    0.0023028693      0.00000      0.00000       1.1370000
      0.71166889      0.99195163    0.0022695592      0.00000      0.00000       1.1370000
      0.72882775      0.99468443    0.0023534012      0.00000      0.00000       1.1370000
      0.74599063      0.98793138    0.0022476771      0.00000      0.00000       1.1380000
      0.76317700      0.99514371    0.0022611206      0.00000      0.00000       1.1380000
      0.78036917       1.0011714    0.0023346313      0.00000      0.00000       1.1380000
      0.79755127      0.99593914    0.0022917287      0.00000      0.00000       1.1390001
      0.81470158      0.98070795    0.0022579328      0.00000      0.00000       1.1390001
      0.83185868      0.99638324    0.0022919754      0.00000      0.00000       1.1400000
      0.84901674      0.99932960    0.0022944675      0.00000      0.00000       1.1400000
      0.86617046      0.99527122    0.0023010017      0.00000      0.00000       1.1410000
      0.88332214      0.99434701    0.0022920631      0.00000      0.00000       1.1420000
      0.90048270      0.99775587    0.0022839295      0.00000      0.00000       1.1420000
      0.91763412       1.0023769    0.0023197873      0.00000      0.00000       1.1430000
      0.93478792       1.0008487    0.0022787745      0.00000      0.00000       1.1440001
      0.95194602      0.99124600    0.0022998964      0.00000      0.00000       1.1440001
      0.96910892       1.0016234    0.0023221577      0.00000      0.00000       1.1450000
      0.98628861       1.0019111    0.0022963823      0.00000      0.00000       1.1460000
       1.0035013      0.99296115    0.0023506798      0.00000      0.00000       1.1460000
       1.0206516      0.99471965    0.0023062618      0.00000      0.00000       1.1470000
       1.0378065      0.99736781    0.0023223733      0.00000      0.00000       1.1480000
       1.0549635       1.0022181    0.0023423339      0.00000      0.00000       1.1490000
       1.0721177       1.0020514    0.0023833047      0.00000      0.00000       1.1500000
       1.0893100      0.99449978    0.0023222893      0.00000      0.00000       1.1510000
       1.1064706       1.0058457    0.0023833514      0.00000      0.00000       1.1520000
       1.1236278      0.99947071    0.0023302744      0.00000      0.00000       1.1520000
       1.1408128      0.99283431    0.0023207989      0.00000      0.00000       1.1530000
       1.1579989       1.0018527    0.0023488081      0.00000      0.00000       1.1540000
       1.1751856      0.99636660    0.0023399381      0.00000      0.00000       1.1550000
       1.1923734      0.99717156    0.0023413043      0.00000      0.00000       1.1560000
       1.2095557      0.99639411    0.0023296955      0.00000      0.00000       1.1580000
       1.2267322      0.99385039    0.0023365523      0.00000      0.00000       1.1590000
       1.2438903      0.99681811    0.0023477776      0.00000      0.00000       1.1600000
       1.2610724      0.99554209    0.0023417383      0.00000      0.00000       1.1610000
       1.2782571       1.0000873    0.0023602236      0.00000      0.00000       1.1619999
       1.2954189       1.0037244    0.0023039340      0.00000      0.00000       1.1630000
       1.3126110      0.99648543    0.0023162568      0.00000      0.00000       1.1650000
       1.3297718       1.0007882    0.0023224041      0.00000      0.00000       1.1660000
       1.3469247       1.0085766    0.0023439458      0.00000      0.00000       1.1670001
       1.3640834      0.99674343    0.0023111129      0.00000      0.00000       1.1680000
       1.3812403       1.0009049    0.0023264825      0.00000      0.00000       1.1700000
       1.3984073       1.0005173    0.0023562816      0.00000      0.00000       1.1710000
       1.4155817       1.0003981    0.0023332772      0.00000      0.00000       1.1730000
       1.4327269      0.99010970    0.0023148237      0.00000      0.00000       1.1740000
       1.4498929      0.99486531    0.0024472585      0.00000      0.00000       1.1750000
       1.4670406      0.99904178    0.0023967291      0.00000      0.00000       1.1770000
       1.4842200      0.99690828    0.0023229174      0.00000      0.00000       1.1790000
       1.5013747       1.0008148    0.0023117744      0.00000      0.00000       1.1799999
       1.5185259      0.99341333    0.0022973116      0.00000      0.00000       1.1820000
       1.5357130       1.0015521    0.0023395984      0.00000      0.00000       1.1830000
       1.5529072       1.0022398    0.0023675750      0.00000      0.00000       1.1849999
       1.5700583       1.0085582    0.0023523412      0.00000      0.00000       1.1870000
       1.5872133      0.99800287    0.0023663267      0.00000      0.00000       1.1880000
       1.6043720       1.0007309    0.0023813339      0.00000      0.00000       1.1900001
       1.6215549       1.0064287    0.0024037949      0.00000      0.00000       1.1920000
       1.6387078      0.99333646    0.0023166569      0.00000      0.00000       1.1940000
       1.6558656       1.0023848    0.0023458146      0.00000      0.00000       1.1950001
       1.6730446      0.99888738    0.0023238223      0.00000      0.00000       1.1970000
       1.6902109       1.0019339    0.0023519323      0.00000      0.00000       1.1990000
       1.7073672       1.0011928    0.0023651422      0.00000      0.00000       1.2010000
       1.7245177       1.0036511    0.0023622528      0.00000      0.00000       1.2029999
       1.7416723      0.99972506    0.0023808287      0.00000      0.00000       1.2050000
       1.7588465      0.99414579    0.0023492002      0.00000      0.00000       1.2070000
       1.7760022      0.99669327    0.0023542271      0.00000      0.00000       1.2090000
       1.8103677      0.99918812    0.0023861113      0.00000      0.00000       1.2130001
       1.8275192       1.0018487    0.0023670688      0.00000      0.00000       1.2150000
       1.8446959      0.99600271    0.0023613192      0.00000      0.00000       1.2180001
       1.8618395      0.99911453    0.0023948044      0.00000      0.00000       1.2200000
       1.8790021       1.0030796    0.0023988346      0.00000      0.00000       1.2220000
       1.8961957      0.99897803    0.0024190500      0.00000      0.00000       1.2240000
       1.9133663       1.0053435    0.0023931128      0.00000      0.00000       1.2270000
       1.9305401       1.0071027    0.0024094795      0.00000      0.00000       1.2290000
       1.9476975       1.0033529    0.0024167538      0.00000      0.00000       1.2309999
       1.9648636       1.0094803    0.0024253425      0.00000      0.00000       1.2340000
       1.9820230       1.0038921    0.0024290016      0.00000      0.00000       1.2359999
       1.9991862       1.0095596    0.0024410788      0.00000      0.00000       1.2390000
       2.0163497       1.0067754    0.0024706523      0.00000      0.00000       1.2410001
       2.0335066       1.0106727    0.0024286806      0.00000      0.00000       1.2440000
       2.0506635      0.99639259    0.0023529430      0.00000      0.00000       1.2460001
       2.0678104      0.99761129    0.0024155790      0.00000      0.00000       1.2490000
       2.0849738       1.0045234    0.0023951037      0.00000      0.00000       1.2520000
       2.1021310       1.0066625    0.0024033912      0.00000      0.00000       1.2539999
       2.1192868       1.0023377    0.0023573575      0.00000      0.00000       1.2570000
       2.1364658       1.0062494    0.0023756623      0.00000      0.00000       1.2600000
       2.1536434       1.0047477    0.0023653642      0.00000      0.00000       1.2630000
       2.1708035       1.0025415    0.0023576369      0.00000      0.00000       1.2660000
       2.1879862       1.0072058    0.0023700749      0.00000      0.00000       1.2690001
       2.2051383      0.98536398    0.0022916594      0.00000      0.00000       1.2720000
       2.2222890       1.0006532    0.0023668245      0.00000      0.00000       1.2750000
       2.2394492       1.0051598    0.0023751244      0.00000      0.00000       1.2780000
