#JD -  2457388 (hr) Flux  Fl_err  Model_fl   Residual for 1.99um (%) Airmass
      -2.4139274      0.99961004    0.0032564776      0.00000      0.00000       1.5900000
      -2.3967685      0.98807719    0.0031885837      0.00000      0.00000       1.5820000
      -2.3796119       1.0042757    0.0032242267      0.00000      0.00000       1.5750000
      -2.3624283      0.99501301    0.0032228798      0.00000      0.00000       1.5680000
      -2.3452542      0.99467429    0.0031637236      0.00000      0.00000       1.5610000
      -2.3280954      0.99687243    0.0030990438      0.00000      0.00000       1.5549999
      -2.3108841       1.0048193    0.0031771561      0.00000      0.00000       1.5480000
      -2.2937279      0.99549262    0.0031968237      0.00000      0.00000       1.5410000
      -2.2765756      0.99788153    0.0031312623      0.00000      0.00000       1.5350000
      -2.2594209      0.99611469    0.0032281249      0.00000      0.00000       1.5280000
      -2.2422617      0.99351013    0.0030300037      0.00000      0.00000       1.5220000
      -2.2251076      0.99071256    0.0029501226      0.00000      0.00000       1.5160000
      -2.2079540      0.99815301    0.0029908632      0.00000      0.00000       1.5100000
      -2.1907916      0.99217268    0.0029531144      0.00000      0.00000       1.5030000
      -2.1736349       1.0185122    0.0030809923      0.00000      0.00000       1.4970000
      -2.1564684      0.99815436    0.0029649314      0.00000      0.00000       1.4920000
      -2.1393057       1.0061676    0.0030044442      0.00000      0.00000       1.4859999
      -2.1221514       1.0015127    0.0029621126      0.00000      0.00000       1.4800000
      -2.1049994      0.99966524    0.0029355393      0.00000      0.00000       1.4740000
      -2.0878427       1.0041203    0.0029857968      0.00000      0.00000       1.4690000
      -2.0706809      0.99411312    0.0029564471      0.00000      0.00000       1.4630001
      -2.0535003      0.99997450    0.0029201590      0.00000      0.00000       1.4570000
      -2.0363209      0.99978594    0.0028722448      0.00000      0.00000       1.4520000
      -2.0191896      0.98827645    0.0029124793      0.00000      0.00000       1.4470000
      -2.0020402      0.99360239    0.0030302212      0.00000      0.00000       1.4410000
      -1.9848875       1.0019702    0.0029848549      0.00000      0.00000       1.4360000
      -1.9677348      0.99913535    0.0029471562      0.00000      0.00000       1.4310000
      -1.9505772      0.98770965    0.0029335956      0.00000      0.00000       1.4260000
      -1.9334253       1.0101649    0.0029893931      0.00000      0.00000       1.4210000
      -1.9162731      0.99807271    0.0030622302      0.00000      0.00000       1.4160000
      -1.8991183      0.99240369    0.0029947279      0.00000      0.00000       1.4110000
      -1.8819675      0.99634769    0.0030006320      0.00000      0.00000       1.4060000
      -1.8648166       1.0091395    0.0030711842      0.00000      0.00000       1.4020000
      -1.8476630       1.0090751    0.0030643614      0.00000      0.00000       1.3970000
      -1.8305127       1.0026320    0.0030691972      0.00000      0.00000       1.3920000
      -1.8133558      0.99007885    0.0033222135      0.00000      0.00000       1.3880000
      -1.7961718      0.99679379    0.0029930484      0.00000      0.00000       1.3830000
      -1.7789818      0.99417750    0.0029653556      0.00000      0.00000       1.3789999
      -1.7618224      0.99583426    0.0029779117      0.00000      0.00000       1.3750000
      -1.7446703      0.99984185    0.0029428942      0.00000      0.00000       1.3700000
      -1.7275163      0.99932280    0.0029224294      0.00000      0.00000       1.3660001
      -1.7103350       1.0083619    0.0029269540      0.00000      0.00000       1.3620000
      -1.6931812       1.0009436    0.0029736924      0.00000      0.00000       1.3580000
      -1.6760198      0.99878673    0.0029061109      0.00000      0.00000       1.3530000
      -1.6588624       1.0035467    0.0029599483      0.00000      0.00000       1.3490000
      -1.6417030      0.99330992    0.0029499487      0.00000      0.00000       1.3450000
      -1.6245494      0.99910145    0.0028721245      0.00000      0.00000       1.3410000
      -1.6073352      0.99743527    0.0028917983      0.00000      0.00000       1.3380001
      -1.5901794       1.0146356    0.0028641716      0.00000      0.00000       1.3340000
      -1.5730222       1.0064684    0.0028424524      0.00000      0.00000       1.3300000
      -1.5558700      0.99676053    0.0028360753      0.00000      0.00000       1.3260000
      -1.5387079       1.0015355    0.0028282424      0.00000      0.00000       1.3220000
      -1.5215525       1.0020903    0.0028344246      0.00000      0.00000       1.3190000
      -1.5043944      0.99600192    0.0028201203      0.00000      0.00000       1.3150001
      -1.4872407       1.0055926    0.0028523851      0.00000      0.00000       1.3120000
      -1.4700676      0.99874436    0.0028787193      0.00000      0.00000       1.3080000
      -1.4528847       1.0078965    0.0027938195      0.00000      0.00000       1.3049999
      -1.4357223       1.0011209    0.0028425730      0.00000      0.00000       1.3010000
      -1.4185246      0.99306965    0.0027740347      0.00000      0.00000       1.2980000
      -1.4013444      0.99781849    0.0027956521      0.00000      0.00000       1.2950000
      -1.3841855       1.0086178    0.0028415193      0.00000      0.00000       1.2910000
      -1.3669997       1.0049882    0.0027700483      0.00000      0.00000       1.2880000
      -1.3498463      0.99687679    0.0026989597      0.00000      0.00000       1.2850000
      -1.3326628       1.0080052    0.0029063151      0.00000      0.00000       1.2819999
      -1.3154663       1.0039724    0.0027622232      0.00000      0.00000       1.2790000
      -1.2982878      0.99700017    0.0027599584      0.00000      0.00000       1.2760000
      -1.2811327       1.0025994    0.0027837429      0.00000      0.00000       1.2730000
      -1.2639686       1.0014303    0.0027130818      0.00000      0.00000       1.2700000
      -1.2468145      0.99930158    0.0026908159      0.00000      0.00000       1.2670000
      -1.2296646       1.0048889    0.0027808111      0.00000      0.00000       1.2640001
      -1.2125125       1.0048353    0.0026858319      0.00000      0.00000       1.2610000
      -1.1953755       1.0012781    0.0027164042      0.00000      0.00000       1.2580000
      -1.1782241       1.0021855    0.0027473979      0.00000      0.00000       1.2550000
      -1.1610706      0.99733960    0.0027212593      0.00000      0.00000       1.2530000
      -1.1439169       1.0052495    0.0028069916      0.00000      0.00000       1.2500000
      -1.1267321      0.99880796    0.0027384879      0.00000      0.00000       1.2470000
      -1.1095584       1.0066878    0.0028180507      0.00000      0.00000       1.2450000
      -1.0924102       1.0080407    0.0027977236      0.00000      0.00000       1.2420000
      -1.0752579       1.0135527    0.0027853633      0.00000      0.00000       1.2400000
      -1.0580962       1.0053373    0.0027825871      0.00000      0.00000       1.2370000
      -1.0409426       1.0071211    0.0027026877      0.00000      0.00000       1.2350000
      -1.0237881       1.0055859    0.0027759397      0.00000      0.00000       1.2320000
      -1.0066325       1.0015888    0.0027273124      0.00000      0.00000       1.2300000
     -0.98947485       1.0017536    0.0027933351      0.00000      0.00000       1.2270000
     -0.97231195       1.0035174    0.0027662730      0.00000      0.00000       1.2250000
     -0.95515907       1.0119753    0.0028145977      0.00000      0.00000       1.2230000
     -0.93798331       1.0051666    0.0027536973      0.00000      0.00000       1.2200000
     -0.92082277      0.99879513    0.0027173598      0.00000      0.00000       1.2180001
     -0.90363025       1.0016820    0.0027286652      0.00000      0.00000       1.2160000
     -0.88647098       1.0066883    0.0028063481      0.00000      0.00000       1.2140000
     -0.86930338       1.0103769    0.0028553243      0.00000      0.00000       1.2120000
     -0.85214707      0.99655771    0.0028226295      0.00000      0.00000       1.2100000
     -0.83499177      0.99538855    0.0028057322      0.00000      0.00000       1.2079999
     -0.81781283      0.98897233    0.0027528556      0.00000      0.00000       1.2060000
     -0.80065585      0.99892437    0.0027370757      0.00000      0.00000       1.2040000
     -0.78350712       1.0051386    0.0028635281      0.00000      0.00000       1.2020000
     -0.76631989       1.0003607    0.0028948726      0.00000      0.00000       1.2000000
     -0.74916646       1.0073700    0.0027488033      0.00000      0.00000       1.1980000
     -0.73201772       1.0105820    0.0027691373      0.00000      0.00000       1.1960000
     -0.71485827       1.0032506    0.0027482388      0.00000      0.00000       1.1940000
     -0.69768679      0.99895708    0.0027559269      0.00000      0.00000       1.1920000
     -0.68053768       1.0020047    0.0027687552      0.00000      0.00000       1.1910000
     -0.66338503       1.0016111    0.0027992867      0.00000      0.00000       1.1890000
     -0.64623282       1.0072080    0.0028662891      0.00000      0.00000       1.1870000
     -0.62907667      0.99697325    0.0028584154      0.00000      0.00000       1.1849999
     -0.61190716      0.99693302    0.0028729997      0.00000      0.00000       1.1840000
     -0.59474967       1.0091425    0.0027993765      0.00000      0.00000       1.1820000
     -0.57759460       1.0022490    0.0027424250      0.00000      0.00000       1.1810000
     -0.56041372       1.0004947    0.0027706578      0.00000      0.00000       1.1790000
     -0.54326313       1.0003769    0.0027410014      0.00000      0.00000       1.1780000
     -0.52607189       1.0006385    0.0027274126      0.00000      0.00000       1.1760000
     -0.50891352       1.0029774    0.0026999923      0.00000      0.00000       1.1750000
     -0.49168405       1.0065070    0.0027153892      0.00000      0.00000       1.1730000
     -0.47451943       1.0146923    0.0028282675      0.00000      0.00000       1.1720001
     -0.45732503       1.0028102    0.0027752879      0.00000      0.00000       1.1700000
     -0.44017357       1.0053998    0.0027375533      0.00000      0.00000       1.1690000
     -0.42301279       1.0082205    0.0027472225      0.00000      0.00000       1.1680000
     -0.40583064       1.0029854    0.0027466044      0.00000      0.00000       1.1660000
     -0.38865100       1.0045711    0.0026913582      0.00000      0.00000       1.1650000
     -0.37149500      0.99480053    0.0026894940      0.00000      0.00000       1.1640000
     -0.35434107       1.0062642    0.0027136160      0.00000      0.00000       1.1630000
     -0.33717167       1.0046136    0.0026780027      0.00000      0.00000       1.1610000
     -0.32001138       1.0052110    0.0026794233      0.00000      0.00000       1.1600000
     -0.30285690      0.99651867    0.0027043759      0.00000      0.00000       1.1590000
     -0.28569942       1.0043244    0.0027754998      0.00000      0.00000       1.1580000
     -0.26853983       1.0031601    0.0027255627      0.00000      0.00000       1.1569999
     -0.25137686       1.0044766    0.0027088235      0.00000      0.00000       1.1560000
     -0.23421697       1.0085336    0.0026809403      0.00000      0.00000       1.1550000
     -0.21703383       1.0084528    0.0026611868      0.00000      0.00000       1.1540000
     -0.19983917       1.0066764    0.0027220079      0.00000      0.00000       1.1530000
     -0.18265923       1.0037058    0.0026870776      0.00000      0.00000       1.1520000
     -0.16550921       1.0033826    0.0026627212      0.00000      0.00000       1.1510000
     -0.14835759       1.0143986    0.0027018766      0.00000      0.00000       1.1500000
     -0.13120325       1.0085809    0.0026541737      0.00000      0.00000       1.1490000
     -0.11404668       1.0003930    0.0026375808      0.00000      0.00000       1.1480000
    -0.096892018       1.0090973    0.0026532394      0.00000      0.00000       1.1470000
    -0.079706144       1.0147314    0.0027333637      0.00000      0.00000       1.1470000
    -0.062549081       1.0049508    0.0026795909      0.00000      0.00000       1.1460000
    -0.045385737       1.0067284    0.0027012406      0.00000      0.00000       1.1450000
    -0.028229568       1.0069781    0.0027906316      0.00000      0.00000       1.1440001
    -0.011077188       1.0074805    0.0027588240      0.00000      0.00000       1.1440001
    0.0060829930       1.0036750    0.0027419895      0.00000      0.00000       1.1430000
     0.023241006       1.0028517    0.0026998200      0.00000      0.00000       1.1420000
     0.040394884       1.0070341    0.0027494122      0.00000      0.00000       1.1420000
     0.057586715       1.0092374    0.0027502790      0.00000      0.00000       1.1410000
     0.074738078       1.0072898    0.0027416312      0.00000      0.00000       1.1410000
     0.091926958       1.0016514    0.0026740300      0.00000      0.00000       1.1400000
      0.10908441      0.99120088    0.0026253046      0.00000      0.00000       1.1400000
      0.12624985      0.99636828    0.0026593841      0.00000      0.00000       1.1390001
      0.14343952       1.0026611    0.0026498554      0.00000      0.00000       1.1390001
      0.16059910      0.99900761    0.0026388303      0.00000      0.00000       1.1380000
      0.17781410       1.0013884    0.0026035455      0.00000      0.00000       1.1380000
      0.19497075       1.0007638    0.0026305442      0.00000      0.00000       1.1370000
      0.21213238      0.99529653    0.0026202433      0.00000      0.00000       1.1370000
      0.22931802       1.0015653    0.0026569470      0.00000      0.00000       1.1370000
      0.24653504       1.0046408    0.0026473982      0.00000      0.00000       1.1360000
      0.26378680       1.0051601    0.0027438803      0.00000      0.00000       1.1360000
      0.28097971       1.0025955    0.0026488144      0.00000      0.00000       1.1360000
      0.29821431       1.0046238    0.0026896119      0.00000      0.00000       1.1360000
      0.31541125       1.0011467    0.0026693989      0.00000      0.00000       1.1350000
      0.33270907      0.99896365    0.0026351232      0.00000      0.00000       1.1350000
      0.35002717      0.99642902    0.0026583441      0.00000      0.00000       1.1350000
      0.36729911       1.0016625    0.0026655242      0.00000      0.00000       1.1350000
      0.38443540      0.99906209    0.0026933013      0.00000      0.00000       1.1350000
      0.40167135      0.99450252    0.0026817546      0.00000      0.00000       1.1350000
      0.41898493       1.0029271    0.0026996415      0.00000      0.00000       1.1339999
      0.43629516       1.0063739    0.0027281591      0.00000      0.00000       1.1339999
      0.45350696      0.99732614    0.0026236508      0.00000      0.00000       1.1339999
      0.47090033       1.0033447    0.0026709899      0.00000      0.00000       1.1339999
      0.48835700      0.99746956    0.0026774886      0.00000      0.00000       1.1339999
      0.50571612       1.0056833    0.0027186316      0.00000      0.00000       1.1339999
      0.52294159      0.99948745    0.0026904518      0.00000      0.00000       1.1339999
      0.54011025      0.99497642    0.0026938012      0.00000      0.00000       1.1350000
      0.55726436       1.0039038    0.0027293835      0.00000      0.00000       1.1350000
      0.57441739      0.99592209    0.0026721299      0.00000      0.00000       1.1350000
      0.59157442      0.99406552    0.0027036798      0.00000      0.00000       1.1350000
      0.60873171      0.99672537    0.0027245957      0.00000      0.00000       1.1350000
      0.62589252       1.0010498    0.0026965093      0.00000      0.00000       1.1350000
      0.64305001      0.99749308    0.0027144878      0.00000      0.00000       1.1360000
      0.66020143       1.0041969    0.0027000910      0.00000      0.00000       1.1360000
      0.67735273      0.99818501    0.0026937761      0.00000      0.00000       1.1360000
      0.69450846       1.0003618    0.0026979954      0.00000      0.00000       1.1370000
      0.71166889      0.99158102    0.0026522959      0.00000      0.00000       1.1370000
      0.72882775      0.99953425    0.0027647484      0.00000      0.00000       1.1370000
      0.74599063      0.99208082    0.0026350382      0.00000      0.00000       1.1380000
      0.76317700      0.99408033    0.0026208691      0.00000      0.00000       1.1380000
      0.78036917      0.99616348    0.0027431644      0.00000      0.00000       1.1380000
      0.79755127      0.99952127    0.0026680548      0.00000      0.00000       1.1390001
      0.81470158      0.97779103    0.0025921368      0.00000      0.00000       1.1390001
      0.83185868       1.0072705    0.0027107675      0.00000      0.00000       1.1400000
      0.84901674       1.0009621    0.0026933294      0.00000      0.00000       1.1400000
      0.86617046      0.99792723    0.0026814774      0.00000      0.00000       1.1410000
      0.88332214      0.99599036    0.0026759442      0.00000      0.00000       1.1420000
      0.90048270       1.0014862    0.0026671632      0.00000      0.00000       1.1420000
      0.91763412       1.0034527    0.0027256348      0.00000      0.00000       1.1430000
      0.93478792      0.99411367    0.0026564468      0.00000      0.00000       1.1440001
      0.95194602      0.99445865    0.0026800339      0.00000      0.00000       1.1440001
      0.96910892      0.99677478    0.0026975988      0.00000      0.00000       1.1450000
      0.98628861       1.0030500    0.0027071839      0.00000      0.00000       1.1460000
       1.0035013      0.99518352    0.0027642832      0.00000      0.00000       1.1460000
       1.0206516      0.99644280    0.0027054970      0.00000      0.00000       1.1470000
       1.0378065      0.99682420    0.0027287157      0.00000      0.00000       1.1480000
       1.0549635      0.99926515    0.0027223921      0.00000      0.00000       1.1490000
       1.0721177      0.99577914    0.0027436006      0.00000      0.00000       1.1500000
       1.0893100      0.98955830    0.0027005566      0.00000      0.00000       1.1510000
       1.1064706       1.0023178    0.0027840266      0.00000      0.00000       1.1520000
       1.1236278       1.0002726    0.0027321362      0.00000      0.00000       1.1520000
       1.1408128      0.98926924    0.0026774109      0.00000      0.00000       1.1530000
       1.1579989      0.99566756    0.0027401216      0.00000      0.00000       1.1540000
       1.1751856      0.98911964    0.0027034611      0.00000      0.00000       1.1550000
       1.1923734      0.99430240    0.0027427694      0.00000      0.00000       1.1560000
       1.2095557       1.0016385    0.0027548596      0.00000      0.00000       1.1580000
       1.2267322      0.99954170    0.0027376242      0.00000      0.00000       1.1590000
       1.2438903      0.99390642    0.0027329838      0.00000      0.00000       1.1600000
       1.2610724      0.99116667    0.0027362222      0.00000      0.00000       1.1610000
       1.2782571      0.99470724    0.0027435127      0.00000      0.00000       1.1619999
       1.2954189       1.0024838    0.0027033095      0.00000      0.00000       1.1630000
       1.3126110      0.99733057    0.0027171903      0.00000      0.00000       1.1650000
       1.3297718      0.99638404    0.0027169750      0.00000      0.00000       1.1660000
       1.3469247      0.99998590    0.0027199402      0.00000      0.00000       1.1670001
       1.3640834      0.99072151    0.0027014614      0.00000      0.00000       1.1680000
       1.3812403      0.99410433    0.0027012882      0.00000      0.00000       1.1700000
       1.3984073      0.99815872    0.0027465457      0.00000      0.00000       1.1710000
       1.4155817      0.99869930    0.0027178304      0.00000      0.00000       1.1730000
       1.4327269      0.99429828    0.0027324554      0.00000      0.00000       1.1740000
       1.4498929       1.0036824    0.0029010171      0.00000      0.00000       1.1750000
       1.4670406      0.99955184    0.0028112285      0.00000      0.00000       1.1770000
       1.4842200      0.99820172    0.0027280747      0.00000      0.00000       1.1790000
       1.5013747      0.99635553    0.0026858480      0.00000      0.00000       1.1799999
       1.5185259      0.99487672    0.0026742545      0.00000      0.00000       1.1820000
       1.5357130      0.99770643    0.0027324421      0.00000      0.00000       1.1830000
       1.5529072      0.99615690    0.0027561323      0.00000      0.00000       1.1849999
       1.5700583       1.0048810    0.0027485654      0.00000      0.00000       1.1870000
       1.5872133      0.99737785    0.0027645585      0.00000      0.00000       1.1880000
       1.6043720       1.0088829    0.0028152677      0.00000      0.00000       1.1900001
       1.6215549      0.99566827    0.0027879062      0.00000      0.00000       1.1920000
       1.6387078      0.99876337    0.0027289390      0.00000      0.00000       1.1940000
       1.6558656      0.99758946    0.0027298943      0.00000      0.00000       1.1950001
       1.6730446      0.99148480    0.0027027125      0.00000      0.00000       1.1970000
       1.6902109      0.98892086    0.0027408529      0.00000      0.00000       1.1990000
       1.7073672       1.0020639    0.0027841228      0.00000      0.00000       1.2010000
       1.7245177       1.0026548    0.0027683716      0.00000      0.00000       1.2029999
       1.7416723       1.0010906    0.0027979080      0.00000      0.00000       1.2050000
       1.7588465      0.99247259    0.0027527114      0.00000      0.00000       1.2070000
       1.7760022      0.98673927    0.0027294006      0.00000      0.00000       1.2090000
       1.7931647      0.99076460    0.0027153697      0.00000      0.00000       1.2110000
       1.8103677      0.99096805    0.0027702045      0.00000      0.00000       1.2130001
       1.8275192      0.99907469    0.0027727759      0.00000      0.00000       1.2150000
       1.8446959      0.99571096    0.0027754834      0.00000      0.00000       1.2180001
       1.8618395      0.99593452    0.0027964639      0.00000      0.00000       1.2200000
       1.8790021      0.99548169    0.0027866140      0.00000      0.00000       1.2220000
       1.8961957      0.99867261    0.0028350485      0.00000      0.00000       1.2240000
       1.9133663      0.99436852    0.0027670244      0.00000      0.00000       1.2270000
       1.9305401       1.0059787    0.0028112118      0.00000      0.00000       1.2290000
       1.9476975      0.99990972    0.0028360679      0.00000      0.00000       1.2309999
       1.9648636       1.0062547    0.0028383494      0.00000      0.00000       1.2340000
       1.9820230      0.99234533    0.0028307531      0.00000      0.00000       1.2359999
       1.9991862       1.0049358    0.0028624980      0.00000      0.00000       1.2390000
       2.0163497       1.0048242    0.0028768589      0.00000      0.00000       1.2410001
       2.0335066       1.0081419    0.0028577265      0.00000      0.00000       1.2440000
       2.0506635      0.99697230    0.0027649910      0.00000      0.00000       1.2460001
       2.0678104      0.99669234    0.0027885636      0.00000      0.00000       1.2490000
       2.0849738      0.99816584    0.0028032304      0.00000      0.00000       1.2520000
       2.1021310       1.0022305    0.0028096966      0.00000      0.00000       1.2539999
       2.1192868       1.0004871    0.0027669396      0.00000      0.00000       1.2570000
       2.1364658      0.99349033    0.0027645421      0.00000      0.00000       1.2600000
       2.1536434       1.0011833    0.0027604082      0.00000      0.00000       1.2630000
       2.1708035       1.0000000    0.0027624481      0.00000      0.00000       1.2660000
       2.1879862      0.99912735    0.0027510047      0.00000      0.00000       1.2690001
       2.2051383      0.98769737    0.0026839485      0.00000      0.00000       1.2720000
       2.2222890      0.99738055    0.0027427406      0.00000      0.00000       1.2750000
       2.2394492       1.0039491    0.0027625393      0.00000      0.00000       1.2780000
