#JD -  2457388 (hr) Flux  Fl_err  Model_fl   Residual for 0.96um (%)
      -2.4139274      0.99025746    0.0036168011      0.00000      0.00000
      -2.3796119      0.99973908    0.0034458673      0.00000      0.00000
      -2.3624283      0.99696801    0.0034893226      0.00000      0.00000
      -2.3452542      0.98555377    0.0034013234      0.00000      0.00000
      -2.3280954      0.99216492    0.0033410310      0.00000      0.00000
      -2.3108841      0.99653179    0.0033940270      0.00000      0.00000
      -2.2937279      0.98167070    0.0034069136      0.00000      0.00000
      -2.2765756      0.98284442    0.0033575692      0.00000      0.00000
      -2.2594209       1.0037904    0.0035446788      0.00000      0.00000
      -2.2422617       1.0011936    0.0033123695      0.00000      0.00000
      -2.2251076      0.98522706    0.0032260540      0.00000      0.00000
      -2.2079540      0.99580098    0.0032620563      0.00000      0.00000
      -2.1907916      0.99941374    0.0031919769      0.00000      0.00000
      -2.1736349      0.99289206    0.0032205059      0.00000      0.00000
      -2.1564684       1.0082092    0.0032403541      0.00000      0.00000
      -2.1393057      0.98824536    0.0032269910      0.00000      0.00000
      -2.1221514      0.99891657    0.0031922081      0.00000      0.00000
      -2.1049994      0.98549894    0.0031277569      0.00000      0.00000
      -2.0878427      0.97724978    0.0031556516      0.00000      0.00000
      -2.0706809      0.99472871    0.0032211762      0.00000      0.00000
      -2.0535003      0.98657774    0.0031802441      0.00000      0.00000
      -2.0363209      0.98986084    0.0031439695      0.00000      0.00000
      -2.0191896      0.99865413    0.0031999028      0.00000      0.00000
      -2.0020402      0.98374542    0.0033064526      0.00000      0.00000
      -1.9848875      0.99247814    0.0032200301      0.00000      0.00000
      -1.9677348      0.99447764    0.0032344638      0.00000      0.00000
      -1.9505772      0.99339583    0.0032166892      0.00000      0.00000
      -1.9334253       1.0116555    0.0032551563      0.00000      0.00000
      -1.9162731       1.0008656    0.0033307689      0.00000      0.00000
      -1.8991183      0.99725962    0.0033057532      0.00000      0.00000
      -1.8819675      0.99692258    0.0033045335      0.00000      0.00000
      -1.8648166       1.0012018    0.0033412102      0.00000      0.00000
      -1.8476630       1.0001874    0.0033567055      0.00000      0.00000
      -1.8305127       1.0032238    0.0033477108      0.00000      0.00000
      -1.8133558       1.0003284    0.0037527069      0.00000      0.00000
      -1.7961718      0.99555219    0.0033035087      0.00000      0.00000
      -1.7789818      0.99608786    0.0032623665      0.00000      0.00000
      -1.7618224       1.0039223    0.0033376717      0.00000      0.00000
      -1.7446703       1.0041834    0.0032576554      0.00000      0.00000
      -1.7275163       1.0009008    0.0032580669      0.00000      0.00000
      -1.7103350       1.0066568    0.0032142122      0.00000      0.00000
      -1.6931812       1.0052856    0.0032855836      0.00000      0.00000
      -1.6760198      0.99431485    0.0032505226      0.00000      0.00000
      -1.6588624       1.0011237    0.0033126628      0.00000      0.00000
      -1.6417030       1.0096919    0.0033954273      0.00000      0.00000
      -1.6245494       1.0081830    0.0032177702      0.00000      0.00000
      -1.6073352       1.0057409    0.0032245639      0.00000      0.00000
      -1.5901794       1.0088266    0.0031755963      0.00000      0.00000
      -1.5730222      0.97297597    0.0031171676      0.00000      0.00000
      -1.5558700       1.0003067    0.0032115125      0.00000      0.00000
      -1.5387079      0.99749267    0.0031519226      0.00000      0.00000
      -1.5215525       1.0044344    0.0031749731      0.00000      0.00000
      -1.5043944       1.0068808    0.0032315479      0.00000      0.00000
      -1.4872407      0.98652328    0.0031524394      0.00000      0.00000
      -1.4700676      0.99968700    0.0032532483      0.00000      0.00000
      -1.4528847      0.97966381    0.0031015607      0.00000      0.00000
      -1.4357223      0.98575637    0.0031779642      0.00000      0.00000
      -1.4185246      0.99756825    0.0031870063      0.00000      0.00000
      -1.4013444       1.0045051    0.0031548777      0.00000      0.00000
      -1.3841855       1.0025492    0.0031794684      0.00000      0.00000
      -1.3669997       1.0003886    0.0031099345      0.00000      0.00000
      -1.3498463      0.98466645    0.0030444482      0.00000      0.00000
      -1.3326628       1.0069007    0.0032684583      0.00000      0.00000
      -1.3154663       1.0019892    0.0031066946      0.00000      0.00000
      -1.2982878       1.0039088    0.0031190817      0.00000      0.00000
      -1.2811327      0.98969686    0.0031060016      0.00000      0.00000
      -1.2639686      0.99595055    0.0030323251      0.00000      0.00000
      -1.2468145       1.0010820    0.0030653407      0.00000      0.00000
      -1.2296646       1.0016113    0.0031492395      0.00000      0.00000
      -1.2125125      0.99919283    0.0030356354      0.00000      0.00000
      -1.1953755       1.0079577    0.0030900978      0.00000      0.00000
      -1.1782241       1.0088053    0.0030988639      0.00000      0.00000
      -1.1610706      0.99992206    0.0030973904      0.00000      0.00000
      -1.1439169      0.98945263    0.0031130507      0.00000      0.00000
      -1.1267321      0.99417200    0.0030574262      0.00000      0.00000
      -1.1095584       1.0010119    0.0031532980      0.00000      0.00000
      -1.0924102      0.99016184    0.0030980642      0.00000      0.00000
      -1.0752579      0.99546558    0.0030854382      0.00000      0.00000
      -1.0580962      0.99436573    0.0031091114      0.00000      0.00000
      -1.0409426      0.99274395    0.0030144937      0.00000      0.00000
      -1.0237881       1.0041923    0.0031207302      0.00000      0.00000
      -1.0066325       1.0012485    0.0030657599      0.00000      0.00000
     -0.98947485      0.99988757    0.0031586448      0.00000      0.00000
     -0.97231195       1.0016994    0.0031228168      0.00000      0.00000
     -0.95515907       1.0002464    0.0031715151      0.00000      0.00000
     -0.93798331      0.98880309    0.0030989655      0.00000      0.00000
     -0.92082277      0.99493270    0.0030768643      0.00000      0.00000
     -0.90363025       1.0172810    0.0031566081      0.00000      0.00000
     -0.88647098       1.0146025    0.0032337228      0.00000      0.00000
     -0.86930338       1.0002432    0.0032124506      0.00000      0.00000
     -0.85214707       1.0225086    0.0032845949      0.00000      0.00000
     -0.83499177       1.0170792    0.0032290171      0.00000      0.00000
     -0.81781283       1.0018453    0.0031736734      0.00000      0.00000
     -0.80065585       1.0020420    0.0031342061      0.00000      0.00000
     -0.78350712       1.0075707    0.0032760437      0.00000      0.00000
     -0.76631989       1.0133696    0.0033298770      0.00000      0.00000
     -0.74916646      0.99753222    0.0030950038      0.00000      0.00000
     -0.71485827      0.99377304    0.0030948030      0.00000      0.00000
     -0.69768679      0.98874228    0.0031326037      0.00000      0.00000
     -0.68053768       1.0081367    0.0031911665      0.00000      0.00000
     -0.66338503       1.0100643    0.0031682392      0.00000      0.00000
     -0.64623282       1.0056112    0.0032265193      0.00000      0.00000
     -0.62907667       1.0070513    0.0032945338      0.00000      0.00000
     -0.61190716       1.0176393    0.0033219076      0.00000      0.00000
     -0.59474967       1.0008285    0.0031484776      0.00000      0.00000
     -0.57759460       1.0010601    0.0031265740      0.00000      0.00000
     -0.56041372       1.0066591    0.0031685008      0.00000      0.00000
     -0.54326313       1.0101774    0.0031659699      0.00000      0.00000
     -0.52607189       1.0044034    0.0031219166      0.00000      0.00000
     -0.50891352      0.99514955    0.0030488180      0.00000      0.00000
     -0.49168405       1.0036080    0.0030894368      0.00000      0.00000
     -0.47451943       1.0065807    0.0032174036      0.00000      0.00000
     -0.45732503       1.0028606    0.0031965650      0.00000      0.00000
     -0.44017357       1.0112683    0.0031280359      0.00000      0.00000
     -0.42301279       1.0103782    0.0031466561      0.00000      0.00000
     -0.40583064      0.99973182    0.0031327133      0.00000      0.00000
     -0.38865100      0.99834014    0.0030769243      0.00000      0.00000
     -0.37149500       1.0061314    0.0031503645      0.00000      0.00000
     -0.35434107       1.0131172    0.0031395955      0.00000      0.00000
     -0.33717167       1.0005835    0.0030703075      0.00000      0.00000
     -0.32001138       1.0065382    0.0030765430      0.00000      0.00000
     -0.30285690      0.99823429    0.0031431573      0.00000      0.00000
     -0.28569942       1.0254155    0.0032389557      0.00000      0.00000
     -0.26853983       1.0087681    0.0031706119      0.00000      0.00000
     -0.25137686       1.0062762    0.0031511429      0.00000      0.00000
     -0.23421697      0.99994340    0.0030904357      0.00000      0.00000
     -0.21703383       1.0097361    0.0030707237      0.00000      0.00000
     -0.19983917      0.99637815    0.0031292857      0.00000      0.00000
     -0.18265923      0.99410667    0.0031133326      0.00000      0.00000
     -0.16550921       1.0004446    0.0030767537      0.00000      0.00000
     -0.14835759       1.0102292    0.0031365191      0.00000      0.00000
     -0.13120325      0.99380703    0.0030349755      0.00000      0.00000
     -0.11404668       1.0110827    0.0030808138      0.00000      0.00000
    -0.096892018       1.0025495    0.0030880059      0.00000      0.00000
    -0.079706144       1.0243087    0.0031958157      0.00000      0.00000
    -0.062549081       1.0167955    0.0031404072      0.00000      0.00000
    -0.045385737       1.0017791    0.0031169645      0.00000      0.00000
    -0.028229568       1.0122127    0.0032374968      0.00000      0.00000
    -0.011077188      0.99681680    0.0031728268      0.00000      0.00000
    0.0060829930       1.0038111    0.0032018776      0.00000      0.00000
     0.023241006       1.0059383    0.0031529716      0.00000      0.00000
     0.057586715       1.0191856    0.0031967722      0.00000      0.00000
     0.074738078       1.0169493    0.0031929760      0.00000      0.00000
     0.091926958       1.0127604    0.0031624764      0.00000      0.00000
      0.10908441       1.0059633    0.0031212483      0.00000      0.00000
      0.12624985      0.99930748    0.0031001356      0.00000      0.00000
      0.14343952       1.0020426    0.0030635962      0.00000      0.00000
      0.16059910       1.0086946    0.0030799029      0.00000      0.00000
      0.17781410      0.99923234    0.0029993360      0.00000      0.00000
      0.19497075      0.99379528    0.0030321377      0.00000      0.00000
      0.21213238       1.0004387    0.0030511907      0.00000      0.00000
      0.22931802      0.99769184    0.0030670540      0.00000      0.00000
      0.24653504       1.0007965    0.0030567345      0.00000      0.00000
      0.26378680      0.99914919    0.0031631756      0.00000      0.00000
      0.28097971       1.0048868    0.0030901263      0.00000      0.00000
      0.29821431      0.99827673    0.0031029606      0.00000      0.00000
      0.31541125       1.0053265    0.0030929708      0.00000      0.00000
      0.33270907       1.0112242    0.0030754958      0.00000      0.00000
      0.35002717      0.99358828    0.0030569335      0.00000      0.00000
      0.36729911      0.99114308    0.0030582644      0.00000      0.00000
      0.38443540      0.99549268    0.0030894776      0.00000      0.00000
      0.40167135       1.0024249    0.0031262580      0.00000      0.00000
      0.41898493       1.0211374    0.0031704244      0.00000      0.00000
      0.43629516       1.0103793    0.0031631097      0.00000      0.00000
      0.45350696      0.99475112    0.0030486398      0.00000      0.00000
      0.47090033       1.0017523    0.0030657732      0.00000      0.00000
      0.48835700       1.0070176    0.0031080610      0.00000      0.00000
      0.50571612       1.0048631    0.0031077271      0.00000      0.00000
      0.52294159       1.0021338    0.0031150048      0.00000      0.00000
      0.54011025       1.0054452    0.0030897666      0.00000      0.00000
      0.55726436       1.0092498    0.0031388238      0.00000      0.00000
      0.57441739       1.0052661    0.0031011745      0.00000      0.00000
      0.59157442       1.0036493    0.0031505712      0.00000      0.00000
      0.60873171       1.0131448    0.0031836720      0.00000      0.00000
      0.62589252       1.0031477    0.0030932980      0.00000      0.00000
      0.64305001      0.99546025    0.0031307723      0.00000      0.00000
      0.66020143       1.0066998    0.0031035790      0.00000      0.00000
      0.67735273       1.0054082    0.0031217107      0.00000      0.00000
      0.69450846       1.0058603    0.0031198457      0.00000      0.00000
      0.71166889      0.98966660    0.0030518574      0.00000      0.00000
      0.72882775      0.99356276    0.0031595677      0.00000      0.00000
      0.74599063      0.99290758    0.0030248067      0.00000      0.00000
      0.76317700       1.0025589    0.0030670598      0.00000      0.00000
      0.78036917      0.99886297    0.0031456124      0.00000      0.00000
      0.79755127       1.0002718    0.0030953472      0.00000      0.00000
      0.81470158      0.99936580    0.0030753886      0.00000      0.00000
      0.83185868      0.99399230    0.0030912546      0.00000      0.00000
      0.84901674       1.0038612    0.0031138262      0.00000      0.00000
      0.86617046       1.0111569    0.0031423520      0.00000      0.00000
      0.88332214       1.0020000    0.0031069165      0.00000      0.00000
      0.90048270       1.0016112    0.0030724189      0.00000      0.00000
      0.91763412       1.0175441    0.0031707519      0.00000      0.00000
      0.93478792      0.99853240    0.0030745743      0.00000      0.00000
      0.95194602       1.0091539    0.0031490123      0.00000      0.00000
      0.96910892       1.0033028    0.0031108777      0.00000      0.00000
      0.98628861       1.0008757    0.0031179263      0.00000      0.00000
       1.0035013       1.0042332    0.0031982487      0.00000      0.00000
       1.0206516       1.0035056    0.0031450233      0.00000      0.00000
       1.0378065      0.98309589    0.0031265932      0.00000      0.00000
       1.0549635      0.99264788    0.0031246501      0.00000      0.00000
       1.0721177      0.99450461    0.0031415669      0.00000      0.00000
       1.0893100      0.99094801    0.0031145669      0.00000      0.00000
       1.1064706       1.0126135    0.0032159428      0.00000      0.00000
       1.1236278       1.0024080    0.0031470123      0.00000      0.00000
       1.1408128       1.0147014    0.0031651862      0.00000      0.00000
       1.1579989       1.0045992    0.0031841198      0.00000      0.00000
       1.1751856       1.0033342    0.0031502400      0.00000      0.00000
       1.1923734       1.0000495    0.0031478414      0.00000      0.00000
       1.2095557      0.99661310    0.0031349207      0.00000      0.00000
       1.2267322      0.99652322    0.0031376641      0.00000      0.00000
       1.2438903      0.99865101    0.0031249703      0.00000      0.00000
       1.2610724       1.0009555    0.0031633452      0.00000      0.00000
       1.2782571      0.99870050    0.0031641444      0.00000      0.00000
       1.2954189      0.98900376    0.0030925695      0.00000      0.00000
       1.3126110      0.99881217    0.0031172564      0.00000      0.00000
       1.3297718       1.0095461    0.0031426770      0.00000      0.00000
       1.3469247      0.98569959    0.0030891594      0.00000      0.00000
       1.3640834      0.99219056    0.0031045499      0.00000      0.00000
       1.3812403       1.0033321    0.0031364151      0.00000      0.00000
       1.3984073      0.99463276    0.0031463974      0.00000      0.00000
       1.4155817       1.0036959    0.0031308795      0.00000      0.00000
       1.4327269      0.99978154    0.0031351180      0.00000      0.00000
       1.4498929       1.0056238    0.0032820672      0.00000      0.00000
       1.4670406      0.99826594    0.0032046143      0.00000      0.00000
       1.4842200      0.99495485    0.0031459817      0.00000      0.00000
       1.5013747       1.0034202    0.0031093111      0.00000      0.00000
       1.5185259      0.99365005    0.0031176164      0.00000      0.00000
       1.5357130      0.99228083    0.0031210035      0.00000      0.00000
       1.5529072      0.97572757    0.0031178036      0.00000      0.00000
       1.5872133      0.98594523    0.0031410117      0.00000      0.00000
       1.6043720      0.99967308    0.0031967511      0.00000      0.00000
       1.6215549      0.99589242    0.0031986073      0.00000      0.00000
       1.6387078       1.0047518    0.0031518559      0.00000      0.00000
       1.6558656       1.0126255    0.0031785357      0.00000      0.00000
       1.6730446      0.99540494    0.0031619116      0.00000      0.00000
       1.6902109       1.0041411    0.0031722535      0.00000      0.00000
       1.7073672       1.0011955    0.0031885652      0.00000      0.00000
       1.7245177      0.99253552    0.0031447820      0.00000      0.00000
       1.7416723       1.0044913    0.0032039290      0.00000      0.00000
       1.7588465      0.98411365    0.0031534519      0.00000      0.00000
       1.7760022      0.99556079    0.0031498883      0.00000      0.00000
       1.7931647      0.99843956    0.0031823209      0.00000      0.00000
       1.8103677      0.98232524    0.0031429186      0.00000      0.00000
       1.8275192      0.98862102    0.0031210382      0.00000      0.00000
       1.8446959      0.99639974    0.0031630855      0.00000      0.00000
       1.8618395       1.0021914    0.0032060146      0.00000      0.00000
       1.8790021      0.98732884    0.0031465916      0.00000      0.00000
       1.8961957      0.99712260    0.0032162687      0.00000      0.00000
       1.9133663      0.99022652    0.0031716468      0.00000      0.00000
       1.9305401       1.0025762    0.0031915721      0.00000      0.00000
       1.9476975      0.99542539    0.0032350926      0.00000      0.00000
       1.9648636      0.98779992    0.0032259860      0.00000      0.00000
       1.9820230      0.99936690    0.0032583319      0.00000      0.00000
       1.9991862      0.99605018    0.0032277590      0.00000      0.00000
       2.0163497       1.0068670    0.0033027386      0.00000      0.00000
       2.0335066      0.99157100    0.0032239943      0.00000      0.00000
       2.0506635       1.0055383    0.0032016179      0.00000      0.00000
       2.0678104      0.98934175    0.0031997502      0.00000      0.00000
       2.0849738      0.99456807    0.0031857069      0.00000      0.00000
       2.1021310      0.99920448    0.0032300994      0.00000      0.00000
       2.1192868      0.98659584    0.0031643806      0.00000      0.00000
       2.1364658      0.98851811    0.0031591832      0.00000      0.00000
       2.1536434      0.98920351    0.0031569286      0.00000      0.00000
       2.1708035      0.98723059    0.0031583608      0.00000      0.00000
       2.1879862      0.99955672    0.0031612602      0.00000      0.00000
       2.2051383      0.99629295    0.0031261490      0.00000      0.00000
       2.2222890      0.99408012    0.0031663352      0.00000      0.00000
       2.2394492       1.0013940    0.0031926347      0.00000      0.00000
