#JD -  2457388 (hr) Flux  Fl_err  Model_fl   Residual for 1.20um (%) Airmass
      -2.4139274      0.99625885    0.0021538426      0.00000      0.00000       1.5900000
      -2.3967685      0.98869986    0.0021385842      0.00000      0.00000       1.5820000
      -2.3796119      0.99594234    0.0021213610      0.00000      0.00000       1.5750000
      -2.3624283      0.99848988    0.0021533748      0.00000      0.00000       1.5680000
      -2.3452542       1.0015897    0.0021363741      0.00000      0.00000       1.5610000
      -2.3280954      0.99127254    0.0020739271      0.00000      0.00000       1.5549999
      -2.3108841      0.99216525    0.0021203377      0.00000      0.00000       1.5480000
      -2.2937279      0.99704270    0.0021398830      0.00000      0.00000       1.5410000
      -2.2765756      0.99397866    0.0021037843      0.00000      0.00000       1.5350000
      -2.2594209       1.0039591    0.0021569317      0.00000      0.00000       1.5280000
      -2.2422617      0.99875825    0.0020792792      0.00000      0.00000       1.5220000
      -2.2251076      0.99556715    0.0020409817      0.00000      0.00000       1.5160000
      -2.2079540      0.99401757    0.0020545751      0.00000      0.00000       1.5100000
      -2.1907916      0.99149609    0.0020201533      0.00000      0.00000       1.5030000
      -2.1736349      0.99098763    0.0020329786      0.00000      0.00000       1.4970000
      -2.1564684      0.99443685    0.0020348036      0.00000      0.00000       1.4920000
      -2.1393057      0.99909177    0.0020579290      0.00000      0.00000       1.4859999
      -2.1221514      0.98631367    0.0020161018      0.00000      0.00000       1.4800000
      -2.1049994       1.0019864    0.0020301442      0.00000      0.00000       1.4740000
      -2.0878427      0.99748933    0.0020448470      0.00000      0.00000       1.4690000
      -2.0706809      0.99369061    0.0020329963      0.00000      0.00000       1.4630001
      -2.0535003       1.0044188    0.0020417672      0.00000      0.00000       1.4570000
      -2.0363209      0.99126894    0.0019991260      0.00000      0.00000       1.4520000
      -2.0191896      0.98753297    0.0020168057      0.00000      0.00000       1.4470000
      -2.0020402       1.0078668    0.0020984152      0.00000      0.00000       1.4410000
      -1.9848875       1.0060516    0.0020558465      0.00000      0.00000       1.4360000
      -1.9677348       1.0004718    0.0020474596      0.00000      0.00000       1.4310000
      -1.9505772      0.99614722    0.0020373291      0.00000      0.00000       1.4260000
      -1.9334253      0.99546447    0.0020483437      0.00000      0.00000       1.4210000
      -1.9162731      0.99577175    0.0020913479      0.00000      0.00000       1.4160000
      -1.8991183       1.0005256    0.0020842441      0.00000      0.00000       1.4110000
      -1.8819675      0.99169588    0.0020593609      0.00000      0.00000       1.4060000
      -1.8648166      0.99600527    0.0020818998      0.00000      0.00000       1.4020000
      -1.8476630       1.0020219    0.0020932211      0.00000      0.00000       1.3970000
      -1.8305127      0.99321469    0.0020824297      0.00000      0.00000       1.3920000
      -1.8133558      0.99896341    0.0022567742      0.00000      0.00000       1.3880000
      -1.7961718       1.0016649    0.0020777344      0.00000      0.00000       1.3830000
      -1.7789818      0.99253407    0.0020481901      0.00000      0.00000       1.3789999
      -1.7618224      0.99594363    0.0020598834      0.00000      0.00000       1.3750000
      -1.7446703      0.99696664    0.0020483090      0.00000      0.00000       1.3700000
      -1.7275163      0.99741956    0.0020394990      0.00000      0.00000       1.3660001
      -1.7103350       1.0011495    0.0020267337      0.00000      0.00000       1.3620000
      -1.6931812      0.99674513    0.0020467283      0.00000      0.00000       1.3580000
      -1.6760198      0.99622152    0.0020336273      0.00000      0.00000       1.3530000
      -1.6588624      0.99358517    0.0020551794      0.00000      0.00000       1.3490000
      -1.6417030      0.99304696    0.0020521617      0.00000      0.00000       1.3450000
      -1.6245494      0.99632844    0.0020127218      0.00000      0.00000       1.3410000
      -1.6073352      0.99863201    0.0020269891      0.00000      0.00000       1.3380001
      -1.5901794      0.99727429    0.0020020554      0.00000      0.00000       1.3340000
      -1.5730222       1.0020461    0.0020135758      0.00000      0.00000       1.3300000
      -1.5558700      0.99646595    0.0020192559      0.00000      0.00000       1.3260000
      -1.5387079      0.99545080    0.0019892328      0.00000      0.00000       1.3220000
      -1.5215525      0.99663664    0.0019987052      0.00000      0.00000       1.3190000
      -1.5043944      0.99759025    0.0020191956      0.00000      0.00000       1.3150001
      -1.4872407       1.0017758    0.0020195398      0.00000      0.00000       1.3120000
      -1.4700676       1.0016382    0.0020378938      0.00000      0.00000       1.3080000
      -1.4528847       1.0012485    0.0019985549      0.00000      0.00000       1.3049999
      -1.4357223      0.99649682    0.0020101404      0.00000      0.00000       1.3010000
      -1.4185246       1.0014181    0.0019995310      0.00000      0.00000       1.2980000
      -1.4013444       1.0001503    0.0019982141      0.00000      0.00000       1.2950000
      -1.3841855      0.99909620    0.0020187637      0.00000      0.00000       1.2910000
      -1.3669997      0.99976222    0.0019738143      0.00000      0.00000       1.2880000
      -1.3498463      0.99663387    0.0019555514      0.00000      0.00000       1.2850000
      -1.3326628      0.99441633    0.0020244819      0.00000      0.00000       1.2819999
      -1.3154663      0.99768053    0.0019779916      0.00000      0.00000       1.2790000
      -1.2982878      0.99711441    0.0019760130      0.00000      0.00000       1.2760000
      -1.2811327      0.99863192    0.0019718913      0.00000      0.00000       1.2730000
      -1.2639686      0.99748037    0.0019502869      0.00000      0.00000       1.2700000
      -1.2468145      0.99331495    0.0019526478      0.00000      0.00000       1.2670000
      -1.2296646       1.0015695    0.0020020821      0.00000      0.00000       1.2640001
      -1.2125125       1.0018555    0.0019525864      0.00000      0.00000       1.2610000
      -1.1953755       1.0008491    0.0019742940      0.00000      0.00000       1.2580000
      -1.1782241      0.99778302    0.0019684292      0.00000      0.00000       1.2550000
      -1.1610706       1.0045203    0.0019842645      0.00000      0.00000       1.2530000
      -1.1439169      0.99684392    0.0019961007      0.00000      0.00000       1.2500000
      -1.1267321       1.0037337    0.0019763599      0.00000      0.00000       1.2470000
      -1.1095584      0.99891286    0.0020017431      0.00000      0.00000       1.2450000
      -1.0924102       1.0000095    0.0019880857      0.00000      0.00000       1.2420000
      -1.0752579       1.0044958    0.0019861443      0.00000      0.00000       1.2400000
      -1.0580962       1.0012288    0.0019894983      0.00000      0.00000       1.2370000
      -1.0409426      0.99785205    0.0019581689      0.00000      0.00000       1.2350000
      -1.0237881       1.0031252    0.0019823841      0.00000      0.00000       1.2320000
      -1.0066325      0.99508891    0.0019612543      0.00000      0.00000       1.2300000
     -0.98947485      0.99956141    0.0019881539      0.00000      0.00000       1.2270000
     -0.97231195      0.99637030    0.0019655968      0.00000      0.00000       1.2250000
     -0.95515907       1.0018562    0.0019910866      0.00000      0.00000       1.2230000
     -0.93798331       1.0004902    0.0019838376      0.00000      0.00000       1.2200000
     -0.92082277      0.99429148    0.0019683480      0.00000      0.00000       1.2180001
     -0.90363025      0.99731855    0.0019679585      0.00000      0.00000       1.2160000
     -0.88647098      0.99850911    0.0019933946      0.00000      0.00000       1.2140000
     -0.86930338       1.0128749    0.0020399506      0.00000      0.00000       1.2120000
     -0.85214707      0.99661169    0.0020068746      0.00000      0.00000       1.2100000
     -0.83499177       1.0039544    0.0020220005      0.00000      0.00000       1.2079999
     -0.81781283       1.0013122    0.0019991684      0.00000      0.00000       1.2060000
     -0.80065585       1.0057638    0.0019866701      0.00000      0.00000       1.2040000
     -0.78350712       1.0028938    0.0020446337      0.00000      0.00000       1.2020000
     -0.76631989       1.0006191    0.0020728694      0.00000      0.00000       1.2000000
     -0.73201772       1.0001233    0.0019747889      0.00000      0.00000       1.1960000
     -0.71485827       1.0067352    0.0019929401      0.00000      0.00000       1.1940000
     -0.69768679       1.0010849    0.0019868060      0.00000      0.00000       1.1920000
     -0.68053768       1.0086265    0.0020151168      0.00000      0.00000       1.1910000
     -0.66338503       1.0044975    0.0020127321      0.00000      0.00000       1.1890000
     -0.64623282       1.0073044    0.0020254490      0.00000      0.00000       1.1870000
     -0.62907667       1.0014402    0.0020431475      0.00000      0.00000       1.1849999
     -0.61190716       1.0005285    0.0020501550      0.00000      0.00000       1.1840000
     -0.59474967       1.0043257    0.0019976786      0.00000      0.00000       1.1820000
     -0.57759460       1.0102719    0.0020132519      0.00000      0.00000       1.1810000
     -0.56041372       1.0005673    0.0020121666      0.00000      0.00000       1.1790000
     -0.54326313       1.0052671    0.0019988567      0.00000      0.00000       1.1780000
     -0.52607189       1.0039710    0.0019836609      0.00000      0.00000       1.1760000
     -0.50891352       1.0023702    0.0019622009      0.00000      0.00000       1.1750000
     -0.49168405      0.99593633    0.0019629018      0.00000      0.00000       1.1730000
     -0.47451943       1.0043053    0.0020141156      0.00000      0.00000       1.1720001
     -0.45732503      0.99942048    0.0019951150      0.00000      0.00000       1.1700000
     -0.44017357       1.0047873    0.0019873545      0.00000      0.00000       1.1690000
     -0.42301279       1.0011158    0.0019794393      0.00000      0.00000       1.1680000
     -0.40583064       1.0024515    0.0019855552      0.00000      0.00000       1.1660000
     -0.38865100       1.0064088    0.0019732701      0.00000      0.00000       1.1650000
     -0.37149500       1.0058006    0.0019851590      0.00000      0.00000       1.1640000
     -0.33717167       1.0012167    0.0019809003      0.00000      0.00000       1.1610000
     -0.32001138       1.0012607    0.0019520834      0.00000      0.00000       1.1600000
     -0.30285690      0.99907754    0.0019857976      0.00000      0.00000       1.1590000
     -0.28569942       1.0036783    0.0020010585      0.00000      0.00000       1.1580000
     -0.26853983       1.0110861    0.0019959742      0.00000      0.00000       1.1569999
     -0.25137686       1.0019060    0.0019810389      0.00000      0.00000       1.1560000
     -0.23421697       1.0019950    0.0019708621      0.00000      0.00000       1.1550000
     -0.21703383       1.0029999    0.0019455614      0.00000      0.00000       1.1540000
     -0.19983917       1.0079717    0.0019964906      0.00000      0.00000       1.1530000
     -0.18265923      0.99772471    0.0019711695      0.00000      0.00000       1.1520000
     -0.16550921       1.0055406    0.0019660556      0.00000      0.00000       1.1510000
     -0.14835759       1.0049030    0.0019630911      0.00000      0.00000       1.1500000
     -0.13120325       1.0076245    0.0019630014      0.00000      0.00000       1.1490000
     -0.11404668      0.99894890    0.0019427253      0.00000      0.00000       1.1480000
    -0.096892018       1.0066087    0.0019665470      0.00000      0.00000       1.1470000
    -0.079706144      0.99976342    0.0019641340      0.00000      0.00000       1.1470000
    -0.062549081      0.99963700    0.0019567668      0.00000      0.00000       1.1460000
    -0.045385737       1.0089460    0.0020004360      0.00000      0.00000       1.1450000
    -0.028229568       1.0066947    0.0020303922      0.00000      0.00000       1.1440001
    -0.011077188       1.0057617    0.0020069930      0.00000      0.00000       1.1440001
    0.0060829930       1.0037989    0.0019982331      0.00000      0.00000       1.1430000
     0.023241006      0.99552223    0.0019819619      0.00000      0.00000       1.1420000
     0.040394884       1.0087822    0.0020181206      0.00000      0.00000       1.1420000
     0.057586715       1.0011880    0.0019942914      0.00000      0.00000       1.1410000
     0.074738078      0.99549211    0.0019818110      0.00000      0.00000       1.1410000
     0.091926958       1.0132246    0.0019998133      0.00000      0.00000       1.1400000
      0.10908441      0.99925386    0.0019643903      0.00000      0.00000       1.1400000
      0.12624985       1.0000915    0.0019683778      0.00000      0.00000       1.1390001
      0.14343952       1.0031806    0.0019577076      0.00000      0.00000       1.1390001
      0.16059910       1.0030487    0.0019608046      0.00000      0.00000       1.1380000
      0.17781410       1.0020357    0.0019359868      0.00000      0.00000       1.1380000
      0.19497075       1.0097272    0.0019557743      0.00000      0.00000       1.1370000
      0.21213238      0.99991267    0.0019539179      0.00000      0.00000       1.1370000
      0.22931802       1.0072047    0.0019756057      0.00000      0.00000       1.1370000
      0.24653504       1.0014054    0.0019530151      0.00000      0.00000       1.1360000
      0.26378680       1.0074760    0.0020030616      0.00000      0.00000       1.1360000
      0.28097971       1.0014089    0.0019542713      0.00000      0.00000       1.1360000
      0.29821431       1.0003733    0.0019623136      0.00000      0.00000       1.1360000
      0.31541125      0.99288727    0.0019442072      0.00000      0.00000       1.1350000
      0.33270907       1.0025708    0.0019627625      0.00000      0.00000       1.1350000
      0.35002717      0.99587534    0.0019510676      0.00000      0.00000       1.1350000
      0.36729911      0.99807116    0.0019473795      0.00000      0.00000       1.1350000
      0.38443540       1.0055204    0.0019798736      0.00000      0.00000       1.1350000
      0.40167135      0.99906367    0.0019822032      0.00000      0.00000       1.1350000
      0.41898493       1.0000000    0.0019875282      0.00000      0.00000       1.1339999
      0.43629516       1.0011482    0.0019809477      0.00000      0.00000       1.1339999
      0.45350696      0.99940754    0.0019547776      0.00000      0.00000       1.1339999
      0.47090033       1.0032432    0.0019556035      0.00000      0.00000       1.1339999
      0.48835700      0.99468211    0.0019737052      0.00000      0.00000       1.1339999
      0.50571612       1.0028893    0.0019775485      0.00000      0.00000       1.1339999
      0.52294159      0.99692173    0.0019616600      0.00000      0.00000       1.1339999
      0.54011025      0.99957176    0.0019887512      0.00000      0.00000       1.1350000
      0.55726436       1.0032097    0.0019916958      0.00000      0.00000       1.1350000
      0.57441739       1.0003762    0.0019589336      0.00000      0.00000       1.1350000
      0.59157442       1.0092505    0.0020071570      0.00000      0.00000       1.1350000
      0.60873171       1.0022766    0.0019948932      0.00000      0.00000       1.1350000
      0.62589252      0.99579966    0.0019665099      0.00000      0.00000       1.1350000
      0.64305001       1.0019866    0.0020046935      0.00000      0.00000       1.1360000
      0.66020143       1.0021588    0.0019637342      0.00000      0.00000       1.1360000
      0.67735273       1.0029117    0.0019687893      0.00000      0.00000       1.1360000
      0.69450846       1.0054229    0.0019793298      0.00000      0.00000       1.1370000
      0.71166889      0.99910812    0.0019607079      0.00000      0.00000       1.1370000
      0.72882775       1.0012265    0.0020053846      0.00000      0.00000       1.1370000
      0.74599063       1.0001188    0.0019510863      0.00000      0.00000       1.1380000
      0.76317700      0.99962305    0.0019389788      0.00000      0.00000       1.1380000
      0.78036917       1.0064618    0.0019861126      0.00000      0.00000       1.1380000
      0.79755127       1.0023560    0.0019675842      0.00000      0.00000       1.1390001
      0.81470158       1.0063170    0.0019662426      0.00000      0.00000       1.1390001
      0.83185868       1.0065242    0.0019763544      0.00000      0.00000       1.1400000
      0.84901674       1.0046258    0.0019753041      0.00000      0.00000       1.1400000
      0.86617046      0.99940117    0.0019726313      0.00000      0.00000       1.1410000
      0.88332214       1.0022181    0.0019692001      0.00000      0.00000       1.1420000
      0.90048270       1.0022849    0.0019538966      0.00000      0.00000       1.1420000
      0.91763412       1.0035925    0.0019849895      0.00000      0.00000       1.1430000
      0.93478792       1.0001653    0.0019611875      0.00000      0.00000       1.1440001
      0.95194602      0.99929905    0.0019706453      0.00000      0.00000       1.1440001
      0.96910892       1.0027346    0.0019748857      0.00000      0.00000       1.1450000
      0.98628861       1.0085985    0.0019806015      0.00000      0.00000       1.1460000
       1.0035013      0.99890999    0.0020040148      0.00000      0.00000       1.1460000
       1.0206516       1.0003055    0.0019814789      0.00000      0.00000       1.1470000
       1.0378065      0.99785279    0.0019870185      0.00000      0.00000       1.1480000
       1.0549635      0.99444766    0.0019754360      0.00000      0.00000       1.1490000
       1.0721177       1.0030265    0.0019975391      0.00000      0.00000       1.1500000
       1.0893100      0.99518650    0.0019705138      0.00000      0.00000       1.1510000
       1.1064706       1.0013929    0.0020038432      0.00000      0.00000       1.1520000
       1.1236278      0.99710730    0.0019800889      0.00000      0.00000       1.1520000
       1.1408128      0.99713252    0.0019764852      0.00000      0.00000       1.1530000
       1.1579989      0.99841253    0.0019918687      0.00000      0.00000       1.1540000
       1.1751856      0.99788929    0.0019951793      0.00000      0.00000       1.1550000
       1.1923734       1.0014462    0.0019939185      0.00000      0.00000       1.1560000
       1.2095557       1.0069517    0.0020054936      0.00000      0.00000       1.1580000
       1.2267322      0.99298587    0.0019770085      0.00000      0.00000       1.1590000
       1.2438903      0.99393227    0.0019844022      0.00000      0.00000       1.1600000
       1.2610724      0.99967461    0.0020000765      0.00000      0.00000       1.1610000
       1.2782571      0.99885454    0.0019958406      0.00000      0.00000       1.1619999
       1.2954189      0.99869310    0.0019740711      0.00000      0.00000       1.1630000
       1.3126110       1.0021330    0.0019815638      0.00000      0.00000       1.1650000
       1.3297718      0.99907596    0.0019714292      0.00000      0.00000       1.1660000
       1.3469247       1.0004489    0.0019829344      0.00000      0.00000       1.1670001
       1.3640834       1.0061532    0.0019967815      0.00000      0.00000       1.1680000
       1.3812403       1.0014294    0.0019865847      0.00000      0.00000       1.1700000
       1.3984073      0.99671177    0.0019917712      0.00000      0.00000       1.1710000
       1.4155817      0.99363553    0.0019746480      0.00000      0.00000       1.1730000
       1.4327269      0.99280299    0.0019746472      0.00000      0.00000       1.1740000
       1.4498929       1.0023858    0.0020795998      0.00000      0.00000       1.1750000
       1.4670406       1.0001344    0.0020142645      0.00000      0.00000       1.1770000
       1.4842200      0.99884466    0.0019914281      0.00000      0.00000       1.1790000
       1.5013747      0.99811118    0.0019769680      0.00000      0.00000       1.1799999
       1.5185259      0.99545597    0.0019618140      0.00000      0.00000       1.1820000
       1.5357130      0.99958599    0.0019842241      0.00000      0.00000       1.1830000
       1.5529072      0.99579032    0.0019974550      0.00000      0.00000       1.1849999
       1.5700583       1.0008015    0.0019904939      0.00000      0.00000       1.1870000
       1.5872133       1.0026636    0.0020036751      0.00000      0.00000       1.1880000
       1.6043720      0.99158203    0.0020015087      0.00000      0.00000       1.1900001
       1.6215549      0.99861714    0.0020196367      0.00000      0.00000       1.1920000
       1.6387078      0.99475151    0.0019802368      0.00000      0.00000       1.1940000
       1.6558656      0.99828463    0.0019791007      0.00000      0.00000       1.1950001
       1.6730446      0.99493846    0.0019788522      0.00000      0.00000       1.1970000
       1.6902109       1.0005688    0.0020007340      0.00000      0.00000       1.1990000
       1.7073672      0.98758952    0.0019870490      0.00000      0.00000       1.2010000
       1.7245177       1.0035731    0.0020095024      0.00000      0.00000       1.2029999
       1.7416723      0.99688541    0.0020117696      0.00000      0.00000       1.2050000
       1.7588465      0.99350181    0.0019755151      0.00000      0.00000       1.2070000
       1.7760022      0.99551271    0.0019913200      0.00000      0.00000       1.2090000
       1.7931647       1.0036545    0.0020132637      0.00000      0.00000       1.2110000
       1.8103677      0.99158573    0.0020115557      0.00000      0.00000       1.2130001
       1.8275192      0.99447372    0.0019960117      0.00000      0.00000       1.2150000
       1.8446959      0.98993699    0.0019800982      0.00000      0.00000       1.2180001
       1.8618395      0.99137336    0.0020052895      0.00000      0.00000       1.2200000
       1.8790021      0.99342289    0.0020024268      0.00000      0.00000       1.2220000
       1.8961957       1.0004290    0.0020296137      0.00000      0.00000       1.2240000
       1.9133663       1.0025991    0.0020190711      0.00000      0.00000       1.2270000
       1.9305401       1.0015544    0.0020182695      0.00000      0.00000       1.2290000
       1.9476975       1.0011478    0.0020363761      0.00000      0.00000       1.2309999
       1.9648636      0.99785695    0.0020184926      0.00000      0.00000       1.2340000
       1.9820230      0.99571898    0.0020270743      0.00000      0.00000       1.2359999
       1.9991862      0.99119769    0.0020122531      0.00000      0.00000       1.2390000
       2.0163497       1.0015842    0.0020552602      0.00000      0.00000       1.2410001
       2.0335066       1.0094460    0.0020498555      0.00000      0.00000       1.2440000
       2.0506635      0.99468969    0.0019999503      0.00000      0.00000       1.2460001
       2.0678104      0.98765024    0.0020008751      0.00000      0.00000       1.2490000
       2.0849738       1.0044732    0.0020183087      0.00000      0.00000       1.2520000
       2.1021310      0.99791813    0.0020191198      0.00000      0.00000       1.2539999
       2.1192868      0.99137207    0.0019835644      0.00000      0.00000       1.2570000
       2.1364658       1.0009503    0.0020075734      0.00000      0.00000       1.2600000
       2.1536434       1.0036336    0.0020048294      0.00000      0.00000       1.2630000
       2.1708035      0.99845671    0.0019957832      0.00000      0.00000       1.2660000
       2.1879862      0.99309353    0.0019830249      0.00000      0.00000       1.2690001
       2.2051383      0.98739860    0.0019633610      0.00000      0.00000       1.2720000
       2.2222890      0.99129222    0.0019856909      0.00000      0.00000       1.2750000
       2.2394492      0.99584235    0.0020022945      0.00000      0.00000       1.2780000
