#JD -  2457388 (hr) Flux  Fl_err  Model_fl   Residual for 1.44um (%)
      -2.4139274       1.0088494    0.0030563659      0.00000      0.00000
      -2.3967685       1.0123742    0.0030723459      0.00000      0.00000
      -2.3796119       1.0025190    0.0030260381      0.00000      0.00000
      -2.3624283       1.0141630    0.0030829222      0.00000      0.00000
      -2.3452542      0.99579683    0.0029650980      0.00000      0.00000
      -2.3280954       1.0039679    0.0028913022      0.00000      0.00000
      -2.3108841       1.0063850    0.0029776076      0.00000      0.00000
      -2.2937279       1.0014084    0.0029985517      0.00000      0.00000
      -2.2765756      0.99698781    0.0029254822      0.00000      0.00000
      -2.2594209       1.0103211    0.0031025089      0.00000      0.00000
      -2.2422617       1.0054011    0.0028504105      0.00000      0.00000
      -2.2251076      0.99836523    0.0027695881      0.00000      0.00000
      -2.2079540      0.99770884    0.0027709924      0.00000      0.00000
      -2.1907916      0.99506506    0.0027168852      0.00000      0.00000
      -2.1736349      0.99137446    0.0027290383      0.00000      0.00000
      -2.1564684      0.99263093    0.0027064981      0.00000      0.00000
      -2.1393057      0.99163471    0.0027286986      0.00000      0.00000
      -2.1221514      0.99158698    0.0026964574      0.00000      0.00000
      -2.1049994      0.99110743    0.0026983546      0.00000      0.00000
      -2.0878427       1.0046802    0.0027604974      0.00000      0.00000
      -2.0706809      0.98981959    0.0027108229      0.00000      0.00000
      -2.0535003      0.99176845    0.0026815129      0.00000      0.00000
      -2.0363209       1.0003238    0.0026564165      0.00000      0.00000
      -2.0191896      0.99052338    0.0026852898      0.00000      0.00000
      -2.0020402      0.99618443    0.0028145694      0.00000      0.00000
      -1.9848875       1.0008130    0.0027164687      0.00000      0.00000
      -1.9677348      0.99779137    0.0026983732      0.00000      0.00000
      -1.9505772      0.98973255    0.0026686326      0.00000      0.00000
      -1.9334253      0.99571517    0.0027161921      0.00000      0.00000
      -1.9162731      0.99565798    0.0027861785      0.00000      0.00000
      -1.8991183       1.0048178    0.0027729808      0.00000      0.00000
      -1.8819675      0.99931424    0.0027344575      0.00000      0.00000
      -1.8648166      0.99167574    0.0027720974      0.00000      0.00000
      -1.8476630       1.0066030    0.0027556484      0.00000      0.00000
      -1.8305127       1.0022155    0.0027579071      0.00000      0.00000
      -1.8133558       1.0078988    0.0031236623      0.00000      0.00000
      -1.7961718       1.0005776    0.0027361460      0.00000      0.00000
      -1.7789818      0.99339568    0.0026581035      0.00000      0.00000
      -1.7618224       1.0173546    0.0027538203      0.00000      0.00000
      -1.7446703      0.99847029    0.0026579694      0.00000      0.00000
      -1.7275163      0.99768424    0.0026485196      0.00000      0.00000
      -1.7103350      0.99396705    0.0026066839      0.00000      0.00000
      -1.6931812       1.0023324    0.0026950792      0.00000      0.00000
      -1.6760198       1.0010193    0.0026300366      0.00000      0.00000
      -1.6588624      0.99924749    0.0026733885      0.00000      0.00000
      -1.6417030       1.0065541    0.0027019808      0.00000      0.00000
      -1.6245494      0.99675828    0.0025715109      0.00000      0.00000
      -1.6073352      0.99390498    0.0025951746      0.00000      0.00000
      -1.5901794      0.99377015    0.0025144675      0.00000      0.00000
      -1.5730222      0.99491644    0.0025199843      0.00000      0.00000
      -1.5558700      0.99808514    0.0025732131      0.00000      0.00000
      -1.5387079      0.99706112    0.0025248126      0.00000      0.00000
      -1.5215525      0.98981242    0.0025225718      0.00000      0.00000
      -1.5043944       1.0043965    0.0025601124      0.00000      0.00000
      -1.4872407      0.98573098    0.0025017387      0.00000      0.00000
      -1.4700676       1.0000887    0.0025810784      0.00000      0.00000
      -1.4528847       1.0053404    0.0025044561      0.00000      0.00000
      -1.4357223       1.0027265    0.0025520471      0.00000      0.00000
      -1.4185246       1.0054102    0.0025163425      0.00000      0.00000
      -1.4013444      0.99704508    0.0025099549      0.00000      0.00000
      -1.3841855      0.99738145    0.0025143857      0.00000      0.00000
      -1.3669997      0.99327930    0.0024577213      0.00000      0.00000
      -1.3498463      0.99665599    0.0024228893      0.00000      0.00000
      -1.3326628       1.0030176    0.0025788031      0.00000      0.00000
      -1.3154663      0.99844760    0.0024414497      0.00000      0.00000
      -1.2982878       1.0014433    0.0024615511      0.00000      0.00000
      -1.2811327      0.99618329    0.0024524763      0.00000      0.00000
      -1.2639686      0.98943208    0.0023883717      0.00000      0.00000
      -1.2468145       1.0022778    0.0024148115      0.00000      0.00000
      -1.2296646      0.99630994    0.0024713337      0.00000      0.00000
      -1.2125125      0.99464665    0.0023786410      0.00000      0.00000
      -1.1953755       1.0018476    0.0024154531      0.00000      0.00000
      -1.1782241      0.99185813    0.0023888937      0.00000      0.00000
      -1.1610706      0.99340837    0.0023984440      0.00000      0.00000
      -1.1439169       1.0000137    0.0024369110      0.00000      0.00000
      -1.1267321      0.99734397    0.0024104256      0.00000      0.00000
      -1.1095584       1.0006961    0.0024854241      0.00000      0.00000
      -1.0924102      0.99442292    0.0024518172      0.00000      0.00000
      -1.0752579      0.99378632    0.0024380228      0.00000      0.00000
      -1.0580962       1.0013758    0.0024709751      0.00000      0.00000
      -1.0409426      0.99624777    0.0023911322      0.00000      0.00000
      -1.0237881      0.99600591    0.0024301565      0.00000      0.00000
      -1.0066325      0.99811765    0.0024057735      0.00000      0.00000
     -0.98947485      0.99945362    0.0024600103      0.00000      0.00000
     -0.97231195       1.0000045    0.0024276918      0.00000      0.00000
     -0.95515907      0.99920775    0.0024538068      0.00000      0.00000
     -0.93798331      0.99678262    0.0024108496      0.00000      0.00000
     -0.92082277       1.0003506    0.0024072459      0.00000      0.00000
     -0.90363025      0.99464575    0.0024206405      0.00000      0.00000
     -0.88647098       1.0056660    0.0024870341      0.00000      0.00000
     -0.86930338       1.0006002    0.0024928539      0.00000      0.00000
     -0.85214707       1.0089136    0.0025143047      0.00000      0.00000
     -0.83499177       1.0063932    0.0025118763      0.00000      0.00000
     -0.81781283       1.0045363    0.0024824723      0.00000      0.00000
     -0.80065585      0.99677570    0.0024271813      0.00000      0.00000
     -0.78350712       1.0071355    0.0025368184      0.00000      0.00000
     -0.76631989       1.0131380    0.0025920901      0.00000      0.00000
     -0.74916646       1.0052329    0.0024207753      0.00000      0.00000
     -0.73201772      0.99332886    0.0024164471      0.00000      0.00000
     -0.71485827       1.0000222    0.0024267886      0.00000      0.00000
     -0.69768679       1.0005513    0.0024602956      0.00000      0.00000
     -0.68053768      0.99794319    0.0024697669      0.00000      0.00000
     -0.66338503       1.0059316    0.0024824747      0.00000      0.00000
     -0.64623282       1.0074123    0.0025168747      0.00000      0.00000
     -0.62907667       1.0087159    0.0025773652      0.00000      0.00000
     -0.61190716       1.0123062    0.0025982190      0.00000      0.00000
     -0.59474967      0.99672775    0.0024694280      0.00000      0.00000
     -0.57759460      0.99884761    0.0024386056      0.00000      0.00000
     -0.56041372       1.0108554    0.0025157665      0.00000      0.00000
     -0.52607189       1.0070661    0.0024450075      0.00000      0.00000
     -0.50891352       1.0024816    0.0024070336      0.00000      0.00000
     -0.49168405      0.99901504    0.0024332153      0.00000      0.00000
     -0.47451943       1.0122039    0.0025424770      0.00000      0.00000
     -0.45732503       1.0077213    0.0025190326      0.00000      0.00000
     -0.44017357       1.0103785    0.0024660004      0.00000      0.00000
     -0.42301279      0.99698522    0.0024521988      0.00000      0.00000
     -0.40583064      0.99800319    0.0024609247      0.00000      0.00000
     -0.38865100       1.0017190    0.0024190833      0.00000      0.00000
     -0.37149500       1.0061213    0.0024649585      0.00000      0.00000
     -0.35434107       1.0016734    0.0024399603      0.00000      0.00000
     -0.33717167       1.0073256    0.0024481105      0.00000      0.00000
     -0.32001138      0.99528680    0.0023906970      0.00000      0.00000
     -0.30285690       1.0096623    0.0024712377      0.00000      0.00000
     -0.28569942       1.0077465    0.0025036119      0.00000      0.00000
     -0.26853983       1.0065981    0.0024631537      0.00000      0.00000
     -0.25137686      0.99523334    0.0024315658      0.00000      0.00000
     -0.23421697       1.0022955    0.0024196241      0.00000      0.00000
     -0.21703383      0.99449803    0.0023741575      0.00000      0.00000
     -0.19983917       1.0059438    0.0024417218      0.00000      0.00000
     -0.18265923       1.0082458    0.0024497176      0.00000      0.00000
     -0.16550921       1.0000802    0.0023969152      0.00000      0.00000
     -0.14835759      0.99874667    0.0023968436      0.00000      0.00000
     -0.13120325       1.0005446    0.0023674699      0.00000      0.00000
     -0.11404668       1.0022804    0.0023804588      0.00000      0.00000
    -0.096892018       1.0009672    0.0023947362      0.00000      0.00000
    -0.079706144       1.0098320    0.0024397096      0.00000      0.00000
    -0.062549081       1.0033546    0.0024089197      0.00000      0.00000
    -0.045385737       1.0005714    0.0024032392      0.00000      0.00000
    -0.028229568       1.0137794    0.0025178755      0.00000      0.00000
    -0.011077188      0.99900096    0.0024644517      0.00000      0.00000
    0.0060829930       1.0085242    0.0024784517      0.00000      0.00000
     0.023241006       1.0039833    0.0024387449      0.00000      0.00000
     0.040394884       1.0026289    0.0024686568      0.00000      0.00000
     0.057586715       1.0053713    0.0024504611      0.00000      0.00000
     0.074738078       1.0061149    0.0024639948      0.00000      0.00000
     0.091926958       1.0052033    0.0024329307      0.00000      0.00000
      0.10908441       1.0010106    0.0024030556      0.00000      0.00000
      0.12624985       1.0029082    0.0024200020      0.00000      0.00000
      0.14343952      0.99626269    0.0023782459      0.00000      0.00000
      0.16059910       1.0004332    0.0023766935      0.00000      0.00000
      0.17781410      0.99577896    0.0023096203      0.00000      0.00000
      0.19497075      0.99690292    0.0023349833      0.00000      0.00000
      0.21213238      0.99930724    0.0023474492      0.00000      0.00000
      0.22931802       1.0042827    0.0023768246      0.00000      0.00000
      0.24653504      0.98648715    0.0023618425      0.00000      0.00000
      0.26378680       1.0220665    0.0025190504      0.00000      0.00000
      0.28097971      0.99252992    0.0023533184      0.00000      0.00000
      0.29821431       1.0014234    0.0023742498      0.00000      0.00000
      0.31541125       1.0072669    0.0023872740      0.00000      0.00000
      0.33270907      0.99979585    0.0023595679      0.00000      0.00000
      0.35002717      0.99715037    0.0023586069      0.00000      0.00000
      0.36729911      0.99995183    0.0023642737      0.00000      0.00000
      0.38443540       1.0018789    0.0023983341      0.00000      0.00000
      0.40167135       1.0049986    0.0024084141      0.00000      0.00000
      0.41898493      0.99385634    0.0023825787      0.00000      0.00000
      0.43629516       1.0019541    0.0024090245      0.00000      0.00000
      0.45350696      0.99589828    0.0023667303      0.00000      0.00000
      0.47090033      0.98965321    0.0023474898      0.00000      0.00000
      0.48835700      0.99708411    0.0023803925      0.00000      0.00000
      0.50571612       1.0021971    0.0024141214      0.00000      0.00000
      0.52294159      0.99914201    0.0024006840      0.00000      0.00000
      0.54011025      0.99979619    0.0024067972      0.00000      0.00000
      0.55726436       1.0026372    0.0024278659      0.00000      0.00000
      0.57441739      0.99805338    0.0023977422      0.00000      0.00000
      0.59157442       1.0070900    0.0024508361      0.00000      0.00000
      0.60873171       1.0067244    0.0024495800      0.00000      0.00000
      0.62589252      0.99777437    0.0024158527      0.00000      0.00000
      0.64305001       1.0038987    0.0024396873      0.00000      0.00000
      0.66020143      0.99841557    0.0023894045      0.00000      0.00000
      0.67735273       1.0034523    0.0024256260      0.00000      0.00000
      0.69450846       1.0055385    0.0024192380      0.00000      0.00000
      0.71166889      0.99360038    0.0023732151      0.00000      0.00000
      0.72882775       1.0043244    0.0024722181      0.00000      0.00000
      0.74599063      0.99375806    0.0023540696      0.00000      0.00000
      0.76317700      0.99382119    0.0023653339      0.00000      0.00000
      0.78036917      0.99977837    0.0024315384      0.00000      0.00000
      0.79755127      0.99292039    0.0024022079      0.00000      0.00000
      0.81470158       1.0014281    0.0024093072      0.00000      0.00000
      0.83185868       1.0009203    0.0024053872      0.00000      0.00000
      0.84901674       1.0012079    0.0024095795      0.00000      0.00000
      0.86617046      0.99779919    0.0024049330      0.00000      0.00000
      0.88332214       1.0028840    0.0024148041      0.00000      0.00000
      0.90048270      0.99335314    0.0023811239      0.00000      0.00000
      0.91763412      0.99754182    0.0024360486      0.00000      0.00000
      0.93478792      0.99966208    0.0023883509      0.00000      0.00000
      0.95194602       1.0017234    0.0024418368      0.00000      0.00000
      0.96910892       1.0096840    0.0024565324      0.00000      0.00000
      0.98628861      0.99839054    0.0024348418      0.00000      0.00000
       1.0035013       1.0012467    0.0025135233      0.00000      0.00000
       1.0206516      0.99831796    0.0024545589      0.00000      0.00000
       1.0378065      0.99903511    0.0024570433      0.00000      0.00000
       1.0549635      0.99391789    0.0024523299      0.00000      0.00000
       1.0721177      0.99858387    0.0024730892      0.00000      0.00000
       1.0893100      0.99769862    0.0024538500      0.00000      0.00000
       1.1064706      0.99715387    0.0024793429      0.00000      0.00000
       1.1236278      0.99399112    0.0024334869      0.00000      0.00000
       1.1408128      0.99401788    0.0024404040      0.00000      0.00000
       1.1579989      0.99908766    0.0024737136      0.00000      0.00000
       1.1751856      0.98824881    0.0024452172      0.00000      0.00000
       1.1923734      0.98812917    0.0024436307      0.00000      0.00000
       1.2095557      0.99295306    0.0024753201      0.00000      0.00000
       1.2267322      0.99923609    0.0024738036      0.00000      0.00000
       1.2438903      0.99576232    0.0024654984      0.00000      0.00000
       1.2610724      0.99501032    0.0024816800      0.00000      0.00000
       1.2782571       1.0007207    0.0024913205      0.00000      0.00000
       1.2954189      0.99518801    0.0024246184      0.00000      0.00000
       1.3126110      0.99861064    0.0024470761      0.00000      0.00000
       1.3297718      0.99729046    0.0024509185      0.00000      0.00000
       1.3469247      0.99161260    0.0024384839      0.00000      0.00000
       1.3640834      0.99534549    0.0024391471      0.00000      0.00000
       1.3812403      0.99122448    0.0024274399      0.00000      0.00000
       1.3984073      0.99756085    0.0024610682      0.00000      0.00000
       1.4155817       1.0011000    0.0024631033      0.00000      0.00000
       1.4327269      0.99667896    0.0024451848      0.00000      0.00000
       1.4498929       1.0058402    0.0025716240      0.00000      0.00000
       1.4670406       1.0049709    0.0025075498      0.00000      0.00000
       1.4842200       1.0035477    0.0024607638      0.00000      0.00000
       1.5013747      0.99133174    0.0024076744      0.00000      0.00000
       1.5185259      0.99646320    0.0024195283      0.00000      0.00000
       1.5357130      0.99594851    0.0024375061      0.00000      0.00000
       1.5529072       1.0025723    0.0024724106      0.00000      0.00000
       1.5700583      0.99174506    0.0024163349      0.00000      0.00000
       1.5872133      0.99528836    0.0024539466      0.00000      0.00000
       1.6043720      0.99901377    0.0024911979      0.00000      0.00000
       1.6215549       1.0034258    0.0025122970      0.00000      0.00000
       1.6387078      0.99603635    0.0024273556      0.00000      0.00000
       1.6558656      0.99909099    0.0024453407      0.00000      0.00000
       1.6730446      0.98734077    0.0024194109      0.00000      0.00000
       1.6902109      0.99649902    0.0024586239      0.00000      0.00000
       1.7073672      0.99442104    0.0024898438      0.00000      0.00000
       1.7245177      0.99296095    0.0024565082      0.00000      0.00000
       1.7416723      0.99982707    0.0025026271      0.00000      0.00000
       1.7588465      0.99731660    0.0024720327      0.00000      0.00000
       1.7760022      0.99719005    0.0024641506      0.00000      0.00000
       1.8103677       1.0000975    0.0025020129      0.00000      0.00000
       1.8275192       1.0027591    0.0024936784      0.00000      0.00000
       1.8446959      0.99865692    0.0024818940      0.00000      0.00000
       1.8618395       1.0016020    0.0025159224      0.00000      0.00000
       1.8790021      0.99476544    0.0024862270      0.00000      0.00000
       1.8961957      0.99756940    0.0025334676      0.00000      0.00000
       1.9133663       1.0004703    0.0024931411      0.00000      0.00000
       1.9305401       1.0068365    0.0025243245      0.00000      0.00000
       1.9476975       1.0051329    0.0025579736      0.00000      0.00000
       1.9648636       1.0048717    0.0025563952      0.00000      0.00000
       1.9820230       1.0047329    0.0025648598      0.00000      0.00000
       1.9991862       1.0015081    0.0025426758      0.00000      0.00000
       2.0163497       1.0099587    0.0026070459      0.00000      0.00000
       2.0335066       1.0077554    0.0025876725      0.00000      0.00000
       2.0506635      0.99978009    0.0025009469      0.00000      0.00000
       2.0678104      0.99358124    0.0024911093      0.00000      0.00000
       2.0849738       1.0036797    0.0025198676      0.00000      0.00000
       2.1021310       1.0084164    0.0025526988      0.00000      0.00000
       2.1192868       1.0025381    0.0025050745      0.00000      0.00000
       2.1364658       1.0029514    0.0025024750      0.00000      0.00000
       2.1536434       1.0034354    0.0024863085      0.00000      0.00000
       2.1708035      0.99984045    0.0024817724      0.00000      0.00000
       2.1879862       1.0022006    0.0024978994      0.00000      0.00000
       2.2051383       1.0041433    0.0024574774      0.00000      0.00000
       2.2222890       1.0002534    0.0024958264      0.00000      0.00000
       2.2394492       1.0058129    0.0025103959      0.00000      0.00000
