#JD -  2457388 (hr) Flux  Fl_err  Model_fl   Residual for 2.29um (%) Airmass
      -2.4139274      0.98943882    0.0030063210      0.00000      0.00000       1.5900000
      -2.3967685      0.99989216    0.0030574935      0.00000      0.00000       1.5820000
      -2.3796119      0.99741706    0.0029911168      0.00000      0.00000       1.5750000
      -2.3624283       1.0008340    0.0030592607      0.00000      0.00000       1.5680000
      -2.3452542      0.98789755    0.0029287376      0.00000      0.00000       1.5610000
      -2.3280954      0.98888420    0.0028829286      0.00000      0.00000       1.5549999
      -2.3108841      0.99922567    0.0029563568      0.00000      0.00000       1.5480000
      -2.2937279       1.0042581    0.0030610741      0.00000      0.00000       1.5410000
      -2.2765756      0.99514515    0.0029139551      0.00000      0.00000       1.5350000
      -2.2594209      0.99990952    0.0030536342      0.00000      0.00000       1.5280000
      -2.2422617      0.98875430    0.0028207218      0.00000      0.00000       1.5220000
      -2.2251076       1.0020458    0.0028469111      0.00000      0.00000       1.5160000
      -2.2079540      0.99110882    0.0028514131      0.00000      0.00000       1.5100000
      -2.1907916       1.0033138    0.0028149937      0.00000      0.00000       1.5030000
      -2.1736349      0.99333654    0.0028175608      0.00000      0.00000       1.4970000
      -2.1564684       1.0067664    0.0028562722      0.00000      0.00000       1.4920000
      -2.1393057      0.99696533    0.0028330689      0.00000      0.00000       1.4859999
      -2.1221514       1.0075242    0.0028272304      0.00000      0.00000       1.4800000
      -2.1049994       1.0026374    0.0028136880      0.00000      0.00000       1.4740000
      -2.0878427       1.0100133    0.0028521072      0.00000      0.00000       1.4690000
      -2.0706809      0.99093020    0.0027969892      0.00000      0.00000       1.4630001
      -2.0535003      0.98964653    0.0028005193      0.00000      0.00000       1.4570000
      -2.0363209       1.0137036    0.0028222243      0.00000      0.00000       1.4520000
      -2.0191896       1.0054300    0.0028232810      0.00000      0.00000       1.4470000
      -2.0020402       1.0022301    0.0029171026      0.00000      0.00000       1.4410000
      -1.9848875       1.0024282    0.0028479514      0.00000      0.00000       1.4360000
      -1.9677348      0.99830208    0.0028512346      0.00000      0.00000       1.4310000
      -1.9505772      0.99718252    0.0028504118      0.00000      0.00000       1.4260000
      -1.9334253      0.99753060    0.0028121203      0.00000      0.00000       1.4210000
      -1.9162731       1.0014297    0.0029149174      0.00000      0.00000       1.4160000
      -1.8991183      0.99418441    0.0028679600      0.00000      0.00000       1.4110000
      -1.8819675      0.99723258    0.0028839457      0.00000      0.00000       1.4060000
      -1.8648166       1.0058871    0.0029670583      0.00000      0.00000       1.4020000
      -1.8476630       1.0000000    0.0029226306      0.00000      0.00000       1.3970000
      -1.8305127       1.0082482    0.0029478680      0.00000      0.00000       1.3920000
      -1.8133558      0.99294158    0.0031446574      0.00000      0.00000       1.3880000
      -1.7961718       1.0025028    0.0029061728      0.00000      0.00000       1.3830000
      -1.7789818      0.99032208    0.0028332877      0.00000      0.00000       1.3789999
      -1.7618224       1.0010501    0.0028856136      0.00000      0.00000       1.3750000
      -1.7446703      0.99383121    0.0028255831      0.00000      0.00000       1.3700000
      -1.7275163      0.99968839    0.0028492820      0.00000      0.00000       1.3660001
      -1.7103350      0.99100089    0.0027739274      0.00000      0.00000       1.3620000
      -1.6931812       1.0019341    0.0028729088      0.00000      0.00000       1.3580000
      -1.6760198      0.99876698    0.0028312837      0.00000      0.00000       1.3530000
      -1.6588624      0.99989560    0.0028889993      0.00000      0.00000       1.3490000
      -1.6417030      0.99967003    0.0028894409      0.00000      0.00000       1.3450000
      -1.6245494      0.99579059    0.0027968231      0.00000      0.00000       1.3410000
      -1.6073352       1.0021880    0.0028495047      0.00000      0.00000       1.3380001
      -1.5901794      0.99709262    0.0027617630      0.00000      0.00000       1.3340000
      -1.5730222      0.99691133    0.0027873654      0.00000      0.00000       1.3300000
      -1.5558700      0.99859516    0.0028058049      0.00000      0.00000       1.3260000
      -1.5387079      0.98631451    0.0027406557      0.00000      0.00000       1.3220000
      -1.5215525      0.99680340    0.0028045179      0.00000      0.00000       1.3190000
      -1.5043944      0.99944026    0.0028228549      0.00000      0.00000       1.3150001
      -1.4700676      0.99898173    0.0028753989      0.00000      0.00000       1.3080000
      -1.4528847       1.0057868    0.0027954237      0.00000      0.00000       1.3049999
      -1.4357223       1.0015615    0.0028268433      0.00000      0.00000       1.3010000
      -1.4185246      0.99658009    0.0027889603      0.00000      0.00000       1.2980000
      -1.4013444      0.99905712    0.0027791629      0.00000      0.00000       1.2950000
      -1.3841855       1.0030452    0.0028404404      0.00000      0.00000       1.2910000
      -1.3669997       1.0043924    0.0027742013      0.00000      0.00000       1.2880000
      -1.3498463       1.0006158    0.0027146243      0.00000      0.00000       1.2850000
      -1.3326628       1.0041631    0.0028949243      0.00000      0.00000       1.2819999
      -1.3154663       1.0040624    0.0027409700      0.00000      0.00000       1.2790000
      -1.2982878       1.0029010    0.0027623081      0.00000      0.00000       1.2760000
      -1.2811327       1.0053018    0.0027829426      0.00000      0.00000       1.2730000
      -1.2639686       1.0001350    0.0026971172      0.00000      0.00000       1.2700000
      -1.2468145       1.0028557    0.0027164219      0.00000      0.00000       1.2670000
      -1.2296646      0.99718092    0.0027754280      0.00000      0.00000       1.2640001
      -1.2125125      0.99658622    0.0026772518      0.00000      0.00000       1.2610000
      -1.1953755       1.0066827    0.0027419671      0.00000      0.00000       1.2580000
      -1.1782241       1.0010827    0.0027309174      0.00000      0.00000       1.2550000
      -1.1610706      0.99865193    0.0027003089      0.00000      0.00000       1.2530000
      -1.1439169      0.99218125    0.0027095682      0.00000      0.00000       1.2500000
      -1.1267321       1.0018644    0.0027264807      0.00000      0.00000       1.2470000
      -1.1095584       1.0021573    0.0027593898      0.00000      0.00000       1.2450000
      -1.0924102       1.0020743    0.0027727004      0.00000      0.00000       1.2420000
      -1.0752579      0.99763023    0.0027060382      0.00000      0.00000       1.2400000
      -1.0580962       1.0017461    0.0027470024      0.00000      0.00000       1.2370000
      -1.0409426      0.99336690    0.0026479601      0.00000      0.00000       1.2350000
      -1.0237881       1.0059000    0.0027414253      0.00000      0.00000       1.2320000
      -1.0066325      0.99923364    0.0026711028      0.00000      0.00000       1.2300000
     -0.98947485       1.0079256    0.0027686199      0.00000      0.00000       1.2270000
     -0.97231195      0.99102488    0.0026878008      0.00000      0.00000       1.2250000
     -0.95515907       1.0072506    0.0027979515      0.00000      0.00000       1.2230000
     -0.93798331      0.99894903    0.0027300263      0.00000      0.00000       1.2200000
     -0.92082277      0.99773840    0.0026951126      0.00000      0.00000       1.2180001
     -0.90363025      0.99917251    0.0027169722      0.00000      0.00000       1.2160000
     -0.88647098       1.0055755    0.0027847118      0.00000      0.00000       1.2140000
     -0.86930338      0.99484369    0.0027917970      0.00000      0.00000       1.2120000
     -0.85214707       1.0011765    0.0028340926      0.00000      0.00000       1.2100000
     -0.83499177      0.99688994    0.0027885230      0.00000      0.00000       1.2079999
     -0.81781283       1.0010554    0.0027940440      0.00000      0.00000       1.2060000
     -0.80065585       1.0035710    0.0027628486      0.00000      0.00000       1.2040000
     -0.78350712       1.0033909    0.0028386120      0.00000      0.00000       1.2020000
     -0.76631989       1.0036517    0.0028869681      0.00000      0.00000       1.2000000
     -0.74916646       1.0053010    0.0027408300      0.00000      0.00000       1.1980000
     -0.73201772       1.0021003    0.0027700065      0.00000      0.00000       1.1960000
     -0.71485827      0.99390458    0.0026815112      0.00000      0.00000       1.1940000
     -0.69768679       1.0045353    0.0027705437      0.00000      0.00000       1.1920000
     -0.68053768       1.0006649    0.0027670044      0.00000      0.00000       1.1910000
     -0.66338503      0.99980252    0.0027432297      0.00000      0.00000       1.1890000
     -0.64623282      0.99616266    0.0027751207      0.00000      0.00000       1.1870000
     -0.62907667       1.0015130    0.0028364920      0.00000      0.00000       1.1849999
     -0.61190716       1.0057312    0.0028569663      0.00000      0.00000       1.1840000
     -0.59474967      0.99873017    0.0027478704      0.00000      0.00000       1.1820000
     -0.57759460      0.99846392    0.0027242165      0.00000      0.00000       1.1810000
     -0.56041372      0.99796926    0.0027150974      0.00000      0.00000       1.1790000
     -0.54326313      0.99637834    0.0027216981      0.00000      0.00000       1.1780000
     -0.52607189       1.0009661    0.0027089651      0.00000      0.00000       1.1760000
     -0.50891352      0.99628769    0.0026630891      0.00000      0.00000       1.1750000
     -0.49168405       1.0033364    0.0027016370      0.00000      0.00000       1.1730000
     -0.47451943       1.0020018    0.0027844972      0.00000      0.00000       1.1720001
     -0.45732503      0.99483262    0.0027322704      0.00000      0.00000       1.1700000
     -0.44017357       1.0062475    0.0027386386      0.00000      0.00000       1.1690000
     -0.42301279      0.99397192    0.0027074847      0.00000      0.00000       1.1680000
     -0.40583064      0.99991975    0.0027232580      0.00000      0.00000       1.1660000
     -0.38865100      0.99831994    0.0027120991      0.00000      0.00000       1.1650000
     -0.37149500       1.0016526    0.0027388975      0.00000      0.00000       1.1640000
     -0.35434107       1.0014053    0.0026943027      0.00000      0.00000       1.1630000
     -0.33717167       1.0084244    0.0026976950      0.00000      0.00000       1.1610000
     -0.32001138      0.99778452    0.0026820009      0.00000      0.00000       1.1600000
     -0.30285690       1.0044087    0.0027294768      0.00000      0.00000       1.1590000
     -0.28569942       1.0103934    0.0028079403      0.00000      0.00000       1.1580000
     -0.26853983      0.99604409    0.0027282514      0.00000      0.00000       1.1569999
     -0.25137686      0.99436881    0.0027025722      0.00000      0.00000       1.1560000
     -0.23421697      0.99966172    0.0026937521      0.00000      0.00000       1.1550000
     -0.21703383      0.99125808    0.0026588057      0.00000      0.00000       1.1540000
     -0.19983917      0.99758645    0.0027367308      0.00000      0.00000       1.1530000
     -0.18265923      0.99011462    0.0026990411      0.00000      0.00000       1.1520000
     -0.16550921       1.0047260    0.0027023077      0.00000      0.00000       1.1510000
     -0.13120325      0.99954835    0.0026923668      0.00000      0.00000       1.1490000
     -0.11404668       1.0026716    0.0026760452      0.00000      0.00000       1.1480000
    -0.096892018       1.0065564    0.0026979644      0.00000      0.00000       1.1470000
    -0.079706144       1.0001340    0.0027393779      0.00000      0.00000       1.1470000
    -0.062549081       1.0029501    0.0027099319      0.00000      0.00000       1.1460000
    -0.045385737       1.0020116    0.0027529847      0.00000      0.00000       1.1450000
    -0.028229568       1.0023736    0.0028209828      0.00000      0.00000       1.1440001
    -0.011077188       1.0045545    0.0027944411      0.00000      0.00000       1.1440001
    0.0060829930       1.0024942    0.0027955443      0.00000      0.00000       1.1430000
     0.023241006      0.99831692    0.0027458268      0.00000      0.00000       1.1420000
     0.040394884      0.99860489    0.0027946736      0.00000      0.00000       1.1420000
     0.057586715       1.0045124    0.0027829662      0.00000      0.00000       1.1410000
     0.074738078      0.99994080    0.0027680365      0.00000      0.00000       1.1410000
     0.091926958      0.99261613    0.0027018652      0.00000      0.00000       1.1400000
      0.10908441      0.99713464    0.0026964265      0.00000      0.00000       1.1400000
      0.12624985      0.99755668    0.0027119934      0.00000      0.00000       1.1390001
      0.14343952      0.99821646    0.0026803843      0.00000      0.00000       1.1390001
      0.16059910      0.99812556    0.0026809708      0.00000      0.00000       1.1380000
      0.17781410       1.0004518    0.0026308127      0.00000      0.00000       1.1380000
      0.19497075      0.99193111    0.0026286483      0.00000      0.00000       1.1370000
      0.21213238      0.99995329    0.0026457682      0.00000      0.00000       1.1370000
      0.22931802      0.99521475    0.0026570205      0.00000      0.00000       1.1370000
      0.24653504       1.0022795    0.0026659456      0.00000      0.00000       1.1360000
      0.26378680      0.99952470    0.0027673522      0.00000      0.00000       1.1360000
      0.28097971      0.99019344    0.0026280911      0.00000      0.00000       1.1360000
      0.29821431      0.99927599    0.0026985712      0.00000      0.00000       1.1360000
      0.31541125       1.0020116    0.0026779983      0.00000      0.00000       1.1350000
      0.33270907       1.0068058    0.0026888688      0.00000      0.00000       1.1350000
      0.35002717      0.99404865    0.0026514550      0.00000      0.00000       1.1350000
      0.36729911       1.0002965    0.0026391586      0.00000      0.00000       1.1350000
      0.38443540      0.99834896    0.0027197537      0.00000      0.00000       1.1350000
      0.40167135      0.98539100    0.0026468253      0.00000      0.00000       1.1350000
      0.41898493       1.0014258    0.0027032984      0.00000      0.00000       1.1339999
      0.45350696      0.99611746    0.0026381142      0.00000      0.00000       1.1339999
      0.47090033       1.0014966    0.0026697218      0.00000      0.00000       1.1339999
      0.48835700      0.99769639    0.0026576142      0.00000      0.00000       1.1339999
      0.50571612      0.99163468    0.0026619646      0.00000      0.00000       1.1339999
      0.52294159       1.0016471    0.0026762691      0.00000      0.00000       1.1339999
      0.54011025       1.0013374    0.0026787084      0.00000      0.00000       1.1350000
      0.55726436      0.99858845    0.0026980510      0.00000      0.00000       1.1350000
      0.57441739      0.99626899    0.0026525345      0.00000      0.00000       1.1350000
      0.59157442       1.0048206    0.0027272723      0.00000      0.00000       1.1350000
      0.60873171       1.0058771    0.0027258695      0.00000      0.00000       1.1350000
      0.62589252      0.99278049    0.0026347434      0.00000      0.00000       1.1350000
      0.64305001       1.0053859    0.0027290139      0.00000      0.00000       1.1360000
      0.66020143       1.0053516    0.0026863479      0.00000      0.00000       1.1360000
      0.67735273       1.0036412    0.0026880397      0.00000      0.00000       1.1360000
      0.69450846      0.99641691    0.0026838283      0.00000      0.00000       1.1370000
      0.71166889      0.98997533    0.0026148238      0.00000      0.00000       1.1370000
      0.72882775      0.99968520    0.0027466570      0.00000      0.00000       1.1370000
      0.74599063      0.99640601    0.0026206446      0.00000      0.00000       1.1380000
      0.76317700      0.99192935    0.0026132772      0.00000      0.00000       1.1380000
      0.78036917      0.99893670    0.0027161605      0.00000      0.00000       1.1380000
      0.79755127       1.0009393    0.0026816152      0.00000      0.00000       1.1390001
      0.81470158      0.98614202    0.0026071903      0.00000      0.00000       1.1390001
      0.83185868      0.99599134    0.0026795483      0.00000      0.00000       1.1400000
      0.84901674       1.0024655    0.0026820946      0.00000      0.00000       1.1400000
      0.86617046      0.99305814    0.0026640534      0.00000      0.00000       1.1410000
      0.88332214      0.99426357    0.0026566772      0.00000      0.00000       1.1420000
      0.90048270       1.0014175    0.0026517068      0.00000      0.00000       1.1420000
      0.91763412      0.99067126    0.0026860912      0.00000      0.00000       1.1430000
      0.93478792      0.99617348    0.0026524102      0.00000      0.00000       1.1440001
      0.95194602      0.99335474    0.0026606129      0.00000      0.00000       1.1440001
      0.96910892      0.99587235    0.0026602570      0.00000      0.00000       1.1450000
      0.98628861      0.99442952    0.0026667630      0.00000      0.00000       1.1460000
       1.0035013      0.98976762    0.0027121854      0.00000      0.00000       1.1460000
       1.0206516      0.99114890    0.0026585835      0.00000      0.00000       1.1470000
       1.0378065      0.99916253    0.0026693935      0.00000      0.00000       1.1480000
       1.0549635      0.99469048    0.0026923757      0.00000      0.00000       1.1490000
       1.0721177       1.0011892    0.0027189892      0.00000      0.00000       1.1500000
       1.0893100       1.0013167    0.0026873818      0.00000      0.00000       1.1510000
       1.1064706      0.99561952    0.0027156047      0.00000      0.00000       1.1520000
       1.1236278      0.99849092    0.0026940079      0.00000      0.00000       1.1520000
       1.1408128      0.99721782    0.0026705000      0.00000      0.00000       1.1530000
       1.1579989       1.0090132    0.0027417062      0.00000      0.00000       1.1540000
       1.1751856      0.99618253    0.0026678301      0.00000      0.00000       1.1550000
       1.1923734      0.99949569    0.0027057697      0.00000      0.00000       1.1560000
       1.2095557      0.99902777    0.0026855370      0.00000      0.00000       1.1580000
       1.2267322      0.99972059    0.0026907847      0.00000      0.00000       1.1590000
       1.2438903      0.99797580    0.0026860889      0.00000      0.00000       1.1600000
       1.2610724       1.0009755    0.0027065827      0.00000      0.00000       1.1610000
       1.2782571      0.99947288    0.0027013039      0.00000      0.00000       1.1619999
       1.2954189       1.0015149    0.0026601731      0.00000      0.00000       1.1630000
       1.3126110      0.99332354    0.0026518756      0.00000      0.00000       1.1650000
       1.3297718      0.99580107    0.0026688352      0.00000      0.00000       1.1660000
       1.3469247       1.0015228    0.0026909087      0.00000      0.00000       1.1670001
       1.3640834      0.99379179    0.0026498593      0.00000      0.00000       1.1680000
       1.3812403      0.99857964    0.0026714076      0.00000      0.00000       1.1700000
       1.3984073      0.99927381    0.0027030682      0.00000      0.00000       1.1710000
       1.4155817       1.0049385    0.0026749225      0.00000      0.00000       1.1730000
       1.4327269       1.0030463    0.0026794795      0.00000      0.00000       1.1740000
       1.4498929       1.0075789    0.0028358670      0.00000      0.00000       1.1750000
       1.4670406       1.0061079    0.0027595166      0.00000      0.00000       1.1770000
       1.4842200      0.99736096    0.0026655298      0.00000      0.00000       1.1790000
       1.5013747       1.0035168    0.0026679703      0.00000      0.00000       1.1799999
       1.5185259      0.99404387    0.0026237763      0.00000      0.00000       1.1820000
       1.5357130       1.0020743    0.0027141765      0.00000      0.00000       1.1830000
       1.5529072       1.0026054    0.0027117725      0.00000      0.00000       1.1849999
       1.5700583      0.99705707    0.0026911098      0.00000      0.00000       1.1870000
       1.5872133       1.0032160    0.0027215435      0.00000      0.00000       1.1880000
       1.6043720       1.0060646    0.0027538773      0.00000      0.00000       1.1900001
       1.6215549       1.0092483    0.0028057439      0.00000      0.00000       1.1920000
       1.6387078       1.0024248    0.0027057632      0.00000      0.00000       1.1940000
       1.6558656      0.99660215    0.0026727132      0.00000      0.00000       1.1950001
       1.6730446      0.99692474    0.0026900883      0.00000      0.00000       1.1970000
       1.6902109       1.0149030    0.0027643446      0.00000      0.00000       1.1990000
       1.7073672       1.0106082    0.0027323421      0.00000      0.00000       1.2010000
       1.7245177       1.0071746    0.0027086533      0.00000      0.00000       1.2029999
       1.7416723       1.0076736    0.0027340676      0.00000      0.00000       1.2050000
       1.7588465       1.0084018    0.0027154613      0.00000      0.00000       1.2070000
       1.7760022       1.0041295    0.0027223267      0.00000      0.00000       1.2090000
       1.7931647       1.0021912    0.0027011231      0.00000      0.00000       1.2110000
       1.8103677      0.99963900    0.0027315113      0.00000      0.00000       1.2130001
       1.8275192       1.0082679    0.0027238827      0.00000      0.00000       1.2150000
       1.8446959      0.99784825    0.0026976169      0.00000      0.00000       1.2180001
       1.8618395       1.0077430    0.0027485380      0.00000      0.00000       1.2200000
       1.8790021       1.0041628    0.0027207923      0.00000      0.00000       1.2220000
       1.8961957       1.0065003    0.0027801305      0.00000      0.00000       1.2240000
       1.9133663       1.0054923    0.0027473173      0.00000      0.00000       1.2270000
       1.9305401       1.0084081    0.0027496520      0.00000      0.00000       1.2290000
       1.9476975       1.0098365    0.0027739258      0.00000      0.00000       1.2309999
       1.9648636       1.0016690    0.0027424832      0.00000      0.00000       1.2340000
       1.9820230       1.0034049    0.0027643849      0.00000      0.00000       1.2359999
       1.9991862       1.0113753    0.0027868269      0.00000      0.00000       1.2390000
       2.0163497       1.0139341    0.0028225859      0.00000      0.00000       1.2410001
       2.0335066       1.0165709    0.0028213956      0.00000      0.00000       1.2440000
       2.0506635       1.0102151    0.0027339913      0.00000      0.00000       1.2460001
       2.0678104       1.0121669    0.0027497176      0.00000      0.00000       1.2490000
       2.0849738       1.0126784    0.0027803257      0.00000      0.00000       1.2520000
       2.1021310       1.0065304    0.0027706079      0.00000      0.00000       1.2539999
       2.1192868       1.0131746    0.0027437980      0.00000      0.00000       1.2570000
       2.1364658       1.0002408    0.0027408522      0.00000      0.00000       1.2600000
       2.1536434       1.0057877    0.0027351042      0.00000      0.00000       1.2630000
       2.1708035       1.0124397    0.0027775221      0.00000      0.00000       1.2660000
       2.1879862       1.0038680    0.0027449502      0.00000      0.00000       1.2690001
       2.2051383       1.0143133    0.0027245304      0.00000      0.00000       1.2720000
       2.2222890       1.0091314    0.0027665992      0.00000      0.00000       1.2750000
       2.2394492       1.0033263    0.0027714573      0.00000      0.00000       1.2780000
