#JD -  2457388 (hr) Flux  Fl_err  Model_fl   Residual for 2.11um (%) Airmass
      -2.4139274      0.99732926    0.0023129533      0.00000      0.00000       1.5900000
      -2.3967685       1.0008145    0.0023329848      0.00000      0.00000       1.5820000
      -2.3796119      0.99830339    0.0023207731      0.00000      0.00000       1.5750000
      -2.3624283       1.0010225    0.0023348418      0.00000      0.00000       1.5680000
      -2.3452542       1.0008923    0.0022910169      0.00000      0.00000       1.5610000
      -2.3280954      0.99528400    0.0022256226      0.00000      0.00000       1.5549999
      -2.3108841      0.99392241    0.0022695631      0.00000      0.00000       1.5480000
      -2.2937279       1.0028810    0.0023268009      0.00000      0.00000       1.5410000
      -2.2765756      0.99707038    0.0022428467      0.00000      0.00000       1.5350000
      -2.2594209       1.0010228    0.0023245335      0.00000      0.00000       1.5280000
      -2.2422617      0.99718281    0.0021984539      0.00000      0.00000       1.5220000
      -2.2251076       1.0045460    0.0021859146      0.00000      0.00000       1.5160000
      -2.2079540      0.99504750    0.0021632559      0.00000      0.00000       1.5100000
      -2.1907916      0.99407525    0.0021281280      0.00000      0.00000       1.5030000
      -2.1736349       1.0025014    0.0021720688      0.00000      0.00000       1.4970000
      -2.1564684      0.99725519    0.0021578314      0.00000      0.00000       1.4920000
      -2.1393057       1.0026212    0.0021863989      0.00000      0.00000       1.4859999
      -2.1221514      0.99842549    0.0021547565      0.00000      0.00000       1.4800000
      -2.1049994       1.0041765    0.0021639833      0.00000      0.00000       1.4740000
      -2.0878427       1.0020025    0.0021722551      0.00000      0.00000       1.4690000
      -2.0706809      0.99957972    0.0021719955      0.00000      0.00000       1.4630001
      -2.0535003       1.0010268    0.0021496895      0.00000      0.00000       1.4570000
      -2.0363209       1.0035745    0.0021305812      0.00000      0.00000       1.4520000
      -2.0191896      0.99703128    0.0021564585      0.00000      0.00000       1.4470000
      -2.0020402       1.0087614    0.0022595312      0.00000      0.00000       1.4410000
      -1.9677348       1.0034335    0.0021722344      0.00000      0.00000       1.4310000
      -1.9505772      0.99871219    0.0021589460      0.00000      0.00000       1.4260000
      -1.9334253       1.0032715    0.0021803505      0.00000      0.00000       1.4210000
      -1.9162731      0.99717830    0.0022301735      0.00000      0.00000       1.4160000
      -1.8991183       1.0035088    0.0022289227      0.00000      0.00000       1.4110000
      -1.8819675       1.0018571    0.0022230429      0.00000      0.00000       1.4060000
      -1.8648166       1.0051815    0.0022452244      0.00000      0.00000       1.4020000
      -1.8476630       1.0085742    0.0022462088      0.00000      0.00000       1.3970000
      -1.8305127       1.0036141    0.0022460278      0.00000      0.00000       1.3920000
      -1.8133558       1.0013490    0.0024533566      0.00000      0.00000       1.3880000
      -1.7961718       1.0006443    0.0021995262      0.00000      0.00000       1.3830000
      -1.7789818      0.99459037    0.0021804706      0.00000      0.00000       1.3789999
      -1.7618224       1.0038217    0.0022186397      0.00000      0.00000       1.3750000
      -1.7446703       1.0023171    0.0021817734      0.00000      0.00000       1.3700000
      -1.7275163       1.0031511    0.0021667034      0.00000      0.00000       1.3660001
      -1.7103350       1.0080043    0.0021486566      0.00000      0.00000       1.3620000
      -1.6931812      0.99982535    0.0021769326      0.00000      0.00000       1.3580000
      -1.6760198      0.99712143    0.0021529586      0.00000      0.00000       1.3530000
      -1.6588624      0.99634207    0.0021704781      0.00000      0.00000       1.3490000
      -1.6417030      0.99913040    0.0021934946      0.00000      0.00000       1.3450000
      -1.6245494      0.99846356    0.0021213121      0.00000      0.00000       1.3410000
      -1.6073352       1.0050640    0.0021633996      0.00000      0.00000       1.3380001
      -1.5901794       1.0051032    0.0021082172      0.00000      0.00000       1.3340000
      -1.5730222       1.0041458    0.0021253065      0.00000      0.00000       1.3300000
      -1.5558700      0.99333302    0.0021257036      0.00000      0.00000       1.3260000
      -1.5387079       1.0003611    0.0021035689      0.00000      0.00000       1.3220000
      -1.5215525      0.99564731    0.0020926948      0.00000      0.00000       1.3190000
      -1.5043944       1.0010459    0.0021211683      0.00000      0.00000       1.3150001
      -1.4872407      0.99927234    0.0021206010      0.00000      0.00000       1.3120000
      -1.4700676       1.0047326    0.0021686385      0.00000      0.00000       1.3080000
      -1.4528847      0.99982817    0.0020856009      0.00000      0.00000       1.3049999
      -1.4357223       1.0038573    0.0021314549      0.00000      0.00000       1.3010000
      -1.4185246      0.99680784    0.0020911985      0.00000      0.00000       1.2980000
      -1.4013444       1.0029676    0.0020950580      0.00000      0.00000       1.2950000
      -1.3841855      0.99948967    0.0021077817      0.00000      0.00000       1.2910000
      -1.3669997       1.0026264    0.0020851472      0.00000      0.00000       1.2880000
      -1.3498463       1.0027849    0.0020539388      0.00000      0.00000       1.2850000
      -1.3326628      0.99487360    0.0021416373      0.00000      0.00000       1.2819999
      -1.3154663      0.99536418    0.0020582797      0.00000      0.00000       1.2790000
      -1.2982878       1.0046830    0.0020988361      0.00000      0.00000       1.2760000
      -1.2811327       1.0054972    0.0020992846      0.00000      0.00000       1.2730000
      -1.2639686      0.99870420    0.0020510925      0.00000      0.00000       1.2700000
      -1.2468145       1.0064325    0.0020626413      0.00000      0.00000       1.2670000
      -1.2296646       1.0003306    0.0020920689      0.00000      0.00000       1.2640001
      -1.2125125       1.0045779    0.0020468039      0.00000      0.00000       1.2610000
      -1.1953755       1.0015706    0.0020555531      0.00000      0.00000       1.2580000
      -1.1782241      0.99884304    0.0020470870      0.00000      0.00000       1.2550000
      -1.1610706       1.0031869    0.0020601393      0.00000      0.00000       1.2530000
      -1.1439169       1.0022089    0.0020978654      0.00000      0.00000       1.2500000
      -1.1267321       1.0042228    0.0020912955      0.00000      0.00000       1.2470000
      -1.1095584      0.99886391    0.0020925670      0.00000      0.00000       1.2450000
      -1.0924102       1.0039798    0.0020923829      0.00000      0.00000       1.2420000
      -1.0752579       1.0113769    0.0021047368      0.00000      0.00000       1.2400000
      -1.0580962       1.0018924    0.0020838654      0.00000      0.00000       1.2370000
      -1.0409426       1.0012765    0.0020524327      0.00000      0.00000       1.2350000
      -1.0237881       1.0083996    0.0021021670      0.00000      0.00000       1.2320000
      -1.0066325       1.0057103    0.0020719198      0.00000      0.00000       1.2300000
     -0.98947485       1.0056048    0.0021116877      0.00000      0.00000       1.2270000
     -0.97231195      0.99690927    0.0020613305      0.00000      0.00000       1.2250000
     -0.95515907       1.0036370    0.0021033745      0.00000      0.00000       1.2230000
     -0.93798331       1.0072190    0.0020963432      0.00000      0.00000       1.2200000
     -0.92082277       1.0051884    0.0020771501      0.00000      0.00000       1.2180001
     -0.90363025      0.99934350    0.0020574722      0.00000      0.00000       1.2160000
     -0.88647098       1.0025155    0.0021139901      0.00000      0.00000       1.2140000
     -0.86930338       1.0088352    0.0021580007      0.00000      0.00000       1.2120000
     -0.85214707       1.0071665    0.0021548270      0.00000      0.00000       1.2100000
     -0.83499177      0.99191597    0.0020982359      0.00000      0.00000       1.2079999
     -0.81781283       1.0036501    0.0021223189      0.00000      0.00000       1.2060000
     -0.80065585       1.0009018    0.0020737690      0.00000      0.00000       1.2040000
     -0.78350712       1.0004498    0.0021432571      0.00000      0.00000       1.2020000
     -0.76631989      0.99951853    0.0021662720      0.00000      0.00000       1.2000000
     -0.74916646       1.0027165    0.0020701446      0.00000      0.00000       1.1980000
     -0.73201772       1.0032668    0.0020776390      0.00000      0.00000       1.1960000
     -0.71485827       1.0043246    0.0020798819      0.00000      0.00000       1.1940000
     -0.69768679       1.0037165    0.0020950964      0.00000      0.00000       1.1920000
     -0.68053768       1.0057887    0.0021045815      0.00000      0.00000       1.1910000
     -0.66338503       1.0034920    0.0021109212      0.00000      0.00000       1.1890000
     -0.64623282       1.0019558    0.0021295512      0.00000      0.00000       1.1870000
     -0.62907667      0.99462656    0.0021323270      0.00000      0.00000       1.1849999
     -0.61190716       1.0000881    0.0021549231      0.00000      0.00000       1.1840000
     -0.59474967       1.0039778    0.0021029442      0.00000      0.00000       1.1820000
     -0.57759460       1.0015496    0.0020740031      0.00000      0.00000       1.1810000
     -0.56041372       1.0022632    0.0021006948      0.00000      0.00000       1.1790000
     -0.54326313       1.0055973    0.0020876373      0.00000      0.00000       1.1780000
     -0.52607189       1.0026752    0.0020641652      0.00000      0.00000       1.1760000
     -0.50891352      0.99791451    0.0020259303      0.00000      0.00000       1.1750000
     -0.49168405       1.0037854    0.0020494086      0.00000      0.00000       1.1730000
     -0.47451943       1.0102998    0.0021302300      0.00000      0.00000       1.1720001
     -0.45732503       1.0040607    0.0020993749      0.00000      0.00000       1.1700000
     -0.44017357       1.0087678    0.0020970972      0.00000      0.00000       1.1690000
     -0.42301279       1.0024729    0.0020856363      0.00000      0.00000       1.1680000
     -0.40583064      0.99977910    0.0020701015      0.00000      0.00000       1.1660000
     -0.38865100       1.0016744    0.0020503519      0.00000      0.00000       1.1650000
     -0.37149500       1.0067817    0.0020760105      0.00000      0.00000       1.1640000
     -0.35434107       1.0094210    0.0020716584      0.00000      0.00000       1.1630000
     -0.33717167       1.0077055    0.0020513629      0.00000      0.00000       1.1610000
     -0.32001138      0.99974911    0.0020273724      0.00000      0.00000       1.1600000
     -0.30285690      0.99448584    0.0020379501      0.00000      0.00000       1.1590000
     -0.28569942       1.0073537    0.0021104783      0.00000      0.00000       1.1580000
     -0.26853983       1.0037525    0.0020854997      0.00000      0.00000       1.1569999
     -0.25137686       1.0061739    0.0020725191      0.00000      0.00000       1.1560000
     -0.23421697       1.0071943    0.0020508779      0.00000      0.00000       1.1550000
     -0.21703383       1.0047311    0.0020263364      0.00000      0.00000       1.1540000
     -0.19983917       1.0008756    0.0020633801      0.00000      0.00000       1.1530000
     -0.18265923      0.99860447    0.0020686359      0.00000      0.00000       1.1520000
     -0.16550921       1.0061904    0.0020449404      0.00000      0.00000       1.1510000
     -0.14835759       1.0097804    0.0020671106      0.00000      0.00000       1.1500000
     -0.13120325       1.0100829    0.0020463152      0.00000      0.00000       1.1490000
     -0.11404668       1.0004290    0.0020145194      0.00000      0.00000       1.1480000
    -0.096892018       1.0110205    0.0020447530      0.00000      0.00000       1.1470000
    -0.079706144       1.0070826    0.0020767489      0.00000      0.00000       1.1470000
    -0.062549081       1.0025983    0.0020459026      0.00000      0.00000       1.1460000
    -0.045385737      0.99695834    0.0020404583      0.00000      0.00000       1.1450000
    -0.028229568      0.99978587    0.0021017737      0.00000      0.00000       1.1440001
    -0.011077188       1.0007244    0.0020858153      0.00000      0.00000       1.1440001
    0.0060829930      0.99942641    0.0021040386      0.00000      0.00000       1.1430000
     0.023241006      0.99413663    0.0020428467      0.00000      0.00000       1.1420000
     0.040394884       1.0053370    0.0021064317      0.00000      0.00000       1.1420000
     0.057586715       1.0010396    0.0020834117      0.00000      0.00000       1.1410000
     0.074738078      0.99500454    0.0020811754      0.00000      0.00000       1.1410000
     0.091926958      0.99820760    0.0020485497      0.00000      0.00000       1.1400000
      0.10908441      0.99024220    0.0020103811      0.00000      0.00000       1.1400000
      0.12624985      0.98856175    0.0020126032      0.00000      0.00000       1.1390001
      0.14343952       1.0023981    0.0020358328      0.00000      0.00000       1.1390001
      0.16059910       1.0023521    0.0020371476      0.00000      0.00000       1.1380000
      0.17781410      0.99594219    0.0019850580      0.00000      0.00000       1.1380000
      0.19497075       1.0004007    0.0020257957      0.00000      0.00000       1.1370000
      0.21213238      0.99840312    0.0020214212      0.00000      0.00000       1.1370000
      0.22931802       1.0036761    0.0020450759      0.00000      0.00000       1.1370000
      0.24653504       1.0020997    0.0020345150      0.00000      0.00000       1.1360000
      0.26378680      0.99993834    0.0020823998      0.00000      0.00000       1.1360000
      0.28097971      0.99201401    0.0020162569      0.00000      0.00000       1.1360000
      0.29821431       1.0018473    0.0020460787      0.00000      0.00000       1.1360000
      0.31541125       1.0027238    0.0020542272      0.00000      0.00000       1.1350000
      0.33270907       1.0009716    0.0020314864      0.00000      0.00000       1.1350000
      0.35002717      0.99360177    0.0020148983      0.00000      0.00000       1.1350000
      0.36729911      0.99680173    0.0020171058      0.00000      0.00000       1.1350000
      0.38443540      0.99775358    0.0020535242      0.00000      0.00000       1.1350000
      0.40167135      0.98851156    0.0020344777      0.00000      0.00000       1.1350000
      0.41898493       1.0028260    0.0020628058      0.00000      0.00000       1.1339999
      0.43629516       1.0052642    0.0020914664      0.00000      0.00000       1.1339999
      0.45350696      0.99776345    0.0020201173      0.00000      0.00000       1.1339999
      0.47090033      0.99407027    0.0020186460      0.00000      0.00000       1.1339999
      0.48835700      0.99132640    0.0020189991      0.00000      0.00000       1.1339999
      0.50571612       1.0004525    0.0020563897      0.00000      0.00000       1.1339999
      0.52294159      0.99064809    0.0020344678      0.00000      0.00000       1.1339999
      0.54011025      0.99763345    0.0020509434      0.00000      0.00000       1.1350000
      0.55726436       1.0021054    0.0020715346      0.00000      0.00000       1.1350000
      0.57441739       1.0019836    0.0020557714      0.00000      0.00000       1.1350000
      0.59157442      0.99616685    0.0020683265      0.00000      0.00000       1.1350000
      0.60873171      0.99356549    0.0020656069      0.00000      0.00000       1.1350000
      0.62589252      0.99690814    0.0020432818      0.00000      0.00000       1.1350000
      0.64305001       1.0002533    0.0020767588      0.00000      0.00000       1.1360000
      0.66020143      0.99895942    0.0020342328      0.00000      0.00000       1.1360000
      0.67735273      0.99719945    0.0020477588      0.00000      0.00000       1.1360000
      0.69450846      0.99787700    0.0020562469      0.00000      0.00000       1.1370000
      0.71166889      0.99876850    0.0020376739      0.00000      0.00000       1.1370000
      0.72882775      0.99243231    0.0020752241      0.00000      0.00000       1.1370000
      0.74599063      0.99296238    0.0020102827      0.00000      0.00000       1.1380000
      0.76317700      0.98873255    0.0019951470      0.00000      0.00000       1.1380000
      0.78036917      0.99758616    0.0020544873      0.00000      0.00000       1.1380000
      0.79755127      0.99778949    0.0020363442      0.00000      0.00000       1.1390001
      0.81470158      0.98693893    0.0020055269      0.00000      0.00000       1.1390001
      0.83185868      0.99853923    0.0020426607      0.00000      0.00000       1.1400000
      0.84901674      0.99349470    0.0020261319      0.00000      0.00000       1.1400000
      0.86617046      0.99702479    0.0020503840      0.00000      0.00000       1.1410000
      0.88332214      0.99798275    0.0020383608      0.00000      0.00000       1.1420000
      0.90048270      0.98861608    0.0020084703      0.00000      0.00000       1.1420000
      0.91763412      0.99601062    0.0020526775      0.00000      0.00000       1.1430000
      0.93478792      0.99286180    0.0020184812      0.00000      0.00000       1.1440001
      0.95194602      0.99268141    0.0020448740      0.00000      0.00000       1.1440001
      0.96910892      0.99468823    0.0020336389      0.00000      0.00000       1.1450000
      0.98628861      0.99835631    0.0020489503      0.00000      0.00000       1.1460000
       1.0035013      0.99354612    0.0020807665      0.00000      0.00000       1.1460000
       1.0206516      0.99390116    0.0020624553      0.00000      0.00000       1.1470000
       1.0378065      0.99434362    0.0020534465      0.00000      0.00000       1.1480000
       1.0549635      0.99591963    0.0020674475      0.00000      0.00000       1.1490000
       1.0721177       1.0003843    0.0020899003      0.00000      0.00000       1.1500000
       1.0893100      0.99191484    0.0020449079      0.00000      0.00000       1.1510000
       1.1064706      0.99888910    0.0021003966      0.00000      0.00000       1.1520000
       1.1236278      0.99857787    0.0020707968      0.00000      0.00000       1.1520000
       1.1408128      0.98778973    0.0020415166      0.00000      0.00000       1.1530000
       1.1579989       1.0023018    0.0020989049      0.00000      0.00000       1.1540000
       1.1751856      0.99193655    0.0020586718      0.00000      0.00000       1.1550000
       1.1923734      0.99505483    0.0020700055      0.00000      0.00000       1.1560000
       1.2095557      0.99621254    0.0020752049      0.00000      0.00000       1.1580000
       1.2267322      0.99188072    0.0020616986      0.00000      0.00000       1.1590000
       1.2438903      0.99078693    0.0020517397      0.00000      0.00000       1.1600000
       1.2610724      0.99825892    0.0020830701      0.00000      0.00000       1.1610000
       1.2782571      0.99371983    0.0020738744      0.00000      0.00000       1.1619999
       1.2954189      0.99557286    0.0020393610      0.00000      0.00000       1.1630000
       1.3126110      0.98908063    0.0020316122      0.00000      0.00000       1.1650000
       1.3297718      0.99465175    0.0020539549      0.00000      0.00000       1.1660000
       1.3469247       1.0015625    0.0020684286      0.00000      0.00000       1.1670001
       1.3640834      0.99526078    0.0020505626      0.00000      0.00000       1.1680000
       1.3812403      0.99054845    0.0020382937      0.00000      0.00000       1.1700000
       1.3984073      0.99564637    0.0020654692      0.00000      0.00000       1.1710000
       1.4155817      0.99380368    0.0020532391      0.00000      0.00000       1.1730000
       1.4327269      0.99701906    0.0020720496      0.00000      0.00000       1.1740000
       1.4498929      0.99825676    0.0021599648      0.00000      0.00000       1.1750000
       1.4670406      0.99600376    0.0020993307      0.00000      0.00000       1.1770000
       1.4842200      0.99288840    0.0020518149      0.00000      0.00000       1.1790000
       1.5013747      0.99931154    0.0020392444      0.00000      0.00000       1.1799999
       1.5185259      0.99585270    0.0020351965      0.00000      0.00000       1.1820000
       1.5357130      0.99978549    0.0020728730      0.00000      0.00000       1.1830000
       1.5529072      0.99570446    0.0020745109      0.00000      0.00000       1.1849999
       1.5700583       1.0012148    0.0020890325      0.00000      0.00000       1.1870000
       1.5872133      0.99317689    0.0020718636      0.00000      0.00000       1.1880000
       1.6043720      0.99993805    0.0020952617      0.00000      0.00000       1.1900001
       1.6215549      0.99956948    0.0021196254      0.00000      0.00000       1.1920000
       1.6387078      0.99588513    0.0020643767      0.00000      0.00000       1.1940000
       1.6558656      0.99886795    0.0020579073      0.00000      0.00000       1.1950001
       1.6730446      0.99747308    0.0020588488      0.00000      0.00000       1.1970000
       1.6902109      0.99585440    0.0020806237      0.00000      0.00000       1.1990000
       1.7073672      0.99824022    0.0020848010      0.00000      0.00000       1.2010000
       1.7245177       1.0012393    0.0020869568      0.00000      0.00000       1.2029999
       1.7416723      0.99800136    0.0020970976      0.00000      0.00000       1.2050000
       1.7588465      0.99230607    0.0020587800      0.00000      0.00000       1.2070000
       1.7760022      0.99270350    0.0020691712      0.00000      0.00000       1.2090000
       1.7931647      0.99697338    0.0020727401      0.00000      0.00000       1.2110000
       1.8103677      0.99837605    0.0021103691      0.00000      0.00000       1.2130001
       1.8275192       1.0000000    0.0020971415      0.00000      0.00000       1.2150000
       1.8446959       1.0020067    0.0021004230      0.00000      0.00000       1.2180001
       1.8618395      0.99311992    0.0021040938      0.00000      0.00000       1.2200000
       1.8790021      0.99547031    0.0020998679      0.00000      0.00000       1.2220000
       1.8961957      0.99583052    0.0021377111      0.00000      0.00000       1.2240000
       1.9133663      0.99917139    0.0021037674      0.00000      0.00000       1.2270000
       1.9305401       1.0044766    0.0021156566      0.00000      0.00000       1.2290000
       1.9476975       1.0003449    0.0021167885      0.00000      0.00000       1.2309999
       1.9648636       1.0030190    0.0021231109      0.00000      0.00000       1.2340000
       1.9820230      0.99843847    0.0021236399      0.00000      0.00000       1.2359999
       1.9991862      0.99797204    0.0021116739      0.00000      0.00000       1.2390000
       2.0163497       1.0027566    0.0021577499      0.00000      0.00000       1.2410001
       2.0335066       1.0031399    0.0021385841      0.00000      0.00000       1.2440000
       2.0506635       1.0013400    0.0020912121      0.00000      0.00000       1.2460001
       2.0678104      0.99357498    0.0020928573      0.00000      0.00000       1.2490000
       2.0849738       1.0030432    0.0021268854      0.00000      0.00000       1.2520000
       2.1021310       1.0083269    0.0021274509      0.00000      0.00000       1.2539999
       2.1192868       1.0019084    0.0020850406      0.00000      0.00000       1.2570000
       2.1364658       1.0058508    0.0021030881      0.00000      0.00000       1.2600000
       2.1536434       1.0044242    0.0020887367      0.00000      0.00000       1.2630000
       2.1708035       1.0034848    0.0021019906      0.00000      0.00000       1.2660000
       2.1879862       1.0006600    0.0020810415      0.00000      0.00000       1.2690001
       2.2051383      0.99425545    0.0020477740      0.00000      0.00000       1.2720000
       2.2222890       1.0003843    0.0020870423      0.00000      0.00000       1.2750000
       2.2394492       1.0084902    0.0021173839      0.00000      0.00000       1.2780000
