#JD -  2457388 (hr) Flux  Fl_err  Model_fl   Residual for 1.14um (%)
      -2.4139274      0.99821452    0.0024001669      0.00000      0.00000
      -2.3967685      0.99342410    0.0024068529      0.00000      0.00000
      -2.3796119       1.0067602    0.0023937859      0.00000      0.00000
      -2.3624283      0.99418618    0.0023972087      0.00000      0.00000
      -2.3452542       1.0032263    0.0023863441      0.00000      0.00000
      -2.3280954      0.99167095    0.0023226548      0.00000      0.00000
      -2.3108841      0.99383811    0.0023541978      0.00000      0.00000
      -2.2937279      0.99738221    0.0023909628      0.00000      0.00000
      -2.2765756       1.0045769    0.0023530216      0.00000      0.00000
      -2.2594209      0.99419487    0.0024041558      0.00000      0.00000
      -2.2422617       1.0023886    0.0023229338      0.00000      0.00000
      -2.2251076      0.99716199    0.0022743603      0.00000      0.00000
      -2.2079540      0.99617844    0.0022890936      0.00000      0.00000
      -2.1907916      0.99731733    0.0022485485      0.00000      0.00000
      -2.1736349      0.99713911    0.0022591649      0.00000      0.00000
      -2.1564684       1.0001815    0.0022697496      0.00000      0.00000
      -2.1393057       1.0026714    0.0022943058      0.00000      0.00000
      -2.1221514      0.99128961    0.0022561551      0.00000      0.00000
      -2.1049994      0.99680085    0.0022371849      0.00000      0.00000
      -2.0878427       1.0067257    0.0023021583      0.00000      0.00000
      -2.0706809      0.99558424    0.0022558064      0.00000      0.00000
      -2.0535003      0.99901207    0.0022679344      0.00000      0.00000
      -2.0363209      0.99950878    0.0022367122      0.00000      0.00000
      -2.0191896      0.99472773    0.0022385786      0.00000      0.00000
      -2.0020402      0.99737138    0.0023148381      0.00000      0.00000
      -1.9848875      0.99583465    0.0022778121      0.00000      0.00000
      -1.9677348       1.0006407    0.0022632730      0.00000      0.00000
      -1.9505772      0.99736737    0.0022617944      0.00000      0.00000
      -1.9334253      0.99761433    0.0022615879      0.00000      0.00000
      -1.9162731      0.99721596    0.0023085676      0.00000      0.00000
      -1.8991183      0.99945477    0.0023114112      0.00000      0.00000
      -1.8819675       1.0009133    0.0023121312      0.00000      0.00000
      -1.8648166      0.99584441    0.0023153533      0.00000      0.00000
      -1.8476630       1.0055479    0.0023228179      0.00000      0.00000
      -1.8305127       1.0012522    0.0023181388      0.00000      0.00000
      -1.8133558      0.99838152    0.0025063597      0.00000      0.00000
      -1.7961718      0.99517718    0.0023012715      0.00000      0.00000
      -1.7789818      0.99300329    0.0022760247      0.00000      0.00000
      -1.7618224      0.99711347    0.0022913375      0.00000      0.00000
      -1.7446703      0.99408127    0.0022572031      0.00000      0.00000
      -1.7275163       1.0014106    0.0022679834      0.00000      0.00000
      -1.7103350      0.99831089    0.0022401556      0.00000      0.00000
      -1.6931812       1.0009491    0.0022753038      0.00000      0.00000
      -1.6760198      0.99896414    0.0022553443      0.00000      0.00000
      -1.6588624      0.99429980    0.0022745327      0.00000      0.00000
      -1.6417030       1.0043253    0.0022975826      0.00000      0.00000
      -1.6245494       1.0006284    0.0022229807      0.00000      0.00000
      -1.6073352       1.0014015    0.0022421627      0.00000      0.00000
      -1.5901794       1.0026125    0.0022109535      0.00000      0.00000
      -1.5730222      0.99774389    0.0022076591      0.00000      0.00000
      -1.5558700      0.99436149    0.0022242681      0.00000      0.00000
      -1.5387079       1.0019399    0.0022092289      0.00000      0.00000
      -1.5215525       1.0012810    0.0022138918      0.00000      0.00000
      -1.5043944      0.99448149    0.0022145988      0.00000      0.00000
      -1.4872407      0.99454685    0.0022050993      0.00000      0.00000
      -1.4700676      0.99872421    0.0022491161      0.00000      0.00000
      -1.4528847      0.99601117    0.0021924183      0.00000      0.00000
      -1.4357223      0.99693837    0.0022206859      0.00000      0.00000
      -1.4185246      0.99767113    0.0022093237      0.00000      0.00000
      -1.4013444       1.0018403    0.0022064173      0.00000      0.00000
      -1.3841855       1.0022775    0.0022178613      0.00000      0.00000
      -1.3669997      0.99443322    0.0021710543      0.00000      0.00000
      -1.3498463      0.99719758    0.0021556642      0.00000      0.00000
      -1.3326628      0.99571094    0.0022337700      0.00000      0.00000
      -1.3154663       1.0007000    0.0021753089      0.00000      0.00000
      -1.2982878       1.0016419    0.0021874209      0.00000      0.00000
      -1.2811327       1.0020413    0.0021937076      0.00000      0.00000
      -1.2639686       1.0027865    0.0021511564      0.00000      0.00000
      -1.2468145       1.0005223    0.0021580002      0.00000      0.00000
      -1.2296646      0.99585681    0.0021929434      0.00000      0.00000
      -1.2125125       1.0050363    0.0021547124      0.00000      0.00000
      -1.1953755       1.0019494    0.0021688281      0.00000      0.00000
      -1.1782241      0.99330915    0.0021523924      0.00000      0.00000
      -1.1610706      0.99661144    0.0021678610      0.00000      0.00000
      -1.1439169      0.99815900    0.0021986947      0.00000      0.00000
      -1.1267321      0.99640453    0.0021596479      0.00000      0.00000
      -1.1095584       1.0043870    0.0022146752      0.00000      0.00000
      -1.0924102      0.99691435    0.0021919936      0.00000      0.00000
      -1.0752579      0.99966999    0.0021761840      0.00000      0.00000
      -1.0580962       1.0040993    0.0022023079      0.00000      0.00000
      -1.0409426       1.0059499    0.0021659716      0.00000      0.00000
      -1.0237881       1.0011653    0.0021827599      0.00000      0.00000
      -1.0066325      0.99606777    0.0021500707      0.00000      0.00000
     -0.98947485       1.0001615    0.0021931998      0.00000      0.00000
     -0.97231195      0.99859660    0.0021742719      0.00000      0.00000
     -0.95515907      0.99544078    0.0021957730      0.00000      0.00000
     -0.93798331       1.0004712    0.0021739378      0.00000      0.00000
     -0.92082277      0.99609562    0.0021728874      0.00000      0.00000
     -0.90363025      0.99918308    0.0021714509      0.00000      0.00000
     -0.88647098       1.0040574    0.0022304950      0.00000      0.00000
     -0.86930338       1.0096217    0.0022481170      0.00000      0.00000
     -0.85214707       1.0011739    0.0022144469      0.00000      0.00000
     -0.83499177      0.99943370    0.0022148665      0.00000      0.00000
     -0.81781283       1.0017603    0.0022094749      0.00000      0.00000
     -0.80065585       1.0032312    0.0021813211      0.00000      0.00000
     -0.78350712      0.99393734    0.0022365433      0.00000      0.00000
     -0.76631989      0.99965585    0.0022791145      0.00000      0.00000
     -0.73201772       1.0002201    0.0021872409      0.00000      0.00000
     -0.71485827       1.0061935    0.0021850217      0.00000      0.00000
     -0.69768679      0.99864496    0.0021990234      0.00000      0.00000
     -0.68053768       1.0025146    0.0022099266      0.00000      0.00000
     -0.66338503       1.0048068    0.0022160444      0.00000      0.00000
     -0.64623282       1.0062134    0.0022400401      0.00000      0.00000
     -0.62907667      0.99649137    0.0022480415      0.00000      0.00000
     -0.61190716       1.0075890    0.0022797218      0.00000      0.00000
     -0.59474967       1.0014964    0.0022001260      0.00000      0.00000
     -0.57759460       1.0027726    0.0021988367      0.00000      0.00000
     -0.56041372      0.99485323    0.0021923389      0.00000      0.00000
     -0.54326313       1.0028719    0.0022248536      0.00000      0.00000
     -0.52607189       1.0088834    0.0021904564      0.00000      0.00000
     -0.50891352       1.0051897    0.0021717274      0.00000      0.00000
     -0.49168405      0.99904178    0.0021598100      0.00000      0.00000
     -0.47451943       1.0029460    0.0022145844      0.00000      0.00000
     -0.45732503       1.0058701    0.0022259462      0.00000      0.00000
     -0.44017357       1.0141521    0.0022080957      0.00000      0.00000
     -0.42301279       1.0048721    0.0021872357      0.00000      0.00000
     -0.40583064       1.0048361    0.0022041400      0.00000      0.00000
     -0.38865100       1.0005365    0.0021748157      0.00000      0.00000
     -0.37149500       1.0081198    0.0021996777      0.00000      0.00000
     -0.35434107      0.98816969    0.0021495100      0.00000      0.00000
     -0.33717167       1.0007437    0.0021565182      0.00000      0.00000
     -0.32001138       1.0010680    0.0021557205      0.00000      0.00000
     -0.30285690      0.99883185    0.0021800331      0.00000      0.00000
     -0.28569942       1.0011286    0.0022105784      0.00000      0.00000
     -0.26853983       1.0013595    0.0021925990      0.00000      0.00000
     -0.25137686       1.0028455    0.0021839247      0.00000      0.00000
     -0.23421697       1.0001132    0.0021850158      0.00000      0.00000
     -0.21703383       1.0043090    0.0021572986      0.00000      0.00000
     -0.19983917       1.0037065    0.0021879125      0.00000      0.00000
     -0.18265923       1.0003193    0.0021726412      0.00000      0.00000
     -0.16550921       1.0048401    0.0021603265      0.00000      0.00000
     -0.14835759       1.0076252    0.0021651126      0.00000      0.00000
     -0.13120325       1.0002765    0.0021517355      0.00000      0.00000
     -0.11404668       1.0051946    0.0021450387      0.00000      0.00000
    -0.096892018       1.0016882    0.0021583960      0.00000      0.00000
    -0.079706144       1.0023542    0.0021749955      0.00000      0.00000
    -0.062549081      0.99849357    0.0021554695      0.00000      0.00000
    -0.045385737       1.0023390    0.0021823061      0.00000      0.00000
    -0.028229568       1.0005817    0.0022112565      0.00000      0.00000
    -0.011077188       1.0045082    0.0022010264      0.00000      0.00000
    0.0060829930       1.0064774    0.0022187078      0.00000      0.00000
     0.023241006      0.99559488    0.0021862941      0.00000      0.00000
     0.040394884       1.0066058    0.0022179680      0.00000      0.00000
     0.057586715       1.0044480    0.0022035078      0.00000      0.00000
     0.074738078       1.0002884    0.0021915803      0.00000      0.00000
     0.091926958       1.0021440    0.0021876410      0.00000      0.00000
      0.10908441       1.0000083    0.0021613462      0.00000      0.00000
      0.12624985       1.0047455    0.0021750583      0.00000      0.00000
      0.14343952       1.0021205    0.0021571883      0.00000      0.00000
      0.16059910       1.0027997    0.0021584884      0.00000      0.00000
      0.17781410       1.0071340    0.0021394579      0.00000      0.00000
      0.19497075       1.0011791    0.0021464432      0.00000      0.00000
      0.21213238      0.99903737    0.0021380659      0.00000      0.00000
      0.22931802       1.0084349    0.0021833974      0.00000      0.00000
      0.24653504       1.0019752    0.0021507175      0.00000      0.00000
      0.26378680       1.0082399    0.0022108253      0.00000      0.00000
      0.28097971       1.0022069    0.0021729025      0.00000      0.00000
      0.29821431       1.0047325    0.0021681343      0.00000      0.00000
      0.31541125       1.0048673    0.0021749105      0.00000      0.00000
      0.33270907      0.99970220    0.0021446597      0.00000      0.00000
      0.35002717       1.0022114    0.0021572479      0.00000      0.00000
      0.36729911      0.99839413    0.0021510634      0.00000      0.00000
      0.38443540       1.0052152    0.0021824882      0.00000      0.00000
      0.40167135      0.99850461    0.0021802290      0.00000      0.00000
      0.41898493       1.0042338    0.0021803091      0.00000      0.00000
      0.43629516       1.0041357    0.0022105976      0.00000      0.00000
      0.45350696      0.99912902    0.0021532896      0.00000      0.00000
      0.47090033       1.0001653    0.0021577734      0.00000      0.00000
      0.48835700      0.99705046    0.0021673509      0.00000      0.00000
      0.50571612       1.0021268    0.0021822499      0.00000      0.00000
      0.52294159      0.99935294    0.0021682640      0.00000      0.00000
      0.54011025       1.0006076    0.0021987109      0.00000      0.00000
      0.55726436      0.99706101    0.0021793651      0.00000      0.00000
      0.57441739       1.0000876    0.0021693433      0.00000      0.00000
      0.59157442       1.0061034    0.0022068569      0.00000      0.00000
      0.60873171       1.0061940    0.0022132092      0.00000      0.00000
      0.62589252       1.0013861    0.0021772225      0.00000      0.00000
      0.64305001       1.0010058    0.0021841966      0.00000      0.00000
      0.66020143       1.0045179    0.0021775417      0.00000      0.00000
      0.67735273       1.0002489    0.0021761531      0.00000      0.00000
      0.69450846      0.99841370    0.0021709546      0.00000      0.00000
      0.71166889       1.0000049    0.0021637776      0.00000      0.00000
      0.72882775      0.99834433    0.0022064324      0.00000      0.00000
      0.74599063       1.0014802    0.0021551793      0.00000      0.00000
      0.76317700       1.0002197    0.0021528493      0.00000      0.00000
      0.78036917       1.0030096    0.0022144603      0.00000      0.00000
      0.81470158       1.0006912    0.0021586140      0.00000      0.00000
      0.83185868       1.0045029    0.0021822353      0.00000      0.00000
      0.84901674      0.99419443    0.0021786197      0.00000      0.00000
      0.86617046      0.99843805    0.0021755737      0.00000      0.00000
      0.88332214      0.99838602    0.0021651877      0.00000      0.00000
      0.90048270       1.0044340    0.0021753859      0.00000      0.00000
      0.91763412       1.0027899    0.0021878230      0.00000      0.00000
      0.93478792       1.0015689    0.0021778667      0.00000      0.00000
      0.95194602      0.99999176    0.0021812414      0.00000      0.00000
      0.96910892       1.0009576    0.0021758575      0.00000      0.00000
      0.98628861       1.0015842    0.0021815960      0.00000      0.00000
       1.0035013       1.0039273    0.0022237911      0.00000      0.00000
       1.0206516       1.0043094    0.0022060679      0.00000      0.00000
       1.0378065      0.99603658    0.0021916932      0.00000      0.00000
       1.0549635      0.99479711    0.0021865986      0.00000      0.00000
       1.0721177       1.0044702    0.0022204406      0.00000      0.00000
       1.0893100      0.99633426    0.0021816321      0.00000      0.00000
       1.1064706       1.0110590    0.0022340087      0.00000      0.00000
       1.1236278      0.99993821    0.0021906808      0.00000      0.00000
       1.1408128       1.0036856    0.0021956098      0.00000      0.00000
       1.1579989      0.99159611    0.0021855174      0.00000      0.00000
       1.1751856      0.99785324    0.0021992379      0.00000      0.00000
       1.1923734       1.0067730    0.0022153719      0.00000      0.00000
       1.2095557       1.0011861    0.0022079562      0.00000      0.00000
       1.2267322      0.99686411    0.0021973113      0.00000      0.00000
       1.2438903       1.0004725    0.0022043599      0.00000      0.00000
       1.2610724       1.0043527    0.0022168489      0.00000      0.00000
       1.2782571       1.0009320    0.0022287914      0.00000      0.00000
       1.2954189      0.99529300    0.0021837330      0.00000      0.00000
       1.3126110      0.99569815    0.0021874341      0.00000      0.00000
       1.3297718       1.0014999    0.0021969984      0.00000      0.00000
       1.3469247      0.99680497    0.0021885002      0.00000      0.00000
       1.3812403      0.99467809    0.0021905552      0.00000      0.00000
       1.4155817       1.0034198    0.0022080100      0.00000      0.00000
       1.4327269      0.99839298    0.0022006459      0.00000      0.00000
       1.4498929      0.99162485    0.0022626147      0.00000      0.00000
       1.4670406       1.0009927    0.0022263030      0.00000      0.00000
       1.4842200      0.99657384    0.0021917689      0.00000      0.00000
       1.5013747      0.99817093    0.0021811974      0.00000      0.00000
       1.5185259       1.0006266    0.0021927550      0.00000      0.00000
       1.5357130      0.99767769    0.0021900629      0.00000      0.00000
       1.5529072      0.99873345    0.0022156872      0.00000      0.00000
       1.5700583       1.0056557    0.0022051159      0.00000      0.00000
       1.5872133      0.99696514    0.0021967209      0.00000      0.00000
       1.6043720      0.99642808    0.0022176785      0.00000      0.00000
       1.6215549       1.0008861    0.0022388139      0.00000      0.00000
       1.6387078      0.99950467    0.0022053086      0.00000      0.00000
       1.6558656      0.99625605    0.0021884758      0.00000      0.00000
       1.6730446      0.99127427    0.0021831818      0.00000      0.00000
       1.6902109      0.99486556    0.0021994937      0.00000      0.00000
       1.7073672      0.99379672    0.0022380807      0.00000      0.00000
       1.7245177      0.99515376    0.0022175570      0.00000      0.00000
       1.7416723       1.0015635    0.0022470949      0.00000      0.00000
       1.7588465      0.99595881    0.0022078555      0.00000      0.00000
       1.7760022      0.99678406    0.0022093034      0.00000      0.00000
       1.7931647      0.99775229    0.0022214558      0.00000      0.00000
       1.8103677      0.99405969    0.0022230532      0.00000      0.00000
       1.8275192      0.99808385    0.0022341870      0.00000      0.00000
       1.8446959       1.0035326    0.0022312860      0.00000      0.00000
       1.8618395      0.99240087    0.0022180549      0.00000      0.00000
       1.8790021      0.99466671    0.0022116452      0.00000      0.00000
       1.8961957      0.99725556    0.0022395589      0.00000      0.00000
       1.9133663      0.99946831    0.0022292081      0.00000      0.00000
       1.9305401      0.99894943    0.0022440357      0.00000      0.00000
       1.9476975       1.0021310    0.0022513618      0.00000      0.00000
       1.9648636      0.99978889    0.0022492768      0.00000      0.00000
       1.9820230      0.99908372    0.0022596019      0.00000      0.00000
       1.9991862      0.99189152    0.0022292534      0.00000      0.00000
       2.0163497       1.0001613    0.0022753043      0.00000      0.00000
       2.0335066      0.99980859    0.0022669951      0.00000      0.00000
       2.0506635      0.99914028    0.0022234941      0.00000      0.00000
       2.0678104       1.0010569    0.0022413283      0.00000      0.00000
       2.0849738       1.0027751    0.0022406934      0.00000      0.00000
       2.1021310      0.99360947    0.0022238912      0.00000      0.00000
       2.1192868      0.99773613    0.0022165615      0.00000      0.00000
       2.1364658      0.99461339    0.0022332825      0.00000      0.00000
       2.1536434      0.99889792    0.0022164419      0.00000      0.00000
       2.1708035      0.99900663    0.0022163385      0.00000      0.00000
       2.1879862      0.99634761    0.0022113109      0.00000      0.00000
       2.2051383      0.99679278    0.0022021273      0.00000      0.00000
       2.2222890       1.0013544    0.0022268428      0.00000      0.00000
       2.2394492      0.99553996    0.0022146599      0.00000      0.00000
