#JD -  2457388 (hr) Flux  Fl_err  Model_fl   Residual for 2.35um (%) Airmass
      -2.4139274       1.0023822    0.0036596804      0.00000      0.00000       1.5900000
      -2.3967685      0.99805556    0.0036437628      0.00000      0.00000       1.5820000
      -2.3796119      0.98708259    0.0035505668      0.00000      0.00000       1.5750000
      -2.3624283      0.99184228    0.0036831070      0.00000      0.00000       1.5680000
      -2.3452542      0.98522903    0.0035061079      0.00000      0.00000       1.5610000
      -2.3280954      0.98989197    0.0034058457      0.00000      0.00000       1.5549999
      -2.3108841       1.0002132    0.0035807434      0.00000      0.00000       1.5480000
      -2.2937279       1.0031182    0.0036962257      0.00000      0.00000       1.5410000
      -2.2765756       1.0042899    0.0035860807      0.00000      0.00000       1.5350000
      -2.2594209      0.99387226    0.0036328828      0.00000      0.00000       1.5280000
      -2.2422617       1.0043373    0.0034548962      0.00000      0.00000       1.5220000
      -2.2251076      0.99754293    0.0033656818      0.00000      0.00000       1.5160000
      -2.2079540      0.98824621    0.0033865849      0.00000      0.00000       1.5100000
      -2.1907916      0.99854071    0.0033491452      0.00000      0.00000       1.5030000
      -2.1564684      0.99944602    0.0033366806      0.00000      0.00000       1.4920000
      -2.1393057      0.99508399    0.0033928056      0.00000      0.00000       1.4859999
      -2.1221514       1.0070231    0.0033641764      0.00000      0.00000       1.4800000
      -2.1049994      0.99759824    0.0033321887      0.00000      0.00000       1.4740000
      -2.0878427       1.0098797    0.0033987338      0.00000      0.00000       1.4690000
      -2.0706809      0.99525988    0.0033526798      0.00000      0.00000       1.4630001
      -2.0535003      0.99377347    0.0033554381      0.00000      0.00000       1.4570000
      -2.0363209       1.0069290    0.0032873929      0.00000      0.00000       1.4520000
      -2.0191896      0.99750416    0.0033109407      0.00000      0.00000       1.4470000
      -2.0020402       1.0084572    0.0035344654      0.00000      0.00000       1.4410000
      -1.9848875       1.0002994    0.0033792298      0.00000      0.00000       1.4360000
      -1.9677348      0.99513041    0.0033909757      0.00000      0.00000       1.4310000
      -1.9505772       1.0020374    0.0033977094      0.00000      0.00000       1.4260000
      -1.9334253      0.99294650    0.0033403841      0.00000      0.00000       1.4210000
      -1.9162731       1.0152735    0.0035591036      0.00000      0.00000       1.4160000
      -1.8991183       1.0095709    0.0035068495      0.00000      0.00000       1.4110000
      -1.8819675       1.0030552    0.0034768441      0.00000      0.00000       1.4060000
      -1.8648166      0.99760117    0.0034934526      0.00000      0.00000       1.4020000
      -1.8476630      0.99986039    0.0034800654      0.00000      0.00000       1.3970000
      -1.8305127       1.0033480    0.0034993287      0.00000      0.00000       1.3920000
      -1.8133558      0.99341049    0.0037857555      0.00000      0.00000       1.3880000
      -1.7961718       1.0027721    0.0034363551      0.00000      0.00000       1.3830000
      -1.7789818      0.99066389    0.0033578713      0.00000      0.00000       1.3789999
      -1.7618224       1.0030400    0.0034621009      0.00000      0.00000       1.3750000
      -1.7446703      0.99953841    0.0034068832      0.00000      0.00000       1.3700000
      -1.7275163      0.99604256    0.0033665106      0.00000      0.00000       1.3660001
      -1.7103350      0.99232565    0.0032558213      0.00000      0.00000       1.3620000
      -1.6931812       1.0102924    0.0034768587      0.00000      0.00000       1.3580000
      -1.6760198       1.0004499    0.0033405574      0.00000      0.00000       1.3530000
      -1.6588624      0.99672823    0.0034273136      0.00000      0.00000       1.3490000
      -1.6417030       1.0021744    0.0034749646      0.00000      0.00000       1.3450000
      -1.6245494       1.0092010    0.0033763002      0.00000      0.00000       1.3410000
      -1.6073352      0.99827653    0.0034149667      0.00000      0.00000       1.3380001
      -1.5901794       1.0031687    0.0033283387      0.00000      0.00000       1.3340000
      -1.5730222      0.99560613    0.0032927626      0.00000      0.00000       1.3300000
      -1.5558700       1.0027992    0.0033591638      0.00000      0.00000       1.3260000
      -1.5387079      0.99266844    0.0032820257      0.00000      0.00000       1.3220000
      -1.5215525      0.99500645    0.0033429461      0.00000      0.00000       1.3190000
      -1.5043944       1.0045728    0.0033605612      0.00000      0.00000       1.3150001
      -1.4872407      0.99736855    0.0033601499      0.00000      0.00000       1.3120000
      -1.4700676       1.0119679    0.0034468950      0.00000      0.00000       1.3080000
      -1.4528847       1.0015864    0.0033053355      0.00000      0.00000       1.3049999
      -1.4357223       1.0021997    0.0033540807      0.00000      0.00000       1.3010000
      -1.4185246      0.99400395    0.0033164250      0.00000      0.00000       1.2980000
      -1.4013444       1.0048971    0.0033103961      0.00000      0.00000       1.2950000
      -1.3841855      0.99517602    0.0034008213      0.00000      0.00000       1.2910000
      -1.3669997       1.0069287    0.0032778314      0.00000      0.00000       1.2880000
      -1.3498463       1.0032440    0.0032167255      0.00000      0.00000       1.2850000
      -1.3326628      0.99486595    0.0034510017      0.00000      0.00000       1.2819999
      -1.3154663       1.0104172    0.0033046638      0.00000      0.00000       1.2790000
      -1.2982878      0.99779146    0.0032501568      0.00000      0.00000       1.2760000
      -1.2811327      0.99496306    0.0032438385      0.00000      0.00000       1.2730000
      -1.2639686      0.99949511    0.0032004081      0.00000      0.00000       1.2700000
      -1.2468145       1.0022882    0.0031881908      0.00000      0.00000       1.2670000
      -1.2296646       1.0037759    0.0033132777      0.00000      0.00000       1.2640001
      -1.2125125       1.0043159    0.0031866972      0.00000      0.00000       1.2610000
      -1.1953755       1.0003495    0.0032101280      0.00000      0.00000       1.2580000
      -1.1782241      0.99518216    0.0031844999      0.00000      0.00000       1.2550000
      -1.1610706      0.99781930    0.0031615093      0.00000      0.00000       1.2530000
      -1.1267321       1.0039170    0.0032332114      0.00000      0.00000       1.2470000
      -1.1095584       1.0054585    0.0032888292      0.00000      0.00000       1.2450000
      -1.0924102       1.0079502    0.0032844043      0.00000      0.00000       1.2420000
      -1.0752579       1.0067055    0.0032341155      0.00000      0.00000       1.2400000
      -1.0580962       1.0022444    0.0032266854      0.00000      0.00000       1.2370000
      -1.0409426       1.0066835    0.0031332208      0.00000      0.00000       1.2350000
      -1.0237881       1.0140350    0.0032607822      0.00000      0.00000       1.2320000
      -1.0066325       1.0098286    0.0031729874      0.00000      0.00000       1.2300000
     -0.98947485       1.0071374    0.0032683231      0.00000      0.00000       1.2270000
     -0.95515907       1.0098436    0.0033314346      0.00000      0.00000       1.2230000
     -0.93798331       1.0053849    0.0032652869      0.00000      0.00000       1.2200000
     -0.92082277       1.0025324    0.0032023394      0.00000      0.00000       1.2180001
     -0.90363025      0.99846015    0.0031892221      0.00000      0.00000       1.2160000
     -0.88647098      0.99749233    0.0032418260      0.00000      0.00000       1.2140000
     -0.86930338       1.0049371    0.0033580516      0.00000      0.00000       1.2120000
     -0.85214707       1.0002263    0.0033532290      0.00000      0.00000       1.2100000
     -0.83499177       1.0110665    0.0033545837      0.00000      0.00000       1.2079999
     -0.81781283       1.0029929    0.0032760895      0.00000      0.00000       1.2060000
     -0.80065585      0.99998542    0.0032357047      0.00000      0.00000       1.2040000
     -0.78350712       1.0090728    0.0033980609      0.00000      0.00000       1.2020000
     -0.76631989       1.0094025    0.0035681673      0.00000      0.00000       1.2000000
     -0.74916646       1.0048761    0.0032292193      0.00000      0.00000       1.1980000
     -0.73201772       1.0055211    0.0032151763      0.00000      0.00000       1.1960000
     -0.71485827      0.99769534    0.0031832821      0.00000      0.00000       1.1940000
     -0.69768679       1.0011957    0.0032313666      0.00000      0.00000       1.1920000
     -0.68053768       1.0025568    0.0032674294      0.00000      0.00000       1.1910000
     -0.66338503       1.0050018    0.0032776744      0.00000      0.00000       1.1890000
     -0.64623282       1.0013965    0.0033149331      0.00000      0.00000       1.1870000
     -0.62907667      0.99938511    0.0033073915      0.00000      0.00000       1.1849999
     -0.61190716       1.0076507    0.0033804695      0.00000      0.00000       1.1840000
     -0.59474967       1.0065314    0.0032668351      0.00000      0.00000       1.1820000
     -0.57759460      0.99635805    0.0031936109      0.00000      0.00000       1.1810000
     -0.56041372       1.0027759    0.0032196776      0.00000      0.00000       1.1790000
     -0.54326313       1.0074816    0.0032514020      0.00000      0.00000       1.1780000
     -0.52607189       1.0142164    0.0032454988      0.00000      0.00000       1.1760000
     -0.50891352       1.0000370    0.0031394401      0.00000      0.00000       1.1750000
     -0.49168405       1.0064308    0.0031613783      0.00000      0.00000       1.1730000
     -0.47451943       1.0054124    0.0032810885      0.00000      0.00000       1.1720001
     -0.45732503       1.0026872    0.0032491762      0.00000      0.00000       1.1700000
     -0.44017357       1.0067930    0.0032058059      0.00000      0.00000       1.1690000
     -0.42301279      0.99721107    0.0032169447      0.00000      0.00000       1.1680000
     -0.40583064      0.99783352    0.0032064423      0.00000      0.00000       1.1660000
     -0.38865100       1.0032109    0.0031538978      0.00000      0.00000       1.1650000
     -0.37149500       1.0026578    0.0031744984      0.00000      0.00000       1.1640000
     -0.35434107       1.0030204    0.0031839803      0.00000      0.00000       1.1630000
     -0.33717167       1.0168897    0.0032035888      0.00000      0.00000       1.1610000
     -0.32001138       1.0021838    0.0031607534      0.00000      0.00000       1.1600000
     -0.30285690       1.0055849    0.0032284687      0.00000      0.00000       1.1590000
     -0.28569942       1.0131044    0.0033114760      0.00000      0.00000       1.1580000
     -0.26853983       1.0032746    0.0032515608      0.00000      0.00000       1.1569999
     -0.25137686       1.0014984    0.0031840779      0.00000      0.00000       1.1560000
     -0.23421697      0.99658676    0.0031409834      0.00000      0.00000       1.1550000
     -0.21703383      0.99338399    0.0031109586      0.00000      0.00000       1.1540000
     -0.19983917      0.99947963    0.0032182493      0.00000      0.00000       1.1530000
     -0.18265923       1.0025994    0.0032018156      0.00000      0.00000       1.1520000
     -0.16550921       1.0010069    0.0031625374      0.00000      0.00000       1.1510000
     -0.14835759      0.98469834    0.0031268185      0.00000      0.00000       1.1500000
     -0.13120325      0.99909567    0.0031472951      0.00000      0.00000       1.1490000
     -0.11404668       1.0058311    0.0031355192      0.00000      0.00000       1.1480000
    -0.096892018       1.0094444    0.0031690933      0.00000      0.00000       1.1470000
    -0.079706144      0.99714741    0.0031880585      0.00000      0.00000       1.1470000
    -0.062549081       1.0003195    0.0031646656      0.00000      0.00000       1.1460000
    -0.045385737      0.99640394    0.0031937713      0.00000      0.00000       1.1450000
    -0.028229568       1.0015402    0.0033022320      0.00000      0.00000       1.1440001
    -0.011077188      0.99255231    0.0032427947      0.00000      0.00000       1.1440001
    0.0060829930       1.0044127    0.0033012806      0.00000      0.00000       1.1430000
     0.023241006       1.0016604    0.0032154952      0.00000      0.00000       1.1420000
     0.040394884      0.99910501    0.0033041542      0.00000      0.00000       1.1420000
     0.057586715      0.99403018    0.0032263412      0.00000      0.00000       1.1410000
     0.074738078      0.99602077    0.0032833136      0.00000      0.00000       1.1410000
     0.091926958       1.0016256    0.0032091099      0.00000      0.00000       1.1400000
      0.10908441      0.99584302    0.0031618142      0.00000      0.00000       1.1400000
      0.12624985      0.99266151    0.0031381393      0.00000      0.00000       1.1390001
      0.14343952      0.99751474    0.0031364383      0.00000      0.00000       1.1390001
      0.16059910       1.0033929    0.0031298974      0.00000      0.00000       1.1380000
      0.17781410      0.99822140    0.0030596208      0.00000      0.00000       1.1380000
      0.19497075      0.99595355    0.0030874556      0.00000      0.00000       1.1370000
      0.21213238      0.99914822    0.0030923063      0.00000      0.00000       1.1370000
      0.22931802      0.99785317    0.0031066125      0.00000      0.00000       1.1370000
      0.24653504      0.99738011    0.0031016121      0.00000      0.00000       1.1360000
      0.26378680       1.0020971    0.0032487938      0.00000      0.00000       1.1360000
      0.28097971       1.0020760    0.0031134678      0.00000      0.00000       1.1360000
      0.29821431      0.99610543    0.0031215079      0.00000      0.00000       1.1360000
      0.31541125      0.99555029    0.0031055201      0.00000      0.00000       1.1350000
      0.33270907       1.0058369    0.0031286841      0.00000      0.00000       1.1350000
      0.35002717      0.99851119    0.0031015385      0.00000      0.00000       1.1350000
      0.36729911      0.99837221    0.0031027070      0.00000      0.00000       1.1350000
      0.38443540      0.99909203    0.0031518474      0.00000      0.00000       1.1350000
      0.40167135      0.99329409    0.0031464937      0.00000      0.00000       1.1350000
      0.41898493       1.0019292    0.0031773414      0.00000      0.00000       1.1339999
      0.43629516       1.0068755    0.0032279786      0.00000      0.00000       1.1339999
      0.45350696      0.99651518    0.0030691524      0.00000      0.00000       1.1339999
      0.47090033      0.99948034    0.0030960122      0.00000      0.00000       1.1339999
      0.48835700       1.0007148    0.0031231620      0.00000      0.00000       1.1339999
      0.50571612      0.98618938    0.0030937565      0.00000      0.00000       1.1339999
      0.52294159       1.0019799    0.0031474819      0.00000      0.00000       1.1339999
      0.54011025       1.0092059    0.0031592310      0.00000      0.00000       1.1350000
      0.55726436      0.99296918    0.0031256295      0.00000      0.00000       1.1350000
      0.57441739      0.99659850    0.0030797642      0.00000      0.00000       1.1350000
      0.59157442      0.98764733    0.0031120809      0.00000      0.00000       1.1350000
      0.60873171      0.99689265    0.0031476768      0.00000      0.00000       1.1350000
      0.62589252      0.99678470    0.0030929687      0.00000      0.00000       1.1350000
      0.64305001      0.99830596    0.0031328096      0.00000      0.00000       1.1360000
      0.66020143      0.99901306    0.0031114077      0.00000      0.00000       1.1360000
      0.67735273       1.0078150    0.0031444770      0.00000      0.00000       1.1360000
      0.69450846      0.99652380    0.0031272148      0.00000      0.00000       1.1370000
      0.71166889      0.98433181    0.0030515033      0.00000      0.00000       1.1370000
      0.72882775      0.99911621    0.0032296782      0.00000      0.00000       1.1370000
      0.74599063      0.99706009    0.0030753012      0.00000      0.00000       1.1380000
      0.76317700      0.98517043    0.0030196198      0.00000      0.00000       1.1380000
      0.78036917      0.99317867    0.0031630772      0.00000      0.00000       1.1380000
      0.79755127      0.99915694    0.0031116335      0.00000      0.00000       1.1390001
      0.81470158      0.99491860    0.0030921000      0.00000      0.00000       1.1390001
      0.83185868      0.99295593    0.0031418782      0.00000      0.00000       1.1400000
      0.84901674      0.99547017    0.0031140590      0.00000      0.00000       1.1400000
      0.86617046      0.99262212    0.0031014746      0.00000      0.00000       1.1410000
      0.88332214      0.99061676    0.0030743720      0.00000      0.00000       1.1420000
      0.90048270       1.0017428    0.0030859259      0.00000      0.00000       1.1420000
      0.91763412      0.99971830    0.0031538909      0.00000      0.00000       1.1430000
      0.93478792      0.99877813    0.0031050158      0.00000      0.00000       1.1440001
      0.95194602      0.99959559    0.0031265177      0.00000      0.00000       1.1440001
      0.96910892      0.99570448    0.0031109739      0.00000      0.00000       1.1450000
      0.98628861       1.0041893    0.0031527050      0.00000      0.00000       1.1460000
       1.0035013      0.99044390    0.0032511061      0.00000      0.00000       1.1460000
       1.0206516      0.99304262    0.0030923779      0.00000      0.00000       1.1470000
       1.0378065      0.99976712    0.0031498095      0.00000      0.00000       1.1480000
       1.0549635      0.99535618    0.0031638702      0.00000      0.00000       1.1490000
       1.0721177       1.0109797    0.0032215766      0.00000      0.00000       1.1500000
       1.0893100       1.0005227    0.0031361170      0.00000      0.00000       1.1510000
       1.1064706      0.99677616    0.0031621793      0.00000      0.00000       1.1520000
       1.1236278      0.99440952    0.0031101875      0.00000      0.00000       1.1520000
       1.1408128      0.99601206    0.0031104323      0.00000      0.00000       1.1530000
       1.1579989       1.0090388    0.0032232578      0.00000      0.00000       1.1540000
       1.1751856      0.99577099    0.0031041141      0.00000      0.00000       1.1550000
       1.1923734      0.99564330    0.0031239810      0.00000      0.00000       1.1560000
       1.2095557      0.99996363    0.0031286779      0.00000      0.00000       1.1580000
       1.2267322      0.99308566    0.0031136543      0.00000      0.00000       1.1590000
       1.2438903      0.99532674    0.0031147836      0.00000      0.00000       1.1600000
       1.2610724      0.99712704    0.0031455878      0.00000      0.00000       1.1610000
       1.2782571      0.99908429    0.0031221776      0.00000      0.00000       1.1619999
       1.2954189      0.99431375    0.0030414489      0.00000      0.00000       1.1630000
       1.3126110      0.98778631    0.0030625524      0.00000      0.00000       1.1650000
       1.3297718      0.99932615    0.0031383606      0.00000      0.00000       1.1660000
       1.3469247       1.0004920    0.0031405360      0.00000      0.00000       1.1670001
       1.3640834      0.98625349    0.0030450509      0.00000      0.00000       1.1680000
       1.3812403      0.99196543    0.0030820741      0.00000      0.00000       1.1700000
       1.3984073      0.99760864    0.0031299360      0.00000      0.00000       1.1710000
       1.4155817       1.0066218    0.0031033398      0.00000      0.00000       1.1730000
       1.4327269       1.0014106    0.0031136787      0.00000      0.00000       1.1740000
       1.4498929      0.99794379    0.0032957241      0.00000      0.00000       1.1750000
       1.4670406       1.0021426    0.0031843422      0.00000      0.00000       1.1770000
       1.4842200      0.99217600    0.0030741855      0.00000      0.00000       1.1790000
       1.5013747      0.99259597    0.0030451430      0.00000      0.00000       1.1799999
       1.5185259      0.99091252    0.0030611724      0.00000      0.00000       1.1820000
       1.5357130       1.0004471    0.0031387975      0.00000      0.00000       1.1830000
       1.5529072      0.99187927    0.0031046893      0.00000      0.00000       1.1849999
       1.5700583      0.99283081    0.0031088033      0.00000      0.00000       1.1870000
       1.5872133      0.99737691    0.0031853936      0.00000      0.00000       1.1880000
       1.6043720       1.0024108    0.0032037305      0.00000      0.00000       1.1900001
       1.6215549       1.0088623    0.0032719060      0.00000      0.00000       1.1920000
       1.6387078      0.99633084    0.0031264295      0.00000      0.00000       1.1940000
       1.6558656      0.99592261    0.0031027104      0.00000      0.00000       1.1950001
       1.6730446      0.99736437    0.0030855827      0.00000      0.00000       1.1970000
       1.6902109       1.0014644    0.0031815433      0.00000      0.00000       1.1990000
       1.7073672       1.0033716    0.0031500342      0.00000      0.00000       1.2010000
       1.7245177       1.0000000    0.0031027122      0.00000      0.00000       1.2029999
       1.7416723      0.99668226    0.0031391820      0.00000      0.00000       1.2050000
       1.7588465      0.99619479    0.0031084170      0.00000      0.00000       1.2070000
       1.7760022       1.0028545    0.0031492103      0.00000      0.00000       1.2090000
       1.7931647       1.0068639    0.0031703156      0.00000      0.00000       1.2110000
       1.8103677       1.0012555    0.0032095371      0.00000      0.00000       1.2130001
       1.8275192       1.0045208    0.0031634273      0.00000      0.00000       1.2150000
       1.8446959       1.0035144    0.0031419518      0.00000      0.00000       1.2180001
       1.8618395       1.0035417    0.0032020990      0.00000      0.00000       1.2200000
       1.8790021       1.0030488    0.0031918328      0.00000      0.00000       1.2220000
       1.8961957       1.0123961    0.0032864210      0.00000      0.00000       1.2240000
       1.9133663       1.0047728    0.0031574970      0.00000      0.00000       1.2270000
       1.9305401       1.0050071    0.0031745716      0.00000      0.00000       1.2290000
       1.9476975      0.99883122    0.0032051185      0.00000      0.00000       1.2309999
       1.9648636       1.0020808    0.0031827444      0.00000      0.00000       1.2340000
       1.9820230       1.0053138    0.0032572236      0.00000      0.00000       1.2359999
       1.9991862       1.0066261    0.0032195776      0.00000      0.00000       1.2390000
       2.0163497       1.0156366    0.0033086055      0.00000      0.00000       1.2410001
       2.0335066       1.0143532    0.0032768853      0.00000      0.00000       1.2440000
       2.0506635       1.0147302    0.0032152031      0.00000      0.00000       1.2460001
       2.0678104      0.99956064    0.0031660498      0.00000      0.00000       1.2490000
       2.0849738       1.0054145    0.0032232682      0.00000      0.00000       1.2520000
       2.1021310       1.0034021    0.0032384501      0.00000      0.00000       1.2539999
       2.1192868       1.0145270    0.0032261988      0.00000      0.00000       1.2570000
       2.1364658      0.99935390    0.0031882360      0.00000      0.00000       1.2600000
       2.1536434       1.0007790    0.0031849612      0.00000      0.00000       1.2630000
       2.1708035       1.0103836    0.0032346025      0.00000      0.00000       1.2660000
       2.1879862       1.0099161    0.0032306771      0.00000      0.00000       1.2690001
       2.2051383       1.0115540    0.0031863165      0.00000      0.00000       1.2720000
       2.2222890      0.99638028    0.0031958478      0.00000      0.00000       1.2750000
       2.2394492       1.0066216    0.0032742176      0.00000      0.00000       1.2780000
