#JD -  2457388 (hr) Flux  Fl_err  Model_fl   Residual for 1.62um (%) Airmass
      -2.4139274       1.0004129    0.0022785173      0.00000      0.00000       1.5900000
      -2.3967685       1.0040395    0.0022880039      0.00000      0.00000       1.5820000
      -2.3796119      0.99461338    0.0022367354      0.00000      0.00000       1.5750000
      -2.3624283       1.0032631    0.0023002600      0.00000      0.00000       1.5680000
      -2.3452542      0.99219452    0.0022295380      0.00000      0.00000       1.5610000
      -2.3280954      0.99562623    0.0021672493      0.00000      0.00000       1.5549999
      -2.3108841      0.99666859    0.0022312930      0.00000      0.00000       1.5480000
      -2.2937279      0.99659574    0.0022860365      0.00000      0.00000       1.5410000
      -2.2765756      0.99937265    0.0022343080      0.00000      0.00000       1.5350000
      -2.2594209       1.0017027    0.0023124744      0.00000      0.00000       1.5280000
      -2.2422617      0.99823511    0.0021492234      0.00000      0.00000       1.5220000
      -2.2251076      0.99235625    0.0020735597      0.00000      0.00000       1.5160000
      -2.2079540      0.99832284    0.0021038744      0.00000      0.00000       1.5100000
      -2.1907916      0.99873810    0.0020691061      0.00000      0.00000       1.5030000
      -2.1564684      0.99324085    0.0020592011      0.00000      0.00000       1.4920000
      -2.1393057      0.99466200    0.0020771159      0.00000      0.00000       1.4859999
      -2.1221514      0.99356829    0.0020726188      0.00000      0.00000       1.4800000
      -2.1049994      0.99868584    0.0020606410      0.00000      0.00000       1.4740000
      -2.0878427      0.99461024    0.0020759124      0.00000      0.00000       1.4690000
      -2.0706809      0.99039630    0.0020584097      0.00000      0.00000       1.4630001
      -2.0535003      0.99654952    0.0020380372      0.00000      0.00000       1.4570000
      -2.0363209      0.98895555    0.0020000642      0.00000      0.00000       1.4520000
      -2.0191896      0.99308473    0.0020572125      0.00000      0.00000       1.4470000
      -2.0020402      0.99824140    0.0021392246      0.00000      0.00000       1.4410000
      -1.9848875       1.0018985    0.0020818464      0.00000      0.00000       1.4360000
      -1.9677348      0.99513142    0.0020498530      0.00000      0.00000       1.4310000
      -1.9505772      0.99901626    0.0020589409      0.00000      0.00000       1.4260000
      -1.9334253      0.99903727    0.0020694836      0.00000      0.00000       1.4210000
      -1.9162731       1.0000000    0.0021441266      0.00000      0.00000       1.4160000
      -1.8991183       1.0098531    0.0021454230      0.00000      0.00000       1.4110000
      -1.8819675      0.99413727    0.0020911282      0.00000      0.00000       1.4060000
      -1.8648166       1.0007382    0.0021216010      0.00000      0.00000       1.4020000
      -1.8476630      0.99537535    0.0021039507      0.00000      0.00000       1.3970000
      -1.8305127      0.99538957    0.0021170866      0.00000      0.00000       1.3920000
      -1.8133558       1.0041971    0.0023753854      0.00000      0.00000       1.3880000
      -1.7961718      0.99897930    0.0020900212      0.00000      0.00000       1.3830000
      -1.7618224      0.99698098    0.0020766075      0.00000      0.00000       1.3750000
      -1.7446703      0.99493479    0.0020390041      0.00000      0.00000       1.3700000
      -1.7275163      0.99559175    0.0020296511      0.00000      0.00000       1.3660001
      -1.7103350      0.99701373    0.0019999709      0.00000      0.00000       1.3620000
      -1.6931812      0.99810331    0.0020561122      0.00000      0.00000       1.3580000
      -1.6760198      0.99207082    0.0020051652      0.00000      0.00000       1.3530000
      -1.6588624      0.99868898    0.0020620317      0.00000      0.00000       1.3490000
      -1.6417030      0.99207437    0.0020609779      0.00000      0.00000       1.3450000
      -1.6245494       1.0024695    0.0019882760      0.00000      0.00000       1.3410000
      -1.6073352      0.99772600    0.0019903978      0.00000      0.00000       1.3380001
      -1.5901794      0.99566178    0.0019391007      0.00000      0.00000       1.3340000
      -1.5730222      0.98909248    0.0019381600      0.00000      0.00000       1.3300000
      -1.5558700      0.99564252    0.0019695912      0.00000      0.00000       1.3260000
      -1.5387079       1.0009214    0.0019614114      0.00000      0.00000       1.3220000
      -1.5215525      0.99391484    0.0019465457      0.00000      0.00000       1.3190000
      -1.5043944       1.0038208    0.0019895044      0.00000      0.00000       1.3150001
      -1.4872407      0.99421127    0.0019362121      0.00000      0.00000       1.3120000
      -1.4700676       1.0010177    0.0019834879      0.00000      0.00000       1.3080000
      -1.4528847      0.99890191    0.0019279042      0.00000      0.00000       1.3049999
      -1.4357223       1.0042422    0.0019659566      0.00000      0.00000       1.3010000
      -1.4185246      0.99940804    0.0019344820      0.00000      0.00000       1.2980000
      -1.4013444      0.99675417    0.0019134875      0.00000      0.00000       1.2950000
      -1.3841855      0.99993005    0.0019459854      0.00000      0.00000       1.2910000
      -1.3669997       1.0013806    0.0019041142      0.00000      0.00000       1.2880000
      -1.3498463      0.99557661    0.0018521908      0.00000      0.00000       1.2850000
      -1.3326628      0.99929244    0.0019849304      0.00000      0.00000       1.2819999
      -1.3154663       1.0030545    0.0018938084      0.00000      0.00000       1.2790000
      -1.2982878       1.0005675    0.0018915332      0.00000      0.00000       1.2760000
      -1.2811327       1.0005681    0.0019053702      0.00000      0.00000       1.2730000
      -1.2639686      0.99556719    0.0018542657      0.00000      0.00000       1.2700000
      -1.2468145      0.99689929    0.0018524437      0.00000      0.00000       1.2670000
      -1.2296646       1.0027958    0.0019129179      0.00000      0.00000       1.2640001
      -1.2125125       1.0004701    0.0018331244      0.00000      0.00000       1.2610000
      -1.1953755      0.99844919    0.0018642091      0.00000      0.00000       1.2580000
      -1.1782241       1.0041145    0.0018825005      0.00000      0.00000       1.2550000
      -1.1610706       1.0051054    0.0018857008      0.00000      0.00000       1.2530000
      -1.1439169       1.0042756    0.0019197456      0.00000      0.00000       1.2500000
      -1.1267321      0.99867964    0.0018927937      0.00000      0.00000       1.2470000
      -1.1095584       1.0026501    0.0019395069      0.00000      0.00000       1.2450000
      -1.0752579       1.0029243    0.0019056988      0.00000      0.00000       1.2400000
      -1.0580962       1.0031819    0.0019099064      0.00000      0.00000       1.2370000
      -1.0409426       1.0001110    0.0018591554      0.00000      0.00000       1.2350000
      -1.0237881       1.0014512    0.0019061683      0.00000      0.00000       1.2320000
      -1.0066325      0.99964370    0.0018709230      0.00000      0.00000       1.2300000
     -0.98947485       1.0003028    0.0019124673      0.00000      0.00000       1.2270000
     -0.97231195       1.0046168    0.0018940993      0.00000      0.00000       1.2250000
     -0.95515907       1.0073157    0.0019125934      0.00000      0.00000       1.2230000
     -0.93798331       1.0013525    0.0018894686      0.00000      0.00000       1.2200000
     -0.92082277       1.0008799    0.0018769304      0.00000      0.00000       1.2180001
     -0.90363025      0.99917709    0.0018670956      0.00000      0.00000       1.2160000
     -0.88647098      0.99969306    0.0019164077      0.00000      0.00000       1.2140000
     -0.86930338       1.0040070    0.0019470124      0.00000      0.00000       1.2120000
     -0.85214707       1.0035155    0.0019483803      0.00000      0.00000       1.2100000
     -0.83499177       1.0008752    0.0019429848      0.00000      0.00000       1.2079999
     -0.81781283       1.0007531    0.0019085023      0.00000      0.00000       1.2060000
     -0.78350712       1.0056558    0.0019820204      0.00000      0.00000       1.2020000
     -0.76631989       1.0000376    0.0019711112      0.00000      0.00000       1.2000000
     -0.74916646      0.99950983    0.0018752809      0.00000      0.00000       1.1980000
     -0.73201772       1.0063501    0.0019108079      0.00000      0.00000       1.1960000
     -0.71485827      0.99769789    0.0018779301      0.00000      0.00000       1.1940000
     -0.69768679       1.0043259    0.0019195741      0.00000      0.00000       1.1920000
     -0.68053768       1.0016552    0.0019306166      0.00000      0.00000       1.1910000
     -0.66338503       1.0039349    0.0019393625      0.00000      0.00000       1.1890000
     -0.64623282       1.0013361    0.0019600256      0.00000      0.00000       1.1870000
     -0.62907667       1.0006878    0.0019948497      0.00000      0.00000       1.1849999
     -0.61190716       1.0031739    0.0020053923      0.00000      0.00000       1.1840000
     -0.59474967       1.0021104    0.0019258123      0.00000      0.00000       1.1820000
     -0.57759460       1.0026176    0.0018997154      0.00000      0.00000       1.1810000
     -0.56041372       1.0027740    0.0019339461      0.00000      0.00000       1.1790000
     -0.54326313       1.0067923    0.0019232398      0.00000      0.00000       1.1780000
     -0.52607189       1.0031006    0.0019050827      0.00000      0.00000       1.1760000
     -0.50891352       1.0036118    0.0018804229      0.00000      0.00000       1.1750000
     -0.49168405       1.0015086    0.0019061381      0.00000      0.00000       1.1730000
     -0.47451943       1.0076897    0.0019645597      0.00000      0.00000       1.1720001
     -0.45732503       1.0012534    0.0019272668      0.00000      0.00000       1.1700000
     -0.44017357       1.0021690    0.0019143962      0.00000      0.00000       1.1690000
     -0.42301279       1.0025334    0.0019141298      0.00000      0.00000       1.1680000
     -0.40583064       1.0010523    0.0019184147      0.00000      0.00000       1.1660000
     -0.38865100       1.0029466    0.0018864620      0.00000      0.00000       1.1650000
     -0.37149500       1.0034014    0.0018986439      0.00000      0.00000       1.1640000
     -0.35434107       1.0081978    0.0019086683      0.00000      0.00000       1.1630000
     -0.33717167       1.0018346    0.0018581269      0.00000      0.00000       1.1610000
     -0.32001138       1.0078084    0.0018743753      0.00000      0.00000       1.1600000
     -0.30285690       1.0040753    0.0018873633      0.00000      0.00000       1.1590000
     -0.28569942       1.0033216    0.0019254922      0.00000      0.00000       1.1580000
     -0.26853983       1.0073858    0.0019076456      0.00000      0.00000       1.1569999
     -0.25137686       1.0002286    0.0018685392      0.00000      0.00000       1.1560000
     -0.23421697      0.99854560    0.0018586010      0.00000      0.00000       1.1550000
     -0.21703383      0.99708261    0.0018330489      0.00000      0.00000       1.1540000
     -0.19983917       1.0085302    0.0018951909      0.00000      0.00000       1.1530000
     -0.18265923       1.0043687    0.0018834603      0.00000      0.00000       1.1520000
     -0.16550921       1.0011764    0.0018495462      0.00000      0.00000       1.1510000
     -0.14835759       1.0107631    0.0018588967      0.00000      0.00000       1.1500000
     -0.13120325       1.0034491    0.0018457629      0.00000      0.00000       1.1490000
     -0.11404668      0.99690971    0.0018228534      0.00000      0.00000       1.1480000
    -0.096892018      0.99909134    0.0018272866      0.00000      0.00000       1.1470000
    -0.079706144       1.0022355    0.0018632364      0.00000      0.00000       1.1470000
    -0.062549081       1.0093823    0.0018648662      0.00000      0.00000       1.1460000
    -0.045385737       1.0019332    0.0018633872      0.00000      0.00000       1.1450000
    -0.028229568       1.0051848    0.0019209895      0.00000      0.00000       1.1440001
    -0.011077188       1.0000846    0.0019003211      0.00000      0.00000       1.1440001
    0.0060829930       1.0065166    0.0019179252      0.00000      0.00000       1.1430000
     0.023241006       1.0056644    0.0018904402      0.00000      0.00000       1.1420000
     0.040394884       1.0031544    0.0018982146      0.00000      0.00000       1.1420000
     0.057586715       1.0054348    0.0018969073      0.00000      0.00000       1.1410000
     0.074738078      0.99771244    0.0018700119      0.00000      0.00000       1.1410000
     0.091926958       1.0074742    0.0018661855      0.00000      0.00000       1.1400000
      0.10908441      0.99762802    0.0018493376      0.00000      0.00000       1.1400000
      0.12624985      0.99752929    0.0018499261      0.00000      0.00000       1.1390001
      0.14343952       1.0010078    0.0018352558      0.00000      0.00000       1.1390001
      0.16059910       1.0042657    0.0018424935      0.00000      0.00000       1.1380000
      0.17781410       1.0017101    0.0017992785      0.00000      0.00000       1.1380000
      0.19497075      0.99526844    0.0018048840      0.00000      0.00000       1.1370000
      0.21213238       1.0000782    0.0018260921      0.00000      0.00000       1.1370000
      0.22931802      0.99959351    0.0018385844      0.00000      0.00000       1.1370000
      0.24653504      0.99533260    0.0018274240      0.00000      0.00000       1.1360000
      0.26378680       1.0027368    0.0018974638      0.00000      0.00000       1.1360000
      0.28097971      0.99691740    0.0018318034      0.00000      0.00000       1.1360000
      0.29821431       1.0011292    0.0018424041      0.00000      0.00000       1.1360000
      0.31541125       1.0004046    0.0018387244      0.00000      0.00000       1.1350000
      0.33270907      0.99438938    0.0018195656      0.00000      0.00000       1.1350000
      0.35002717      0.99424443    0.0018385891      0.00000      0.00000       1.1350000
      0.36729911      0.99788476    0.0018351845      0.00000      0.00000       1.1350000
      0.38443540       1.0005349    0.0018607627      0.00000      0.00000       1.1350000
      0.40167135       1.0007029    0.0018608638      0.00000      0.00000       1.1350000
      0.41898493       1.0010088    0.0018649824      0.00000      0.00000       1.1339999
      0.43629516      0.99862044    0.0018716755      0.00000      0.00000       1.1339999
      0.45350696       1.0032607    0.0018449432      0.00000      0.00000       1.1339999
      0.47090033      0.99423839    0.0018316252      0.00000      0.00000       1.1339999
      0.48835700      0.99899898    0.0018528591      0.00000      0.00000       1.1339999
      0.50571612      0.99770227    0.0018755742      0.00000      0.00000       1.1339999
      0.52294159       1.0001983    0.0018728789      0.00000      0.00000       1.1339999
      0.54011025      0.99620380    0.0018631763      0.00000      0.00000       1.1350000
      0.55726436       1.0007300    0.0018785296      0.00000      0.00000       1.1350000
      0.57441739      0.99833905    0.0018729289      0.00000      0.00000       1.1350000
      0.59157442      0.99687374    0.0018974322      0.00000      0.00000       1.1350000
      0.60873171       1.0014695    0.0019171346      0.00000      0.00000       1.1350000
      0.62589252      0.99922273    0.0018754955      0.00000      0.00000       1.1350000
      0.64305001      0.99914203    0.0019143578      0.00000      0.00000       1.1360000
      0.66020143      0.99996659    0.0018612948      0.00000      0.00000       1.1360000
      0.67735273       1.0034141    0.0018918553      0.00000      0.00000       1.1360000
      0.69450846       1.0019152    0.0019003183      0.00000      0.00000       1.1370000
      0.71166889      0.99921984    0.0018599757      0.00000      0.00000       1.1370000
      0.72882775       1.0009152    0.0019258261      0.00000      0.00000       1.1370000
      0.74599063      0.98886054    0.0018237429      0.00000      0.00000       1.1380000
      0.76317700      0.99472113    0.0018288076      0.00000      0.00000       1.1380000
      0.78036917       1.0020648    0.0018947748      0.00000      0.00000       1.1380000
      0.79755127       1.0013412    0.0018540104      0.00000      0.00000       1.1390001
      0.81470158      0.99419366    0.0018416623      0.00000      0.00000       1.1390001
      0.83185868       1.0025079    0.0018790863      0.00000      0.00000       1.1400000
      0.84901674       1.0037613    0.0018783056      0.00000      0.00000       1.1400000
      0.86617046       1.0028361    0.0018743180      0.00000      0.00000       1.1410000
      0.88332214       1.0004273    0.0018764093      0.00000      0.00000       1.1420000
      0.90048270      0.99582187    0.0018622554      0.00000      0.00000       1.1420000
      0.91763412      0.99732546    0.0018840986      0.00000      0.00000       1.1430000
      0.93478792      0.99575811    0.0018576789      0.00000      0.00000       1.1440001
      0.95194602      0.99937248    0.0018859752      0.00000      0.00000       1.1440001
      0.96910892       1.0059968    0.0018991649      0.00000      0.00000       1.1450000
      0.98628861       1.0019438    0.0018930641      0.00000      0.00000       1.1460000
       1.0035013      0.99939952    0.0019509456      0.00000      0.00000       1.1460000
       1.0206516      0.99491205    0.0018869174      0.00000      0.00000       1.1470000
       1.0378065      0.99382504    0.0019015682      0.00000      0.00000       1.1480000
       1.0549635       1.0006106    0.0019214908      0.00000      0.00000       1.1490000
       1.0721177      0.99668794    0.0019204273      0.00000      0.00000       1.1500000
       1.0893100      0.99439782    0.0018958805      0.00000      0.00000       1.1510000
       1.1064706       1.0030711    0.0019417431      0.00000      0.00000       1.1520000
       1.1236278      0.99994485    0.0019074500      0.00000      0.00000       1.1520000
       1.1408128      0.99143007    0.0018883833      0.00000      0.00000       1.1530000
       1.1579989       1.0001390    0.0019317011      0.00000      0.00000       1.1540000
       1.1751856      0.99139939    0.0018934346      0.00000      0.00000       1.1550000
       1.1923734      0.99825082    0.0019252413      0.00000      0.00000       1.1560000
       1.2095557       1.0050859    0.0019492283      0.00000      0.00000       1.1580000
       1.2267322       1.0007912    0.0019359028      0.00000      0.00000       1.1590000
       1.2438903      0.99320190    0.0019008816      0.00000      0.00000       1.1600000
       1.2610724      0.99682793    0.0019299433      0.00000      0.00000       1.1610000
       1.2782571      0.99835898    0.0019229586      0.00000      0.00000       1.1619999
       1.2954189      0.99986795    0.0018975940      0.00000      0.00000       1.1630000
       1.3126110      0.99796679    0.0019000528      0.00000      0.00000       1.1650000
       1.3297718      0.99942772    0.0019140271      0.00000      0.00000       1.1660000
       1.3469247      0.99693575    0.0019024251      0.00000      0.00000       1.1670001
       1.3640834      0.99719448    0.0018819724      0.00000      0.00000       1.1680000
       1.3812403      0.99707293    0.0018995850      0.00000      0.00000       1.1700000
       1.3984073       1.0034770    0.0019238970      0.00000      0.00000       1.1710000
       1.4155817       1.0017943    0.0019072704      0.00000      0.00000       1.1730000
       1.4327269      0.99614088    0.0019069369      0.00000      0.00000       1.1740000
       1.4498929      0.99827894    0.0019999190      0.00000      0.00000       1.1750000
       1.4670406      0.99834566    0.0019396981      0.00000      0.00000       1.1770000
       1.4842200      0.99418539    0.0018940454      0.00000      0.00000       1.1790000
       1.5013747      0.99736623    0.0018719346      0.00000      0.00000       1.1799999
       1.5185259      0.99585114    0.0018657492      0.00000      0.00000       1.1820000
       1.5357130       1.0009066    0.0018900339      0.00000      0.00000       1.1830000
       1.5529072      0.99814010    0.0019175197      0.00000      0.00000       1.1849999
       1.5700583      0.99516781    0.0018866149      0.00000      0.00000       1.1870000
       1.5872133      0.99771534    0.0019058376      0.00000      0.00000       1.1880000
       1.6043720       1.0023615    0.0019365826      0.00000      0.00000       1.1900001
       1.6215549       1.0013837    0.0019483370      0.00000      0.00000       1.1920000
       1.6387078      0.99696494    0.0018987435      0.00000      0.00000       1.1940000
       1.6558656       1.0031014    0.0019027668      0.00000      0.00000       1.1950001
       1.6730446      0.99716943    0.0018854332      0.00000      0.00000       1.1970000
       1.6902109       1.0033494    0.0019244477      0.00000      0.00000       1.1990000
       1.7073672      0.99915617    0.0019252531      0.00000      0.00000       1.2010000
       1.7245177       1.0013557    0.0019201151      0.00000      0.00000       1.2029999
       1.7416723       1.0011422    0.0019357856      0.00000      0.00000       1.2050000
       1.7588465      0.99780993    0.0019185875      0.00000      0.00000       1.2070000
       1.7760022      0.99961840    0.0019222096      0.00000      0.00000       1.2090000
       1.7931647      0.99872189    0.0019156324      0.00000      0.00000       1.2110000
       1.8103677       1.0000705    0.0019502716      0.00000      0.00000       1.2130001
       1.8275192      0.99662253    0.0019181450      0.00000      0.00000       1.2150000
       1.8446959      0.99723508    0.0019335005      0.00000      0.00000       1.2180001
       1.8618395      0.99943094    0.0019568621      0.00000      0.00000       1.2200000
       1.8790021      0.99705375    0.0019364592      0.00000      0.00000       1.2220000
       1.8961957       1.0055283    0.0019826534      0.00000      0.00000       1.2240000
       1.9133663       1.0028849    0.0019400858      0.00000      0.00000       1.2270000
       1.9305401       1.0041381    0.0019502167      0.00000      0.00000       1.2290000
       1.9476975       1.0019489    0.0019716873      0.00000      0.00000       1.2309999
       1.9648636       1.0006287    0.0019616701      0.00000      0.00000       1.2340000
       1.9820230       1.0016545    0.0019823539      0.00000      0.00000       1.2359999
       1.9991862       1.0043577    0.0019706539      0.00000      0.00000       1.2390000
       2.0163497      0.99831838    0.0019907134      0.00000      0.00000       1.2410001
       2.0335066      0.99717927    0.0019583836      0.00000      0.00000       1.2440000
       2.0506635       1.0000520    0.0019360290      0.00000      0.00000       1.2460001
       2.0678104      0.99494083    0.0019394260      0.00000      0.00000       1.2490000
       2.0849738       1.0034757    0.0019415322      0.00000      0.00000       1.2520000
       2.1021310       1.0016067    0.0019425723      0.00000      0.00000       1.2539999
       2.1192868       1.0024873    0.0019184284      0.00000      0.00000       1.2570000
       2.1364658      0.99071267    0.0019103534      0.00000      0.00000       1.2600000
       2.1536434       1.0005326    0.0019025669      0.00000      0.00000       1.2630000
       2.1708035      0.99379618    0.0018899660      0.00000      0.00000       1.2660000
       2.1879862       1.0022071    0.0019014456      0.00000      0.00000       1.2690001
       2.2051383      0.99357061    0.0018693595      0.00000      0.00000       1.2720000
       2.2222890      0.99092559    0.0019003443      0.00000      0.00000       1.2750000
       2.2394492      0.99752639    0.0018979444      0.00000      0.00000       1.2780000
