#JD -  2457388 (hr) Flux  Fl_err  Model_fl   Residual for 1.38um (%) Airmass
      -2.4139274      0.99958405    0.0035360815      0.00000      0.00000       1.5900000
      -2.3967685       1.0024189    0.0035176170      0.00000      0.00000       1.5820000
      -2.3796119      0.99858112    0.0034902004      0.00000      0.00000       1.5750000
      -2.3624283       1.0106509    0.0035862299      0.00000      0.00000       1.5680000
      -2.3452542      0.99524321    0.0034349677      0.00000      0.00000       1.5610000
      -2.3280954       1.0056789    0.0034041781      0.00000      0.00000       1.5549999
      -2.3108841       1.0161000    0.0035629457      0.00000      0.00000       1.5480000
      -2.2937279       1.0028392    0.0035202948      0.00000      0.00000       1.5410000
      -2.2765756       1.0041305    0.0034438830      0.00000      0.00000       1.5350000
      -2.2594209       1.0060726    0.0034916537      0.00000      0.00000       1.5280000
      -2.2422617       1.0140566    0.0033518341      0.00000      0.00000       1.5220000
      -2.2251076       1.0014157    0.0032620026      0.00000      0.00000       1.5160000
      -2.2079540       1.0046634    0.0033048415      0.00000      0.00000       1.5100000
      -2.1907916       1.0083236    0.0032572594      0.00000      0.00000       1.5030000
      -2.1736349       1.0009088    0.0032344703      0.00000      0.00000       1.4970000
      -2.1564684      0.99978751    0.0032103775      0.00000      0.00000       1.4920000
      -2.1393057       1.0007064    0.0032560717      0.00000      0.00000       1.4859999
      -2.1221514       1.0062183    0.0032221329      0.00000      0.00000       1.4800000
      -2.1049994       1.0095631    0.0032021366      0.00000      0.00000       1.4740000
      -2.0878427       1.0031283    0.0031922534      0.00000      0.00000       1.4690000
      -2.0706809       1.0075520    0.0032252338      0.00000      0.00000       1.4630001
      -2.0535003       1.0023756    0.0031461641      0.00000      0.00000       1.4570000
      -2.0363209       1.0075302    0.0031444959      0.00000      0.00000       1.4520000
      -2.0191896       1.0020083    0.0031884038      0.00000      0.00000       1.4470000
      -2.0020402       1.0004523    0.0031978007      0.00000      0.00000       1.4410000
      -1.9848875       1.0032147    0.0031227810      0.00000      0.00000       1.4360000
      -1.9677348      0.99762920    0.0031187567      0.00000      0.00000       1.4310000
      -1.9505772       1.0036512    0.0031558826      0.00000      0.00000       1.4260000
      -1.9334253      0.99536652    0.0031027072      0.00000      0.00000       1.4210000
      -1.9162731      0.99832600    0.0032198188      0.00000      0.00000       1.4160000
      -1.8991183       1.0118646    0.0032188447      0.00000      0.00000       1.4110000
      -1.8819675       1.0071106    0.0031865880      0.00000      0.00000       1.4060000
      -1.8476630       1.0074871    0.0031635588      0.00000      0.00000       1.3970000
      -1.8305127      0.99054775    0.0031665780      0.00000      0.00000       1.3920000
      -1.8133558       1.0108668    0.0035241025      0.00000      0.00000       1.3880000
      -1.7961718      0.99795820    0.0031623989      0.00000      0.00000       1.3830000
      -1.7789818      0.99995844    0.0031065186      0.00000      0.00000       1.3789999
      -1.7618224       1.0084913    0.0031517945      0.00000      0.00000       1.3750000
      -1.7446703       1.0007445    0.0031074292      0.00000      0.00000       1.3700000
      -1.7275163       1.0000921    0.0030708282      0.00000      0.00000       1.3660001
      -1.7103350      0.99089663    0.0030091336      0.00000      0.00000       1.3620000
      -1.6931812      0.99598911    0.0030902266      0.00000      0.00000       1.3580000
      -1.6760198      0.99661692    0.0030586920      0.00000      0.00000       1.3530000
      -1.6588624       1.0027216    0.0030926312      0.00000      0.00000       1.3490000
      -1.6417030      0.99960722    0.0031070196      0.00000      0.00000       1.3450000
      -1.6245494      0.99486415    0.0029843327      0.00000      0.00000       1.3410000
      -1.6073352      0.99696048    0.0030353852      0.00000      0.00000       1.3380001
      -1.5901794      0.98896166    0.0029512256      0.00000      0.00000       1.3340000
      -1.5730222      0.99754098    0.0029430823      0.00000      0.00000       1.3300000
      -1.5558700       1.0050159    0.0030092939      0.00000      0.00000       1.3260000
      -1.5215525       1.0001655    0.0029596440      0.00000      0.00000       1.3190000
      -1.5043944       1.0022749    0.0029941014      0.00000      0.00000       1.3150001
      -1.4700676       1.0058842    0.0030004970      0.00000      0.00000       1.3080000
      -1.4528847      0.99636233    0.0029040257      0.00000      0.00000       1.3049999
      -1.4357223       1.0048004    0.0030034900      0.00000      0.00000       1.3010000
      -1.4185246      0.99803569    0.0028907196      0.00000      0.00000       1.2980000
      -1.4013444       1.0023547    0.0029317174      0.00000      0.00000       1.2950000
      -1.3841855       1.0005669    0.0029207179      0.00000      0.00000       1.2910000
      -1.3669997       1.0020216    0.0029029322      0.00000      0.00000       1.2880000
      -1.3498463       1.0036004    0.0028562068      0.00000      0.00000       1.2850000
      -1.3326628       1.0033579    0.0030157317      0.00000      0.00000       1.2819999
      -1.3154663      0.99854476    0.0028871026      0.00000      0.00000       1.2790000
      -1.2982878       1.0064728    0.0029162479      0.00000      0.00000       1.2760000
      -1.2811327       1.0034543    0.0028861075      0.00000      0.00000       1.2730000
      -1.2639686       1.0043262    0.0028579998      0.00000      0.00000       1.2700000
      -1.2468145      0.99990348    0.0028688485      0.00000      0.00000       1.2670000
      -1.2296646       1.0047768    0.0029520293      0.00000      0.00000       1.2640001
      -1.2125125       1.0037784    0.0028205654      0.00000      0.00000       1.2610000
      -1.1953755       1.0027287    0.0028382250      0.00000      0.00000       1.2580000
      -1.1782241       1.0012248    0.0028367241      0.00000      0.00000       1.2550000
      -1.1610706       1.0042579    0.0028418771      0.00000      0.00000       1.2530000
      -1.1439169       1.0014195    0.0028706403      0.00000      0.00000       1.2500000
      -1.1267321       1.0088259    0.0028578686      0.00000      0.00000       1.2470000
      -1.1095584       1.0010630    0.0028941933      0.00000      0.00000       1.2450000
      -1.0924102      0.98852487    0.0028534879      0.00000      0.00000       1.2420000
      -1.0752579      0.99849097    0.0028397165      0.00000      0.00000       1.2400000
      -1.0580962       1.0052494    0.0028961774      0.00000      0.00000       1.2370000
      -1.0409426       1.0094539    0.0028527446      0.00000      0.00000       1.2350000
      -1.0237881      0.99648287    0.0028496673      0.00000      0.00000       1.2320000
      -1.0066325       1.0037350    0.0028489313      0.00000      0.00000       1.2300000
     -0.98947485      0.98820757    0.0028265615      0.00000      0.00000       1.2270000
     -0.97231195       1.0039069    0.0028356464      0.00000      0.00000       1.2250000
     -0.95515907       1.0055643    0.0028878062      0.00000      0.00000       1.2230000
     -0.92082277       1.0020670    0.0028349849      0.00000      0.00000       1.2180001
     -0.90363025      0.98891180    0.0027849499      0.00000      0.00000       1.2160000
     -0.88647098      0.98924569    0.0028677453      0.00000      0.00000       1.2140000
     -0.86930338      0.99904915    0.0028812561      0.00000      0.00000       1.2120000
     -0.85214707       1.0008620    0.0028924902      0.00000      0.00000       1.2100000
     -0.83499177       1.0044527    0.0028996480      0.00000      0.00000       1.2079999
     -0.81781283       1.0028087    0.0028590198      0.00000      0.00000       1.2060000
     -0.80065585      0.99825159    0.0028078740      0.00000      0.00000       1.2040000
     -0.78350712      0.99564385    0.0029028270      0.00000      0.00000       1.2020000
     -0.76631989      0.99692965    0.0029323101      0.00000      0.00000       1.2000000
     -0.74916646       1.0047712    0.0028204717      0.00000      0.00000       1.1980000
     -0.73201772       1.0059552    0.0028362389      0.00000      0.00000       1.1960000
     -0.71485827       1.0125773    0.0028485159      0.00000      0.00000       1.1940000
     -0.69768679       1.0004398    0.0028595613      0.00000      0.00000       1.1920000
     -0.68053768      0.99677392    0.0028455941      0.00000      0.00000       1.1910000
     -0.66338503      0.99501594    0.0028526584      0.00000      0.00000       1.1890000
     -0.64623282       1.0005971    0.0028845327      0.00000      0.00000       1.1870000
     -0.62907667      0.99769256    0.0029466117      0.00000      0.00000       1.1849999
     -0.61190716       1.0009695    0.0029614258      0.00000      0.00000       1.1840000
     -0.59474967      0.99306120    0.0028166474      0.00000      0.00000       1.1820000
     -0.57759460       1.0033740    0.0028317700      0.00000      0.00000       1.1810000
     -0.56041372      0.99694878    0.0028463465      0.00000      0.00000       1.1790000
     -0.54326313       1.0055219    0.0028342556      0.00000      0.00000       1.1780000
     -0.52607189       1.0012805    0.0028270453      0.00000      0.00000       1.1760000
     -0.50891352       1.0062374    0.0028041170      0.00000      0.00000       1.1750000
     -0.49168405       1.0048498    0.0028216965      0.00000      0.00000       1.1730000
     -0.47451943       1.0062960    0.0028793884      0.00000      0.00000       1.1720001
     -0.45732503       1.0106830    0.0028988451      0.00000      0.00000       1.1700000
     -0.44017357      0.98707314    0.0028688811      0.00000      0.00000       1.1690000
     -0.42301279      0.99706869    0.0028202741      0.00000      0.00000       1.1680000
     -0.40583064       1.0060540    0.0028569769      0.00000      0.00000       1.1660000
     -0.38865100       1.0134145    0.0028350748      0.00000      0.00000       1.1650000
     -0.37149500       1.0049640    0.0028312912      0.00000      0.00000       1.1640000
     -0.35434107       1.0119734    0.0028318441      0.00000      0.00000       1.1630000
     -0.33717167      0.99587569    0.0027784031      0.00000      0.00000       1.1610000
     -0.32001138       1.0007003    0.0027850877      0.00000      0.00000       1.1600000
     -0.30285690      0.99778557    0.0027952391      0.00000      0.00000       1.1590000
     -0.28569942       1.0054396    0.0028758925      0.00000      0.00000       1.1580000
     -0.26853983       1.0069330    0.0028308484      0.00000      0.00000       1.1569999
     -0.25137686      0.99992612    0.0028086808      0.00000      0.00000       1.1560000
     -0.23421697       1.0051008    0.0028024446      0.00000      0.00000       1.1550000
     -0.21703383       1.0073159    0.0027607911      0.00000      0.00000       1.1540000
     -0.19983917       1.0107547    0.0028371379      0.00000      0.00000       1.1530000
     -0.18265923      0.99974201    0.0028177623      0.00000      0.00000       1.1520000
     -0.16550921       1.0000343    0.0027839556      0.00000      0.00000       1.1510000
     -0.14835759      0.99576397    0.0027284115      0.00000      0.00000       1.1500000
     -0.13120325       1.0057520    0.0027497698      0.00000      0.00000       1.1490000
     -0.11404668       1.0053108    0.0027502996      0.00000      0.00000       1.1480000
    -0.096892018      0.99861216    0.0027431165      0.00000      0.00000       1.1470000
    -0.079706144       1.0017720    0.0027904833      0.00000      0.00000       1.1470000
    -0.062549081      0.99661447    0.0027498466      0.00000      0.00000       1.1460000
    -0.045385737      0.99618385    0.0027656914      0.00000      0.00000       1.1450000
    -0.028229568       1.0037586    0.0028617676      0.00000      0.00000       1.1440001
    -0.011077188      0.99868646    0.0028347613      0.00000      0.00000       1.1440001
    0.0060829930       1.0046973    0.0028407263      0.00000      0.00000       1.1430000
     0.023241006      0.99877926    0.0027913090      0.00000      0.00000       1.1420000
     0.040394884      0.99619756    0.0028044440      0.00000      0.00000       1.1420000
     0.057586715       1.0032792    0.0027990804      0.00000      0.00000       1.1410000
     0.074738078      0.98393604    0.0028119005      0.00000      0.00000       1.1410000
     0.091926958      0.99756213    0.0027452510      0.00000      0.00000       1.1400000
      0.10908441      0.99839647    0.0027699253      0.00000      0.00000       1.1400000
      0.12624985       1.0044539    0.0027738738      0.00000      0.00000       1.1390001
      0.14343952      0.99857952    0.0027248042      0.00000      0.00000       1.1390001
      0.16059910      0.99798701    0.0027179599      0.00000      0.00000       1.1380000
      0.17781410       1.0015180    0.0027031137      0.00000      0.00000       1.1380000
      0.19497075      0.99982174    0.0027053073      0.00000      0.00000       1.1370000
      0.21213238      0.99559155    0.0027212550      0.00000      0.00000       1.1370000
      0.22931802       1.0033634    0.0027300035      0.00000      0.00000       1.1370000
      0.24653504      0.98752832    0.0027016473      0.00000      0.00000       1.1360000
      0.26378680       1.0103994    0.0028155427      0.00000      0.00000       1.1360000
      0.28097971      0.99428949    0.0027063571      0.00000      0.00000       1.1360000
      0.29821431      0.99974722    0.0027455954      0.00000      0.00000       1.1360000
      0.31541125       1.0019865    0.0027513649      0.00000      0.00000       1.1350000
      0.33270907      0.99711801    0.0027186676      0.00000      0.00000       1.1350000
      0.35002717       1.0042355    0.0027407190      0.00000      0.00000       1.1350000
      0.36729911       1.0054630    0.0027822125      0.00000      0.00000       1.1350000
      0.38443540       1.0038400    0.0027650804      0.00000      0.00000       1.1350000
      0.40167135       1.0083692    0.0028028323      0.00000      0.00000       1.1350000
      0.41898493      0.99443087    0.0027486214      0.00000      0.00000       1.1339999
      0.43629516      0.99681357    0.0027672452      0.00000      0.00000       1.1339999
      0.45350696       1.0008701    0.0027127334      0.00000      0.00000       1.1339999
      0.47090033      0.99751600    0.0027136678      0.00000      0.00000       1.1339999
      0.48835700      0.99901779    0.0027525902      0.00000      0.00000       1.1339999
      0.50571612      0.98746890    0.0027640481      0.00000      0.00000       1.1339999
      0.52294159      0.99707039    0.0027558062      0.00000      0.00000       1.1339999
      0.54011025       1.0001208    0.0027602623      0.00000      0.00000       1.1350000
      0.55726436       1.0002385    0.0027856014      0.00000      0.00000       1.1350000
      0.57441739      0.99576408    0.0027192332      0.00000      0.00000       1.1350000
      0.59157442      0.99368348    0.0027585737      0.00000      0.00000       1.1350000
      0.60873171      0.99053223    0.0027801859      0.00000      0.00000       1.1350000
      0.62589252      0.99947477    0.0027632663      0.00000      0.00000       1.1350000
      0.64305001       1.0011891    0.0028066597      0.00000      0.00000       1.1360000
      0.66020143       1.0016010    0.0027575687      0.00000      0.00000       1.1360000
      0.67735273       1.0004308    0.0027446329      0.00000      0.00000       1.1360000
      0.69450846      0.99478049    0.0027480451      0.00000      0.00000       1.1370000
      0.71166889      0.99224440    0.0027157716      0.00000      0.00000       1.1370000
      0.72882775      0.99750813    0.0028180165      0.00000      0.00000       1.1370000
      0.74599063       1.0016362    0.0027334813      0.00000      0.00000       1.1380000
      0.76317700       1.0001699    0.0027302869      0.00000      0.00000       1.1380000
      0.78036917      0.99528679    0.0027725415      0.00000      0.00000       1.1380000
      0.79755127       1.0046052    0.0027606551      0.00000      0.00000       1.1390001
      0.81470158       1.0063300    0.0027586067      0.00000      0.00000       1.1390001
      0.83185868       1.0031543    0.0027400492      0.00000      0.00000       1.1400000
      0.84901674      0.99579469    0.0027422873      0.00000      0.00000       1.1400000
      0.86617046       1.0001479    0.0027543230      0.00000      0.00000       1.1410000
      0.88332214      0.99964305    0.0027392542      0.00000      0.00000       1.1420000
      0.90048270       1.0028541    0.0027457028      0.00000      0.00000       1.1420000
      0.91763412      0.99671758    0.0027628417      0.00000      0.00000       1.1430000
      0.93478792       1.0017152    0.0027173810      0.00000      0.00000       1.1440001
      0.95194602       1.0020835    0.0027759410      0.00000      0.00000       1.1440001
      0.96910892      0.99723834    0.0027443360      0.00000      0.00000       1.1450000
      0.98628861      0.98642971    0.0027466321      0.00000      0.00000       1.1460000
       1.0035013      0.99556147    0.0028252853      0.00000      0.00000       1.1460000
       1.0206516      0.99298265    0.0027661164      0.00000      0.00000       1.1470000
       1.0378065      0.99997151    0.0027895913      0.00000      0.00000       1.1480000
       1.0549635      0.98997894    0.0027633140      0.00000      0.00000       1.1490000
       1.0721177       1.0050541    0.0028299407      0.00000      0.00000       1.1500000
       1.0893100       1.0077415    0.0028094504      0.00000      0.00000       1.1510000
       1.1064706      0.98814082    0.0027769340      0.00000      0.00000       1.1520000
       1.1236278      0.99495269    0.0027531022      0.00000      0.00000       1.1520000
       1.1408128      0.99643164    0.0027685034      0.00000      0.00000       1.1530000
       1.1579989      0.99594468    0.0028090659      0.00000      0.00000       1.1540000
       1.1751856      0.99429204    0.0027900828      0.00000      0.00000       1.1550000
       1.1923734      0.98967312    0.0027762668      0.00000      0.00000       1.1560000
       1.2095557       1.0045480    0.0028051912      0.00000      0.00000       1.1580000
       1.2267322      0.99604545    0.0027990271      0.00000      0.00000       1.1590000
       1.2438903      0.99272859    0.0027756919      0.00000      0.00000       1.1600000
       1.2782571      0.99611678    0.0027832505      0.00000      0.00000       1.1619999
       1.2954189      0.99572209    0.0027452288      0.00000      0.00000       1.1630000
       1.3126110      0.99854912    0.0027482488      0.00000      0.00000       1.1650000
       1.3297718      0.99582775    0.0027531645      0.00000      0.00000       1.1660000
       1.3469247      0.98619171    0.0027266200      0.00000      0.00000       1.1670001
       1.3640834       1.0006429    0.0027827932      0.00000      0.00000       1.1680000
       1.3812403      0.99608882    0.0027571104      0.00000      0.00000       1.1700000
       1.3984073       1.0000000    0.0027819496      0.00000      0.00000       1.1710000
       1.4155817       1.0041021    0.0028013945      0.00000      0.00000       1.1730000
       1.4327269      0.99424846    0.0027730701      0.00000      0.00000       1.1740000
       1.4498929       1.0002542    0.0029168340      0.00000      0.00000       1.1750000
       1.4670406      0.99769787    0.0028304653      0.00000      0.00000       1.1770000
       1.4842200      0.99571124    0.0027676735      0.00000      0.00000       1.1790000
       1.5013747      0.98905425    0.0027375649      0.00000      0.00000       1.1799999
       1.5185259      0.99825127    0.0027614434      0.00000      0.00000       1.1820000
       1.5357130      0.98818939    0.0027485500      0.00000      0.00000       1.1830000
       1.5529072       1.0064406    0.0028740470      0.00000      0.00000       1.1849999
       1.5700583      0.99806216    0.0027758818      0.00000      0.00000       1.1870000
       1.5872133       1.0046731    0.0028123452      0.00000      0.00000       1.1880000
       1.6043720      0.99565618    0.0028188581      0.00000      0.00000       1.1900001
       1.6215549      0.99610774    0.0028225454      0.00000      0.00000       1.1920000
       1.6387078      0.99963401    0.0028014360      0.00000      0.00000       1.1940000
       1.6558656      0.99773476    0.0027564569      0.00000      0.00000       1.1950001
       1.6730446      0.99555839    0.0027496624      0.00000      0.00000       1.1970000
       1.6902109      0.99873302    0.0027851378      0.00000      0.00000       1.1990000
       1.7073672      0.98550246    0.0027899769      0.00000      0.00000       1.2010000
       1.7245177      0.99309819    0.0027941520      0.00000      0.00000       1.2029999
       1.7416723      0.99664360    0.0028271003      0.00000      0.00000       1.2050000
       1.7588465      0.99846280    0.0028152724      0.00000      0.00000       1.2070000
       1.7760022      0.99870293    0.0027930012      0.00000      0.00000       1.2090000
       1.7931647      0.98579670    0.0027492590      0.00000      0.00000       1.2110000
       1.8103677      0.99506750    0.0028391007      0.00000      0.00000       1.2130001
       1.8275192       1.0052063    0.0028520806      0.00000      0.00000       1.2150000
       1.8446959       1.0047582    0.0028439085      0.00000      0.00000       1.2180001
       1.8618395      0.98812189    0.0028361681      0.00000      0.00000       1.2200000
       1.8790021      0.99801358    0.0028322371      0.00000      0.00000       1.2220000
       1.8961957       1.0016088    0.0028772250      0.00000      0.00000       1.2240000
       1.9133663      0.99932542    0.0028136908      0.00000      0.00000       1.2270000
       1.9305401       1.0045895    0.0028548793      0.00000      0.00000       1.2290000
       1.9476975       1.0072496    0.0028927640      0.00000      0.00000       1.2309999
       1.9648636       1.0038644    0.0028821914      0.00000      0.00000       1.2340000
       1.9991862      0.99063662    0.0028657198      0.00000      0.00000       1.2390000
       2.0163497      0.99967600    0.0029258410      0.00000      0.00000       1.2410001
       2.0335066      0.99422125    0.0028643429      0.00000      0.00000       1.2440000
       2.0506635      0.99150200    0.0028165005      0.00000      0.00000       1.2460001
       2.0678104      0.99090598    0.0028629327      0.00000      0.00000       1.2490000
       2.0849738       1.0005666    0.0028654326      0.00000      0.00000       1.2520000
       2.1021310      0.99181984    0.0028264010      0.00000      0.00000       1.2539999
       2.1192868      0.99732838    0.0028350372      0.00000      0.00000       1.2570000
       2.1364658       1.0020512    0.0028467611      0.00000      0.00000       1.2600000
       2.1536434       1.0011542    0.0028294787      0.00000      0.00000       1.2630000
       2.1708035      0.99811350    0.0028361175      0.00000      0.00000       1.2660000
       2.1879862      0.99172385    0.0028291551      0.00000      0.00000       1.2690001
       2.2051383      0.99651317    0.0028213765      0.00000      0.00000       1.2720000
       2.2222890      0.99233730    0.0028342711      0.00000      0.00000       1.2750000
       2.2394492      0.99455237    0.0028354290      0.00000      0.00000       1.2780000
