#JD -  2457388 (hr) Flux  Fl_err  Model_fl   Residual for 1.93um (%) Airmass
      -2.4139274       1.0016139    0.0032023359      0.00000      0.00000       1.5900000
      -2.3967685      0.98929159    0.0031595242      0.00000      0.00000       1.5820000
      -2.3796119       1.0017900    0.0031626372      0.00000      0.00000       1.5750000
      -2.3624283       1.0044509    0.0032046890      0.00000      0.00000       1.5680000
      -2.3452542      0.99545078    0.0031088339      0.00000      0.00000       1.5610000
      -2.3280954       1.0017800    0.0030934736      0.00000      0.00000       1.5549999
      -2.3108841       1.0045079    0.0031658973      0.00000      0.00000       1.5480000
      -2.2937279       1.0076498    0.0032161961      0.00000      0.00000       1.5410000
      -2.2765756       1.0160513    0.0031257936      0.00000      0.00000       1.5350000
      -2.2594209      0.99776028    0.0031844159      0.00000      0.00000       1.5280000
      -2.2422617       1.0145629    0.0030551047      0.00000      0.00000       1.5220000
      -2.2251076       1.0083967    0.0029978218      0.00000      0.00000       1.5160000
      -2.2079540       1.0057907    0.0029995980      0.00000      0.00000       1.5100000
      -2.1907916       1.0004320    0.0029283868      0.00000      0.00000       1.5030000
      -2.1736349       1.0160769    0.0030052419      0.00000      0.00000       1.4970000
      -2.1564684       1.0117356    0.0029721491      0.00000      0.00000       1.4920000
      -2.1393057      0.98789813    0.0029816722      0.00000      0.00000       1.4859999
      -2.1221514       1.0031481    0.0029577848      0.00000      0.00000       1.4800000
      -2.1049994       1.0066413    0.0029578835      0.00000      0.00000       1.4740000
      -2.0878427       1.0018710    0.0029423400      0.00000      0.00000       1.4690000
      -2.0706809       1.0023249    0.0029247778      0.00000      0.00000       1.4630001
      -2.0535003      0.99851056    0.0028760851      0.00000      0.00000       1.4570000
      -2.0363209       1.0079574    0.0028965690      0.00000      0.00000       1.4520000
      -2.0191896       1.0102716    0.0029466095      0.00000      0.00000       1.4470000
      -2.0020402      0.99768759    0.0029671825      0.00000      0.00000       1.4410000
      -1.9848875       1.0041922    0.0028892917      0.00000      0.00000       1.4360000
      -1.9677348       1.0061534    0.0029259476      0.00000      0.00000       1.4310000
      -1.9505772       1.0011386    0.0028960050      0.00000      0.00000       1.4260000
      -1.9334253       1.0014530    0.0028980037      0.00000      0.00000       1.4210000
      -1.9162731      0.99746753    0.0029932540      0.00000      0.00000       1.4160000
      -1.8991183       1.0131470    0.0030147002      0.00000      0.00000       1.4110000
      -1.8819675       1.0082735    0.0029934133      0.00000      0.00000       1.4060000
      -1.8648166       1.0066378    0.0029655546      0.00000      0.00000       1.4020000
      -1.8476630      0.99844690    0.0029313733      0.00000      0.00000       1.3970000
      -1.8305127      0.99050089    0.0029226422      0.00000      0.00000       1.3920000
      -1.8133558      0.99995458    0.0032439901      0.00000      0.00000       1.3880000
      -1.7961718       1.0029515    0.0029574351      0.00000      0.00000       1.3830000
      -1.7789818      0.99950045    0.0029041767      0.00000      0.00000       1.3789999
      -1.7618224      0.99981517    0.0029013304      0.00000      0.00000       1.3750000
      -1.7446703      0.99997721    0.0029046481      0.00000      0.00000       1.3700000
      -1.7275163      0.99787342    0.0028500544      0.00000      0.00000       1.3660001
      -1.7103350       1.0141003    0.0028489186      0.00000      0.00000       1.3620000
      -1.6931812       1.0060544    0.0029028793      0.00000      0.00000       1.3580000
      -1.6760198      0.99984633    0.0028350014      0.00000      0.00000       1.3530000
      -1.6588624      0.99993966    0.0028867611      0.00000      0.00000       1.3490000
      -1.6417030       1.0068947    0.0029291943      0.00000      0.00000       1.3450000
      -1.6245494       1.0007300    0.0027913948      0.00000      0.00000       1.3410000
      -1.6073352       1.0117962    0.0028905521      0.00000      0.00000       1.3380001
      -1.5901794       1.0030012    0.0027730465      0.00000      0.00000       1.3340000
      -1.5730222      0.99677188    0.0027470915      0.00000      0.00000       1.3300000
      -1.5558700      0.99840140    0.0027760174      0.00000      0.00000       1.3260000
      -1.5387079      0.99381032    0.0027246232      0.00000      0.00000       1.3220000
      -1.5215525       1.0017261    0.0027747136      0.00000      0.00000       1.3190000
      -1.5043944       1.0046063    0.0027868889      0.00000      0.00000       1.3150001
      -1.4872407      0.99418678    0.0027373321      0.00000      0.00000       1.3120000
      -1.4700676      0.99652099    0.0027820246      0.00000      0.00000       1.3080000
      -1.4528847      0.99602119    0.0027032729      0.00000      0.00000       1.3049999
      -1.4357223       1.0058681    0.0028024483      0.00000      0.00000       1.3010000
      -1.4185246      0.99774777    0.0027266206      0.00000      0.00000       1.2980000
      -1.4013444       1.0092241    0.0027555545      0.00000      0.00000       1.2950000
      -1.3841855       1.0026131    0.0027755567      0.00000      0.00000       1.2910000
      -1.3669997       1.0032590    0.0026971035      0.00000      0.00000       1.2880000
      -1.3498463       1.0023723    0.0026717442      0.00000      0.00000       1.2850000
      -1.3326628       1.0062680    0.0028161269      0.00000      0.00000       1.2819999
      -1.3154663       1.0041820    0.0027004676      0.00000      0.00000       1.2790000
      -1.2982878       1.0027690    0.0027168929      0.00000      0.00000       1.2760000
      -1.2811327       1.0070916    0.0027362880      0.00000      0.00000       1.2730000
      -1.2639686       1.0050973    0.0026610887      0.00000      0.00000       1.2700000
      -1.2468145       1.0033326    0.0026863760      0.00000      0.00000       1.2670000
      -1.2296646       1.0037394    0.0027197670      0.00000      0.00000       1.2640001
      -1.2125125       1.0050882    0.0026378890      0.00000      0.00000       1.2610000
      -1.1953755      0.99929183    0.0026525446      0.00000      0.00000       1.2580000
      -1.1782241       1.0024932    0.0026748398      0.00000      0.00000       1.2550000
      -1.1610706       1.0183738    0.0027052798      0.00000      0.00000       1.2530000
      -1.1439169       1.0032716    0.0027214548      0.00000      0.00000       1.2500000
      -1.1267321       1.0034043    0.0026900719      0.00000      0.00000       1.2470000
      -1.1095584      0.99781142    0.0027068136      0.00000      0.00000       1.2450000
      -1.0924102       1.0046142    0.0027129740      0.00000      0.00000       1.2420000
      -1.0752579      0.99970178    0.0026719408      0.00000      0.00000       1.2400000
      -1.0580962      0.99684921    0.0026761078      0.00000      0.00000       1.2370000
      -1.0409426       1.0040725    0.0026544313      0.00000      0.00000       1.2350000
      -1.0237881      0.99661647    0.0026588571      0.00000      0.00000       1.2320000
      -1.0066325       1.0074009    0.0027029491      0.00000      0.00000       1.2300000
     -0.98947485      0.99420941    0.0026770843      0.00000      0.00000       1.2270000
     -0.97231195       1.0023339    0.0026578163      0.00000      0.00000       1.2250000
     -0.95515907       1.0030285    0.0027106095      0.00000      0.00000       1.2230000
     -0.93798331       1.0015829    0.0026596256      0.00000      0.00000       1.2200000
     -0.92082277      0.99806099    0.0026529561      0.00000      0.00000       1.2180001
     -0.88647098      0.99341935    0.0026501516      0.00000      0.00000       1.2140000
     -0.86930338      0.99806787    0.0027301059      0.00000      0.00000       1.2120000
     -0.85214707      0.99145987    0.0027054357      0.00000      0.00000       1.2100000
     -0.83499177      0.99654361    0.0027048045      0.00000      0.00000       1.2079999
     -0.81781283      0.98989450    0.0026554998      0.00000      0.00000       1.2060000
     -0.80065585      0.99830260    0.0026485918      0.00000      0.00000       1.2040000
     -0.78350712      0.99408102    0.0027251128      0.00000      0.00000       1.2020000
     -0.76631989      0.99029450    0.0027309753      0.00000      0.00000       1.2000000
     -0.74916646      0.99952913    0.0026460706      0.00000      0.00000       1.1980000
     -0.73201772       1.0053588    0.0026603461      0.00000      0.00000       1.1960000
     -0.71485827       1.0026909    0.0026533537      0.00000      0.00000       1.1940000
     -0.69768679       1.0087805    0.0027076142      0.00000      0.00000       1.1920000
     -0.68053768      0.99688046    0.0026529744      0.00000      0.00000       1.1910000
     -0.66338503      0.99796294    0.0026803185      0.00000      0.00000       1.1890000
     -0.64623282       1.0022105    0.0027397235      0.00000      0.00000       1.1870000
     -0.62907667      0.99604183    0.0027435168      0.00000      0.00000       1.1849999
     -0.61190716      0.98679195    0.0027201555      0.00000      0.00000       1.1840000
     -0.59474967       1.0073238    0.0027027267      0.00000      0.00000       1.1820000
     -0.57759460      0.99909713    0.0026486257      0.00000      0.00000       1.1810000
     -0.56041372      0.99715232    0.0026760455      0.00000      0.00000       1.1790000
     -0.54326313      0.99625924    0.0026560186      0.00000      0.00000       1.1780000
     -0.52607189      0.99320882    0.0026108457      0.00000      0.00000       1.1760000
     -0.50891352       1.0054311    0.0026228675      0.00000      0.00000       1.1750000
     -0.49168405       1.0020043    0.0026326753      0.00000      0.00000       1.1730000
     -0.47451943       1.0022839    0.0027029912      0.00000      0.00000       1.1720001
     -0.45732503       1.0047910    0.0027010073      0.00000      0.00000       1.1700000
     -0.44017357       1.0006576    0.0026472396      0.00000      0.00000       1.1690000
     -0.42301279       1.0004700    0.0026276953      0.00000      0.00000       1.1680000
     -0.40583064       1.0036951    0.0026632647      0.00000      0.00000       1.1660000
     -0.38865100       1.0055560    0.0026265061      0.00000      0.00000       1.1650000
     -0.37149500      0.99879775    0.0026277160      0.00000      0.00000       1.1640000
     -0.35434107       1.0087779    0.0026334146      0.00000      0.00000       1.1630000
     -0.33717167      0.99860886    0.0025945597      0.00000      0.00000       1.1610000
     -0.32001138      0.99964956    0.0025857490      0.00000      0.00000       1.1600000
     -0.30285690      0.99375337    0.0025893451      0.00000      0.00000       1.1590000
     -0.28569942       1.0008174    0.0026585495      0.00000      0.00000       1.1580000
     -0.26853983      0.99929316    0.0026149496      0.00000      0.00000       1.1569999
     -0.25137686       1.0017078    0.0026073091      0.00000      0.00000       1.1560000
     -0.23421697       1.0052045    0.0025974518      0.00000      0.00000       1.1550000
     -0.21703383       1.0015398    0.0025666260      0.00000      0.00000       1.1540000
     -0.19983917       1.0027381    0.0026241472      0.00000      0.00000       1.1530000
     -0.18265923      0.99921118    0.0026085441      0.00000      0.00000       1.1520000
     -0.16550921       1.0045037    0.0025910494      0.00000      0.00000       1.1510000
     -0.14835759      0.99107171    0.0025747109      0.00000      0.00000       1.1500000
     -0.13120325       1.0039227    0.0025834352      0.00000      0.00000       1.1490000
     -0.11404668      0.99831976    0.0025461041      0.00000      0.00000       1.1480000
    -0.096892018       1.0049978    0.0025729510      0.00000      0.00000       1.1470000
    -0.079706144       1.0074597    0.0026507496      0.00000      0.00000       1.1470000
    -0.062549081       1.0029583    0.0025860014      0.00000      0.00000       1.1460000
    -0.045385737       1.0010500    0.0025899601      0.00000      0.00000       1.1450000
    -0.028229568       1.0015664    0.0026562033      0.00000      0.00000       1.1440001
    -0.011077188      0.99447729    0.0026266194      0.00000      0.00000       1.1440001
    0.0060829930       1.0031636    0.0026396279      0.00000      0.00000       1.1430000
     0.023241006       1.0011548    0.0026134154      0.00000      0.00000       1.1420000
     0.040394884       1.0016957    0.0026340845      0.00000      0.00000       1.1420000
     0.057586715      0.99876485    0.0026222270      0.00000      0.00000       1.1410000
     0.074738078       1.0068960    0.0026610349      0.00000      0.00000       1.1410000
     0.091926958      0.99919676    0.0025819520      0.00000      0.00000       1.1400000
      0.10908441       1.0085691    0.0026047449      0.00000      0.00000       1.1400000
      0.12624985      0.99684714    0.0025773959      0.00000      0.00000       1.1390001
      0.14343952      0.99094532    0.0025379292      0.00000      0.00000       1.1390001
      0.16059910      0.99703106    0.0025532047      0.00000      0.00000       1.1380000
      0.17781410      0.99409486    0.0025025681      0.00000      0.00000       1.1380000
      0.19497075      0.98845653    0.0025056591      0.00000      0.00000       1.1370000
      0.21213238      0.99598812    0.0025359855      0.00000      0.00000       1.1370000
      0.22931802       1.0001076    0.0025643134      0.00000      0.00000       1.1370000
      0.24653504      0.99569545    0.0025500138      0.00000      0.00000       1.1360000
      0.26378680       1.0078084    0.0026505076      0.00000      0.00000       1.1360000
      0.28097971      0.99882353    0.0025536272      0.00000      0.00000       1.1360000
      0.29821431       1.0022279    0.0025883842      0.00000      0.00000       1.1360000
      0.31541125      0.99502085    0.0025737462      0.00000      0.00000       1.1350000
      0.33270907      0.99431376    0.0025365925      0.00000      0.00000       1.1350000
      0.35002717       1.0040138    0.0025844664      0.00000      0.00000       1.1350000
      0.36729911       1.0016057    0.0025738511      0.00000      0.00000       1.1350000
      0.38443540      0.99719468    0.0025851351      0.00000      0.00000       1.1350000
      0.40167135       1.0019093    0.0026160566      0.00000      0.00000       1.1350000
      0.41898493      0.99939146    0.0025818379      0.00000      0.00000       1.1339999
      0.43629516      0.99750483    0.0026086745      0.00000      0.00000       1.1339999
      0.45350696      0.99558364    0.0025447713      0.00000      0.00000       1.1339999
      0.47090033      0.99636782    0.0025649554      0.00000      0.00000       1.1339999
      0.48835700      0.99995723    0.0025906952      0.00000      0.00000       1.1339999
      0.50571612       1.0113306    0.0026191609      0.00000      0.00000       1.1339999
      0.52294159      0.99241793    0.0025776697      0.00000      0.00000       1.1339999
      0.54011025      0.98838773    0.0025777964      0.00000      0.00000       1.1350000
      0.55726436      0.99611684    0.0025951869      0.00000      0.00000       1.1350000
      0.57441739      0.98691130    0.0025360750      0.00000      0.00000       1.1350000
      0.59157442      0.99503229    0.0026045525      0.00000      0.00000       1.1350000
      0.60873171      0.99826306    0.0026243517      0.00000      0.00000       1.1350000
      0.62589252      0.99667540    0.0025845281      0.00000      0.00000       1.1350000
      0.64305001      0.99582442    0.0026115099      0.00000      0.00000       1.1360000
      0.66020143       1.0052410    0.0026015884      0.00000      0.00000       1.1360000
      0.67735273      0.99837032    0.0025891248      0.00000      0.00000       1.1360000
      0.69450846      0.99928445    0.0025869693      0.00000      0.00000       1.1370000
      0.71166889      0.99140748    0.0025459927      0.00000      0.00000       1.1370000
      0.72882775      0.99252046    0.0026218389      0.00000      0.00000       1.1370000
      0.74599063      0.99532272    0.0025484634      0.00000      0.00000       1.1380000
      0.76317700      0.99718390    0.0025490593      0.00000      0.00000       1.1380000
      0.78036917       1.0096894    0.0026738801      0.00000      0.00000       1.1380000
      0.79755127      0.99214450    0.0025502496      0.00000      0.00000       1.1390001
      0.81470158      0.98837688    0.0025336275      0.00000      0.00000       1.1390001
      0.83185868      0.99936717    0.0025708486      0.00000      0.00000       1.1400000
      0.84901674       1.0048169    0.0025813609      0.00000      0.00000       1.1400000
      0.86617046       1.0005661    0.0025985895      0.00000      0.00000       1.1410000
      0.88332214      0.99153678    0.0025550735      0.00000      0.00000       1.1420000
      0.90048270       1.0004947    0.0025798103      0.00000      0.00000       1.1420000
      0.91763412       1.0041338    0.0026159908      0.00000      0.00000       1.1430000
      0.93478792      0.98962040    0.0025299227      0.00000      0.00000       1.1440001
      0.95194602       1.0017446    0.0025999171      0.00000      0.00000       1.1440001
      0.96910892       1.0004377    0.0025799660      0.00000      0.00000       1.1450000
      0.98628861      0.99899618    0.0026086876      0.00000      0.00000       1.1460000
       1.0035013       1.0006214    0.0026574242      0.00000      0.00000       1.1460000
       1.0206516      0.99083234    0.0025708263      0.00000      0.00000       1.1470000
       1.0378065      0.99568111    0.0025939497      0.00000      0.00000       1.1480000
       1.0549635      0.99511708    0.0026045935      0.00000      0.00000       1.1490000
       1.0721177      0.99974894    0.0026394638      0.00000      0.00000       1.1500000
       1.0893100      0.99071423    0.0025922169      0.00000      0.00000       1.1510000
       1.1064706      0.99803215    0.0026341880      0.00000      0.00000       1.1520000
       1.1236278      0.99549802    0.0025836362      0.00000      0.00000       1.1520000
       1.1408128      0.99240591    0.0025951997      0.00000      0.00000       1.1530000
       1.1579989       1.0015202    0.0026412238      0.00000      0.00000       1.1540000
       1.1751856      0.99499516    0.0026204524      0.00000      0.00000       1.1550000
       1.1923734      0.99379797    0.0026101513      0.00000      0.00000       1.1560000
       1.2095557      0.99145390    0.0026090526      0.00000      0.00000       1.1580000
       1.2267322       1.0000000    0.0026277066      0.00000      0.00000       1.1590000
       1.2438903      0.99202605    0.0026071477      0.00000      0.00000       1.1600000
       1.2610724      0.99837852    0.0026322738      0.00000      0.00000       1.1610000
       1.2782571      0.99813484    0.0026417470      0.00000      0.00000       1.1619999
       1.2954189       1.0037296    0.0025951095      0.00000      0.00000       1.1630000
       1.3126110       1.0021983    0.0026089416      0.00000      0.00000       1.1650000
       1.3297718      0.99521290    0.0025894118      0.00000      0.00000       1.1660000
       1.3469247      0.99752713    0.0025818447      0.00000      0.00000       1.1670001
       1.3640834      0.99844243    0.0026033025      0.00000      0.00000       1.1680000
       1.3812403      0.99183351    0.0025753741      0.00000      0.00000       1.1700000
       1.3984073       1.0002753    0.0026261510      0.00000      0.00000       1.1710000
       1.4155817       1.0048865    0.0026303800      0.00000      0.00000       1.1730000
       1.4327269      0.99690201    0.0026197974      0.00000      0.00000       1.1740000
       1.4498929       1.0032621    0.0027434443      0.00000      0.00000       1.1750000
       1.4670406       1.0009449    0.0026708006      0.00000      0.00000       1.1770000
       1.4842200      0.99391459    0.0026016506      0.00000      0.00000       1.1790000
       1.5013747       1.0017255    0.0026046762      0.00000      0.00000       1.1799999
       1.5185259      0.99451998    0.0025759032      0.00000      0.00000       1.1820000
       1.5357130      0.99843696    0.0026268463      0.00000      0.00000       1.1830000
       1.5529072       1.0030081    0.0026675927      0.00000      0.00000       1.1849999
       1.5700583       1.0029762    0.0026155133      0.00000      0.00000       1.1870000
       1.5872133       1.0005269    0.0026498323      0.00000      0.00000       1.1880000
       1.6043720      0.99817487    0.0026657976      0.00000      0.00000       1.1900001
       1.6215549      0.99786505    0.0026690497      0.00000      0.00000       1.1920000
       1.6387078      0.99800629    0.0026229363      0.00000      0.00000       1.1940000
       1.6558656      0.99361015    0.0025924246      0.00000      0.00000       1.1950001
       1.6730446      0.99328997    0.0025898821      0.00000      0.00000       1.1970000
       1.6902109      0.99291839    0.0026125459      0.00000      0.00000       1.1990000
       1.7073672      0.99498281    0.0026424957      0.00000      0.00000       1.2010000
       1.7245177      0.99677229    0.0026240417      0.00000      0.00000       1.2029999
       1.7416723       1.0009354    0.0026721666      0.00000      0.00000       1.2050000
       1.7588465       1.0034624    0.0026689122      0.00000      0.00000       1.2070000
       1.7760022      0.99270397    0.0026249670      0.00000      0.00000       1.2090000
       1.7931647      0.99355371    0.0026195403      0.00000      0.00000       1.2110000
       1.8103677      0.99909689    0.0026849982      0.00000      0.00000       1.2130001
       1.8275192       1.0017260    0.0026579759      0.00000      0.00000       1.2150000
       1.8446959       1.0034585    0.0026759348      0.00000      0.00000       1.2180001
       1.8618395       1.0022264    0.0026993354      0.00000      0.00000       1.2200000
       1.8790021      0.99880024    0.0026690982      0.00000      0.00000       1.2220000
       1.8961957      0.99187006    0.0026739044      0.00000      0.00000       1.2240000
       1.9133663       1.0012027    0.0026702243      0.00000      0.00000       1.2270000
       1.9305401       1.0090452    0.0027251672      0.00000      0.00000       1.2290000
       1.9476975      0.99781822    0.0026968713      0.00000      0.00000       1.2309999
       1.9648636      0.99975375    0.0027124095      0.00000      0.00000       1.2340000
       1.9820230       1.0004234    0.0027415716      0.00000      0.00000       1.2359999
       1.9991862       1.0008587    0.0027226874      0.00000      0.00000       1.2390000
       2.0163497      0.99971529    0.0027292946      0.00000      0.00000       1.2410001
       2.0335066       1.0013823    0.0027084322      0.00000      0.00000       1.2440000
       2.0506635      0.99435180    0.0026412199      0.00000      0.00000       1.2460001
       2.0678104      0.99952664    0.0026866823      0.00000      0.00000       1.2490000
       2.0849738       1.0026744    0.0026717154      0.00000      0.00000       1.2520000
       2.1021310       1.0012782    0.0026970620      0.00000      0.00000       1.2539999
       2.1192868       1.0057673    0.0026683356      0.00000      0.00000       1.2570000
       2.1364658       1.0111499    0.0026994767      0.00000      0.00000       1.2600000
       2.1536434       1.0044092    0.0026615288      0.00000      0.00000       1.2630000
       2.1708035       1.0061693    0.0026840446      0.00000      0.00000       1.2660000
       2.1879862      0.99929796    0.0026477212      0.00000      0.00000       1.2690001
       2.2051383       1.0020749    0.0026196525      0.00000      0.00000       1.2720000
       2.2222890       1.0034013    0.0026647262      0.00000      0.00000       1.2750000
       2.2394492       1.0009451    0.0026768645      0.00000      0.00000       1.2780000
