#JD -  2457388 (hr) Flux  Fl_err  Model_fl   Residual for 0.96um (%) Airmass
      -2.4139274      0.98800245    0.0035722969      0.00000      0.00000       1.5900000
      -2.3796119       1.0008531    0.0034153794      0.00000      0.00000       1.5750000
      -2.3624283      0.99422075    0.0034586531      0.00000      0.00000       1.5680000
      -2.3452542      0.98167818    0.0033588135      0.00000      0.00000       1.5610000
      -2.3280954      0.98973222    0.0033035968      0.00000      0.00000       1.5549999
      -2.3108841       1.0011719    0.0034043080      0.00000      0.00000       1.5480000
      -2.2937279      0.97983596    0.0033821638      0.00000      0.00000       1.5410000
      -2.2765756      0.98281742    0.0033499780      0.00000      0.00000       1.5350000
      -2.2594209      0.99239349    0.0034743679      0.00000      0.00000       1.5280000
      -2.2422617      0.99892190    0.0032806846      0.00000      0.00000       1.5220000
      -2.2251076      0.98805574    0.0032182342      0.00000      0.00000       1.5160000
      -2.2079540      0.99819646    0.0032554185      0.00000      0.00000       1.5100000
      -2.1907916       1.0056962    0.0032206127      0.00000      0.00000       1.5030000
      -2.1736349      0.99486742    0.0032111290      0.00000      0.00000       1.4970000
      -2.1564684       1.0054027    0.0032322031      0.00000      0.00000       1.4920000
      -2.1393057      0.99387607    0.0032379395      0.00000      0.00000       1.4859999
      -2.1221514       1.0072369    0.0032154140      0.00000      0.00000       1.4800000
      -2.1049994      0.99446979    0.0031412679      0.00000      0.00000       1.4740000
      -2.0878427      0.97762293    0.0031337447      0.00000      0.00000       1.4690000
      -2.0706809      0.99958346    0.0032320889      0.00000      0.00000       1.4630001
      -2.0535003      0.98824993    0.0031598267      0.00000      0.00000       1.4570000
      -2.0363209      0.99281124    0.0031571101      0.00000      0.00000       1.4520000
      -2.0191896      0.99690002    0.0032072329      0.00000      0.00000       1.4470000
      -2.0020402      0.98595918    0.0032630173      0.00000      0.00000       1.4410000
      -1.9848875      0.99571385    0.0031843494      0.00000      0.00000       1.4360000
      -1.9677348      0.99282317    0.0032094093      0.00000      0.00000       1.4310000
      -1.9505772      0.99939618    0.0032116598      0.00000      0.00000       1.4260000
      -1.9334253       1.0098247    0.0032161549      0.00000      0.00000       1.4210000
      -1.9162731       1.0015685    0.0033107204      0.00000      0.00000       1.4160000
      -1.8991183      0.99915675    0.0032777924      0.00000      0.00000       1.4110000
      -1.8819675       1.0029546    0.0033141178      0.00000      0.00000       1.4060000
      -1.8648166       1.0010926    0.0032989374      0.00000      0.00000       1.4020000
      -1.8476630      0.99498897    0.0032950122      0.00000      0.00000       1.3970000
      -1.8305127      0.99779226    0.0033055642      0.00000      0.00000       1.3920000
      -1.8133558      0.99621616    0.0037153652      0.00000      0.00000       1.3880000
      -1.7961718      0.99532575    0.0032618997      0.00000      0.00000       1.3830000
      -1.7789818      0.99468975    0.0032378587      0.00000      0.00000       1.3789999
      -1.7618224      0.99556893    0.0032748933      0.00000      0.00000       1.3750000
      -1.7446703       1.0024482    0.0032325627      0.00000      0.00000       1.3700000
      -1.7275163      0.99986355    0.0032381135      0.00000      0.00000       1.3660001
      -1.7103350       1.0064547    0.0031900180      0.00000      0.00000       1.3620000
      -1.6931812       1.0009826    0.0032621074      0.00000      0.00000       1.3580000
      -1.6760198      0.99016797    0.0032258876      0.00000      0.00000       1.3530000
      -1.6588624      0.99621609    0.0032694732      0.00000      0.00000       1.3490000
      -1.6417030      0.99471671    0.0033251641      0.00000      0.00000       1.3450000
      -1.6245494       1.0095800    0.0031819193      0.00000      0.00000       1.3410000
      -1.6073352       1.0091782    0.0032203891      0.00000      0.00000       1.3380001
      -1.5901794       1.0099894    0.0031548463      0.00000      0.00000       1.3340000
      -1.5730222      0.97588651    0.0031012344      0.00000      0.00000       1.3300000
      -1.5558700      0.99703478    0.0031900114      0.00000      0.00000       1.3260000
      -1.5387079      0.99524973    0.0031149173      0.00000      0.00000       1.3220000
      -1.5215525       1.0049633    0.0031598322      0.00000      0.00000       1.3190000
      -1.5043944       1.0060780    0.0032074540      0.00000      0.00000       1.3150001
      -1.4872407      0.99599211    0.0031548609      0.00000      0.00000       1.3120000
      -1.4700676      0.99776375    0.0032008393      0.00000      0.00000       1.3080000
      -1.4528847      0.98064956    0.0030729719      0.00000      0.00000       1.3049999
      -1.4357223      0.98671512    0.0031557000      0.00000      0.00000       1.3010000
      -1.4185246      0.99706435    0.0031367056      0.00000      0.00000       1.2980000
      -1.4013444       1.0065938    0.0031324675      0.00000      0.00000       1.2950000
      -1.3841855       1.0023577    0.0031405278      0.00000      0.00000       1.2910000
      -1.3669997       1.0044073    0.0030882797      0.00000      0.00000       1.2880000
      -1.3498463      0.98697220    0.0030238068      0.00000      0.00000       1.2850000
      -1.3326628       1.0047563    0.0032384331      0.00000      0.00000       1.2819999
      -1.3154663       1.0044389    0.0030922302      0.00000      0.00000       1.2790000
      -1.2982878       1.0053431    0.0031127591      0.00000      0.00000       1.2760000
      -1.2811327      0.99119193    0.0030817569      0.00000      0.00000       1.2730000
      -1.2639686      0.99866030    0.0030331377      0.00000      0.00000       1.2700000
      -1.2468145       1.0033994    0.0030599631      0.00000      0.00000       1.2670000
      -1.2296646       1.0057320    0.0031305045      0.00000      0.00000       1.2640001
      -1.2125125       1.0047311    0.0030195124      0.00000      0.00000       1.2610000
      -1.1953755       1.0093021    0.0030711818      0.00000      0.00000       1.2580000
      -1.1782241       1.0161309    0.0030930880      0.00000      0.00000       1.2550000
      -1.1610706       1.0035160    0.0030755586      0.00000      0.00000       1.2530000
      -1.1439169      0.99421087    0.0030925939      0.00000      0.00000       1.2500000
      -1.1267321       1.0024549    0.0030542410      0.00000      0.00000       1.2470000
      -1.1095584      0.99778118    0.0031143038      0.00000      0.00000       1.2450000
      -1.0924102      0.99346637    0.0030635174      0.00000      0.00000       1.2420000
      -1.0752579      0.99756172    0.0030508448      0.00000      0.00000       1.2400000
      -1.0580962      0.99390529    0.0030887140      0.00000      0.00000       1.2370000
      -1.0409426       1.0002492    0.0030276092      0.00000      0.00000       1.2350000
      -1.0237881       1.0024770    0.0030732471      0.00000      0.00000       1.2320000
      -1.0066325       1.0067969    0.0030811067      0.00000      0.00000       1.2300000
     -0.98947485      0.99777589    0.0031186572      0.00000      0.00000       1.2270000
     -0.97231195       1.0060687    0.0031007375      0.00000      0.00000       1.2250000
     -0.95515907      0.99714941    0.0031285854      0.00000      0.00000       1.2230000
     -0.93798331      0.98938754    0.0030620904      0.00000      0.00000       1.2200000
     -0.92082277      0.99925875    0.0030740980      0.00000      0.00000       1.2180001
     -0.90363025       1.0117671    0.0031163950      0.00000      0.00000       1.2160000
     -0.88647098       1.0049278    0.0031658695      0.00000      0.00000       1.2140000
     -0.86930338      0.99568244    0.0031458088      0.00000      0.00000       1.2120000
     -0.85214707       1.0140625    0.0032285176      0.00000      0.00000       1.2100000
     -0.83499177       1.0086332    0.0031655364      0.00000      0.00000       1.2079999
     -0.81781283      0.99974179    0.0031362147      0.00000      0.00000       1.2060000
     -0.80065585       1.0012571    0.0030971367      0.00000      0.00000       1.2040000
     -0.78350712       1.0020318    0.0032234377      0.00000      0.00000       1.2020000
     -0.76631989      0.99916508    0.0032345234      0.00000      0.00000       1.2000000
     -0.74916646       1.0003330    0.0030725467      0.00000      0.00000       1.1980000
     -0.71485827      0.99727287    0.0030749602      0.00000      0.00000       1.1940000
     -0.69768679      0.99315733    0.0031123345      0.00000      0.00000       1.1920000
     -0.68053768       1.0054003    0.0031389473      0.00000      0.00000       1.1910000
     -0.66338503       1.0089811    0.0031356142      0.00000      0.00000       1.1890000
     -0.64623282      0.99711257    0.0031647580      0.00000      0.00000       1.1870000
     -0.62907667      0.99704692    0.0032369121      0.00000      0.00000       1.1849999
     -0.61190716       1.0081806    0.0032560894      0.00000      0.00000       1.1840000
     -0.59474967       1.0000000    0.0031110559      0.00000      0.00000       1.1820000
     -0.57759460       1.0019545    0.0030935772      0.00000      0.00000       1.1810000
     -0.56041372       1.0030099    0.0031310995      0.00000      0.00000       1.1790000
     -0.54326313       1.0081622    0.0031226545      0.00000      0.00000       1.1780000
     -0.52607189       1.0048891    0.0030971262      0.00000      0.00000       1.1760000
     -0.50891352      0.99671953    0.0030342572      0.00000      0.00000       1.1750000
     -0.49168405       1.0059087    0.0030768212      0.00000      0.00000       1.1730000
     -0.47451943       1.0010679    0.0031620875      0.00000      0.00000       1.1720001
     -0.45732503       1.0036600    0.0031687063      0.00000      0.00000       1.1700000
     -0.44017357       1.0119142    0.0031048160      0.00000      0.00000       1.1690000
     -0.42301279       1.0075284    0.0031079867      0.00000      0.00000       1.1680000
     -0.40583064       1.0051307    0.0031260373      0.00000      0.00000       1.1660000
     -0.38865100       1.0045117    0.0030718124      0.00000      0.00000       1.1650000
     -0.37149500       1.0029325    0.0031119821      0.00000      0.00000       1.1640000
     -0.35434107       1.0160553    0.0031168591      0.00000      0.00000       1.1630000
     -0.33717167      0.99958501    0.0030390388      0.00000      0.00000       1.1610000
     -0.32001138       1.0125066    0.0030598418      0.00000      0.00000       1.1600000
     -0.30285690      0.99544321    0.0031036432      0.00000      0.00000       1.1590000
     -0.28569942       1.0236165    0.0031962585      0.00000      0.00000       1.1580000
     -0.26853983       1.0112232    0.0031173047      0.00000      0.00000       1.1569999
     -0.25137686       1.0037370    0.0031110380      0.00000      0.00000       1.1560000
     -0.23421697       1.0032268    0.0030730731      0.00000      0.00000       1.1550000
     -0.21703383       1.0099383    0.0030338386      0.00000      0.00000       1.1540000
     -0.19983917      0.99700259    0.0030899336      0.00000      0.00000       1.1530000
     -0.18265923      0.99543848    0.0030899805      0.00000      0.00000       1.1520000
     -0.16550921       1.0020526    0.0030543654      0.00000      0.00000       1.1510000
     -0.14835759       1.0122642    0.0030913842      0.00000      0.00000       1.1500000
     -0.13120325      0.99797262    0.0030058769      0.00000      0.00000       1.1490000
     -0.11404668       1.0123871    0.0030568936      0.00000      0.00000       1.1480000
    -0.096892018       1.0027325    0.0030507124      0.00000      0.00000       1.1470000
    -0.079706144       1.0195525    0.0031388618      0.00000      0.00000       1.1470000
    -0.062549081       1.0092735    0.0030837951      0.00000      0.00000       1.1460000
    -0.045385737      0.99430673    0.0030471292      0.00000      0.00000       1.1450000
    -0.028229568       1.0076308    0.0031869259      0.00000      0.00000       1.1440001
    -0.011077188      0.98993474    0.0031161711      0.00000      0.00000       1.1440001
    0.0060829930       1.0004872    0.0031476493      0.00000      0.00000       1.1430000
     0.023241006       1.0010437    0.0030988755      0.00000      0.00000       1.1420000
     0.057586715       1.0164095    0.0031393595      0.00000      0.00000       1.1410000
     0.074738078       1.0117648    0.0031504108      0.00000      0.00000       1.1410000
     0.091926958       1.0118158    0.0030978624      0.00000      0.00000       1.1400000
      0.10908441       1.0073892    0.0031033609      0.00000      0.00000       1.1400000
      0.12624985      0.99880507    0.0030770219      0.00000      0.00000       1.1390001
      0.14343952       1.0044155    0.0030288169      0.00000      0.00000       1.1390001
      0.16059910       1.0067393    0.0030406232      0.00000      0.00000       1.1380000
      0.17781410       1.0035625    0.0029777732      0.00000      0.00000       1.1380000
      0.19497075      0.99668310    0.0029956110      0.00000      0.00000       1.1370000
      0.21213238       1.0002646    0.0030299761      0.00000      0.00000       1.1370000
      0.22931802      0.99821954    0.0030305469      0.00000      0.00000       1.1370000
      0.24653504       1.0029683    0.0030246762      0.00000      0.00000       1.1360000
      0.26378680       1.0005642    0.0031305006      0.00000      0.00000       1.1360000
      0.28097971       1.0057948    0.0030533556      0.00000      0.00000       1.1360000
      0.29821431      0.99615065    0.0030640746      0.00000      0.00000       1.1360000
      0.31541125       1.0037177    0.0030678685      0.00000      0.00000       1.1350000
      0.33270907       1.0086281    0.0030405473      0.00000      0.00000       1.1350000
      0.35002717      0.99764840    0.0030482600      0.00000      0.00000       1.1350000
      0.36729911      0.99678313    0.0030661203      0.00000      0.00000       1.1350000
      0.38443540      0.99799965    0.0030522312      0.00000      0.00000       1.1350000
      0.40167135       1.0020788    0.0030978315      0.00000      0.00000       1.1350000
      0.41898493       1.0218204    0.0031347878      0.00000      0.00000       1.1339999
      0.43629516       1.0084026    0.0031132009      0.00000      0.00000       1.1339999
      0.45350696      0.99342035    0.0029968283      0.00000      0.00000       1.1339999
      0.47090033       1.0039573    0.0030281425      0.00000      0.00000       1.1339999
      0.48835700       1.0100960    0.0030842597      0.00000      0.00000       1.1339999
      0.50571612       1.0027242    0.0030563863      0.00000      0.00000       1.1339999
      0.52294159       1.0052204    0.0030890270      0.00000      0.00000       1.1339999
      0.54011025       1.0066219    0.0030673923      0.00000      0.00000       1.1350000
      0.55726436       1.0087853    0.0031014591      0.00000      0.00000       1.1350000
      0.57441739       1.0022375    0.0030400000      0.00000      0.00000       1.1350000
      0.59157442      0.99398880    0.0030838194      0.00000      0.00000       1.1350000
      0.60873171       1.0061524    0.0031258867      0.00000      0.00000       1.1350000
      0.62589252       1.0036058    0.0030560019      0.00000      0.00000       1.1350000
      0.64305001      0.99752283    0.0031058332      0.00000      0.00000       1.1360000
      0.66020143       1.0098692    0.0030805955      0.00000      0.00000       1.1360000
      0.67735273       1.0043130    0.0030708856      0.00000      0.00000       1.1360000
      0.69450846       1.0040999    0.0030717901      0.00000      0.00000       1.1370000
      0.71166889      0.99353753    0.0030190988      0.00000      0.00000       1.1370000
      0.72882775      0.98732197    0.0031058362      0.00000      0.00000       1.1370000
      0.74599063      0.99701861    0.0030201634      0.00000      0.00000       1.1380000
      0.76317700       1.0056618    0.0030429992      0.00000      0.00000       1.1380000
      0.78036917       1.0024845    0.0031032029      0.00000      0.00000       1.1380000
      0.79755127       1.0034012    0.0030645051      0.00000      0.00000       1.1390001
      0.81470158       1.0024754    0.0030509222      0.00000      0.00000       1.1390001
      0.83185868      0.99447480    0.0030547098      0.00000      0.00000       1.1400000
      0.84901674       1.0043238    0.0030740671      0.00000      0.00000       1.1400000
      0.86617046       1.0114830    0.0031054093      0.00000      0.00000       1.1410000
      0.88332214       1.0069881    0.0030729319      0.00000      0.00000       1.1420000
      0.90048270       1.0068318    0.0030528703      0.00000      0.00000       1.1420000
      0.91763412       1.0168100    0.0031121531      0.00000      0.00000       1.1430000
      0.93478792       1.0028550    0.0030376868      0.00000      0.00000       1.1440001
      0.95194602       1.0083075    0.0031068305      0.00000      0.00000       1.1440001
      0.96910892      0.99788721    0.0030580310      0.00000      0.00000       1.1450000
      0.98628861      0.99704198    0.0030533264      0.00000      0.00000       1.1460000
       1.0035013      0.99953510    0.0031549588      0.00000      0.00000       1.1460000
       1.0206516       1.0007120    0.0030933544      0.00000      0.00000       1.1470000
       1.0378065      0.98226958    0.0030881035      0.00000      0.00000       1.1480000
       1.0549635      0.99453396    0.0030854382      0.00000      0.00000       1.1490000
       1.0721177      0.99615531    0.0031188350      0.00000      0.00000       1.1500000
       1.0893100      0.99155560    0.0030908664      0.00000      0.00000       1.1510000
       1.1064706       1.0096445    0.0031601063      0.00000      0.00000       1.1520000
       1.1236278       1.0006517    0.0030928368      0.00000      0.00000       1.1520000
       1.1408128       1.0150141    0.0031436194      0.00000      0.00000       1.1530000
       1.1579989       1.0009901    0.0031275944      0.00000      0.00000       1.1540000
       1.1751856       1.0051773    0.0031284988      0.00000      0.00000       1.1550000
       1.1923734      0.99976007    0.0031098802      0.00000      0.00000       1.1560000
       1.2095557      0.99730887    0.0030862106      0.00000      0.00000       1.1580000
       1.2267322      0.99700951    0.0031147985      0.00000      0.00000       1.1590000
       1.2438903      0.99813321    0.0030859299      0.00000      0.00000       1.1600000
       1.2610724      0.99658153    0.0031081538      0.00000      0.00000       1.1610000
       1.2782571      0.99901211    0.0031271926      0.00000      0.00000       1.1619999
       1.2954189      0.98925871    0.0030552006      0.00000      0.00000       1.1630000
       1.3126110       1.0003726    0.0030776511      0.00000      0.00000       1.1650000
       1.3297718       1.0089348    0.0030910693      0.00000      0.00000       1.1660000
       1.3469247      0.98396935    0.0030252503      0.00000      0.00000       1.1670001
       1.3640834      0.99782834    0.0030886895      0.00000      0.00000       1.1680000
       1.3812403       1.0054303    0.0030940848      0.00000      0.00000       1.1700000
       1.3984073      0.99360720    0.0030924444      0.00000      0.00000       1.1710000
       1.4155817       1.0079478    0.0031064514      0.00000      0.00000       1.1730000
       1.4327269      0.99965588    0.0030998218      0.00000      0.00000       1.1740000
       1.4498929       1.0013996    0.0032261804      0.00000      0.00000       1.1750000
       1.4670406      0.99726073    0.0031689335      0.00000      0.00000       1.1770000
       1.4842200      0.99391983    0.0031020773      0.00000      0.00000       1.1790000
       1.5013747       1.0051449    0.0030777898      0.00000      0.00000       1.1799999
       1.5185259      0.99656854    0.0030971954      0.00000      0.00000       1.1820000
       1.5357130      0.98891601    0.0030677946      0.00000      0.00000       1.1830000
       1.5529072      0.97565647    0.0030924389      0.00000      0.00000       1.1849999
       1.5872133      0.98607382    0.0030972517      0.00000      0.00000       1.1880000
       1.6043720       1.0021255    0.0031631755      0.00000      0.00000       1.1900001
       1.6215549      0.99628555    0.0031449024      0.00000      0.00000       1.1920000
       1.6387078       1.0068322    0.0031276401      0.00000      0.00000       1.1940000
       1.6558656       1.0126160    0.0031287293      0.00000      0.00000       1.1950001
       1.6730446      0.99623868    0.0031091784      0.00000      0.00000       1.1970000
       1.6902109       1.0044986    0.0031211647      0.00000      0.00000       1.1990000
       1.7073672       1.0000229    0.0031520677      0.00000      0.00000       1.2010000
       1.7245177      0.99161800    0.0030902956      0.00000      0.00000       1.2029999
       1.7416723       1.0036638    0.0031593825      0.00000      0.00000       1.2050000
       1.7588465      0.98738331    0.0031309531      0.00000      0.00000       1.2070000
       1.7760022      0.99981746    0.0031092675      0.00000      0.00000       1.2090000
       1.7931647      0.99517850    0.0031294939      0.00000      0.00000       1.2110000
       1.8103677      0.98018862    0.0031020434      0.00000      0.00000       1.2130001
       1.8275192      0.99095962    0.0030995031      0.00000      0.00000       1.2150000
       1.8446959      0.99831766    0.0031368095      0.00000      0.00000       1.2180001
       1.8618395      0.99868027    0.0031584259      0.00000      0.00000       1.2200000
       1.8790021      0.99169572    0.0031270255      0.00000      0.00000       1.2220000
       1.8961957      0.99627602    0.0031617455      0.00000      0.00000       1.2240000
       1.9133663      0.99131963    0.0031198847      0.00000      0.00000       1.2270000
       1.9305401       1.0040209    0.0031489475      0.00000      0.00000       1.2290000
       1.9476975      0.99633263    0.0031890083      0.00000      0.00000       1.2309999
       1.9648636      0.98749174    0.0031714681      0.00000      0.00000       1.2340000
       1.9820230      0.99958769    0.0032166303      0.00000      0.00000       1.2359999
       1.9991862      0.99332054    0.0031694339      0.00000      0.00000       1.2390000
       2.0163497       1.0064077    0.0032562893      0.00000      0.00000       1.2410001
       2.0335066      0.98873657    0.0031532614      0.00000      0.00000       1.2440000
       2.0506635       1.0023587    0.0031426736      0.00000      0.00000       1.2460001
       2.0678104      0.98777049    0.0031843301      0.00000      0.00000       1.2490000
       2.0849738      0.99376687    0.0031366421      0.00000      0.00000       1.2520000
       2.1021310      0.99593712    0.0031580253      0.00000      0.00000       1.2539999
       2.1192868      0.98483287    0.0031183053      0.00000      0.00000       1.2570000
       2.1364658      0.98947521    0.0031063849      0.00000      0.00000       1.2600000
       2.1536434      0.98877617    0.0031010428      0.00000      0.00000       1.2630000
       2.1708035      0.98901067    0.0031179965      0.00000      0.00000       1.2660000
       2.1879862      0.99998242    0.0031177960      0.00000      0.00000       1.2690001
       2.2051383      0.99426057    0.0031005903      0.00000      0.00000       1.2720000
       2.2222890      0.99475306    0.0031466434      0.00000      0.00000       1.2750000
       2.2394492      0.99807871    0.0031324832      0.00000      0.00000       1.2780000
