#JD -  2457388 (hr) Flux  Fl_err  Model_fl   Residual for 2.23um (%) Airmass
      -2.4139274      0.99705129    0.0027603423      0.00000      0.00000       1.5900000
      -2.3967685       1.0014439    0.0027667493      0.00000      0.00000       1.5820000
      -2.3796119       1.0047305    0.0027440908      0.00000      0.00000       1.5750000
      -2.3624283      0.99880333    0.0027708899      0.00000      0.00000       1.5680000
      -2.3452542      0.99562977    0.0027021920      0.00000      0.00000       1.5610000
      -2.3280954       1.0013328    0.0026636296      0.00000      0.00000       1.5549999
      -2.3108841       1.0005639    0.0026967988      0.00000      0.00000       1.5480000
      -2.2937279       1.0001966    0.0027615974      0.00000      0.00000       1.5410000
      -2.2765756      0.99844532    0.0026705742      0.00000      0.00000       1.5350000
      -2.2594209       1.0062834    0.0027801205      0.00000      0.00000       1.5280000
      -2.2422617      0.99300112    0.0025739335      0.00000      0.00000       1.5220000
      -2.2251076       1.0025472    0.0025910120      0.00000      0.00000       1.5160000
      -2.2079540      0.98822368    0.0026150089      0.00000      0.00000       1.5100000
      -2.1907916       1.0091154    0.0025694491      0.00000      0.00000       1.5030000
      -2.1736349       1.0055400    0.0025971875      0.00000      0.00000       1.4970000
      -2.1564684       1.0079705    0.0025671887      0.00000      0.00000       1.4920000
      -2.1393057       1.0045806    0.0025950766      0.00000      0.00000       1.4859999
      -2.1221514       1.0071058    0.0025768211      0.00000      0.00000       1.4800000
      -2.1049994       1.0069317    0.0025654473      0.00000      0.00000       1.4740000
      -2.0878427       1.0199072    0.0026584584      0.00000      0.00000       1.4690000
      -2.0535003       1.0005940    0.0025905513      0.00000      0.00000       1.4570000
      -2.0363209       1.0043313    0.0025076554      0.00000      0.00000       1.4520000
      -2.0191896      0.99992635    0.0025233188      0.00000      0.00000       1.4470000
      -2.0020402       1.0114235    0.0026780389      0.00000      0.00000       1.4410000
      -1.9848875       1.0119863    0.0026247932      0.00000      0.00000       1.4360000
      -1.9677348       1.0013302    0.0025931751      0.00000      0.00000       1.4310000
      -1.9505772       1.0012951    0.0025662448      0.00000      0.00000       1.4260000
      -1.9334253      0.99836441    0.0025611402      0.00000      0.00000       1.4210000
      -1.9162731      0.99885590    0.0026383346      0.00000      0.00000       1.4160000
      -1.8991183      0.99838916    0.0026280143      0.00000      0.00000       1.4110000
      -1.8819675       1.0004278    0.0026022693      0.00000      0.00000       1.4060000
      -1.8648166      0.99903319    0.0026579572      0.00000      0.00000       1.4020000
      -1.8476630       1.0049876    0.0026451321      0.00000      0.00000       1.3970000
      -1.8305127      0.99825327    0.0026168699      0.00000      0.00000       1.3920000
      -1.8133558       1.0007866    0.0028678409      0.00000      0.00000       1.3880000
      -1.7961718      0.99647053    0.0026094469      0.00000      0.00000       1.3830000
      -1.7789818      0.99763619    0.0025889057      0.00000      0.00000       1.3789999
      -1.7618224       1.0096453    0.0026346053      0.00000      0.00000       1.3750000
      -1.7446703       1.0027157    0.0025915779      0.00000      0.00000       1.3700000
      -1.7275163       1.0037536    0.0025610514      0.00000      0.00000       1.3660001
      -1.7103350       1.0035874    0.0025373544      0.00000      0.00000       1.3620000
      -1.6931812       1.0037998    0.0025839539      0.00000      0.00000       1.3580000
      -1.6760198       1.0065944    0.0025755614      0.00000      0.00000       1.3530000
      -1.6588624      0.99703770    0.0025897664      0.00000      0.00000       1.3490000
      -1.6417030      0.99944603    0.0025913986      0.00000      0.00000       1.3450000
      -1.6245494       1.0088371    0.0025645141      0.00000      0.00000       1.3410000
      -1.6073352      0.99539844    0.0025293230      0.00000      0.00000       1.3380001
      -1.5901794       1.0008347    0.0024862932      0.00000      0.00000       1.3340000
      -1.5730222      0.99979787    0.0025030087      0.00000      0.00000       1.3300000
      -1.5558700      0.99695710    0.0025169894      0.00000      0.00000       1.3260000
      -1.5387079      0.99931747    0.0025020766      0.00000      0.00000       1.3220000
      -1.5215525       1.0064080    0.0025303729      0.00000      0.00000       1.3190000
      -1.5043944       1.0035081    0.0025274243      0.00000      0.00000       1.3150001
      -1.4700676       1.0008937    0.0025633602      0.00000      0.00000       1.3080000
      -1.4528847       1.0054063    0.0025088013      0.00000      0.00000       1.3049999
      -1.4357223       1.0003006    0.0025168288      0.00000      0.00000       1.3010000
      -1.4185246       1.0013804    0.0025007869      0.00000      0.00000       1.2980000
      -1.4013444      0.99529128    0.0024708778      0.00000      0.00000       1.2950000
      -1.3841855       1.0075711    0.0025513118      0.00000      0.00000       1.2910000
      -1.3669997       1.0055999    0.0024784695      0.00000      0.00000       1.2880000
      -1.3498463       1.0001540    0.0024374242      0.00000      0.00000       1.2850000
      -1.3326628       1.0028737    0.0025617143      0.00000      0.00000       1.2819999
      -1.3154663       1.0016251    0.0024527935      0.00000      0.00000       1.2790000
      -1.2982878       1.0062975    0.0024682560      0.00000      0.00000       1.2760000
      -1.2811327       1.0022701    0.0024827594      0.00000      0.00000       1.2730000
      -1.2639686      0.99591586    0.0023885859      0.00000      0.00000       1.2700000
      -1.2468145       1.0038619    0.0024198578      0.00000      0.00000       1.2670000
      -1.2296646      0.99747351    0.0024731682      0.00000      0.00000       1.2640001
      -1.2125125       1.0022847    0.0024091383      0.00000      0.00000       1.2610000
      -1.1953755       1.0064554    0.0024368910      0.00000      0.00000       1.2580000
      -1.1782241       1.0052542    0.0024464213      0.00000      0.00000       1.2550000
      -1.1610706       1.0049506    0.0024457785      0.00000      0.00000       1.2530000
      -1.1439169       1.0130898    0.0025059053      0.00000      0.00000       1.2500000
      -1.1267321       1.0032924    0.0024541839      0.00000      0.00000       1.2470000
      -1.1095584       1.0031759    0.0024803624      0.00000      0.00000       1.2450000
      -1.0924102       1.0104162    0.0025005587      0.00000      0.00000       1.2420000
      -1.0752579       1.0173043    0.0025002413      0.00000      0.00000       1.2400000
      -1.0580962       1.0115794    0.0024946099      0.00000      0.00000       1.2370000
      -1.0409426      0.99375074    0.0023762649      0.00000      0.00000       1.2350000
      -1.0237881       1.0109418    0.0024848325      0.00000      0.00000       1.2320000
      -1.0066325       1.0080000    0.0024309322      0.00000      0.00000       1.2300000
     -0.98947485       1.0059812    0.0024845036      0.00000      0.00000       1.2270000
     -0.97231195      0.99856997    0.0024244295      0.00000      0.00000       1.2250000
     -0.95515907       1.0072447    0.0024966213      0.00000      0.00000       1.2230000
     -0.93798331       1.0116218    0.0024838429      0.00000      0.00000       1.2200000
     -0.92082277       1.0054940    0.0024446882      0.00000      0.00000       1.2180001
     -0.90363025       1.0041551    0.0024442237      0.00000      0.00000       1.2160000
     -0.88647098       1.0088072    0.0025128587      0.00000      0.00000       1.2140000
     -0.86930338       1.0053089    0.0025476671      0.00000      0.00000       1.2120000
     -0.85214707      0.99833957    0.0025085108      0.00000      0.00000       1.2100000
     -0.83499177       1.0028590    0.0025083813      0.00000      0.00000       1.2079999
     -0.81781283       1.0019243    0.0024781711      0.00000      0.00000       1.2060000
     -0.80065585       1.0040161    0.0024546665      0.00000      0.00000       1.2040000
     -0.78350712       1.0099346    0.0025671384      0.00000      0.00000       1.2020000
     -0.76631989       1.0064196    0.0025669788      0.00000      0.00000       1.2000000
     -0.74916646       1.0031661    0.0024278406      0.00000      0.00000       1.1980000
     -0.73201772       1.0015928    0.0024547994      0.00000      0.00000       1.1960000
     -0.71485827      0.99774178    0.0024301013      0.00000      0.00000       1.1940000
     -0.69768679       1.0046666    0.0024949746      0.00000      0.00000       1.1920000
     -0.68053768       1.0028676    0.0024750425      0.00000      0.00000       1.1910000
     -0.66338503       1.0024268    0.0024904521      0.00000      0.00000       1.1890000
     -0.64623282      0.99514047    0.0024818605      0.00000      0.00000       1.1870000
     -0.62907667       1.0073325    0.0025529801      0.00000      0.00000       1.1849999
     -0.61190716      0.99482158    0.0025283902      0.00000      0.00000       1.1840000
     -0.59474967       1.0012800    0.0024652733      0.00000      0.00000       1.1820000
     -0.57759460      0.99701349    0.0024238577      0.00000      0.00000       1.1810000
     -0.56041372       1.0036558    0.0024674748      0.00000      0.00000       1.1790000
     -0.54326313       1.0050742    0.0024687165      0.00000      0.00000       1.1780000
     -0.52607189       1.0108532    0.0024551874      0.00000      0.00000       1.1760000
     -0.50891352       1.0064392    0.0024174684      0.00000      0.00000       1.1750000
     -0.49168405       1.0036095    0.0024114108      0.00000      0.00000       1.1730000
     -0.47451943       1.0083832    0.0024971689      0.00000      0.00000       1.1720001
     -0.45732503      0.99928053    0.0024465001      0.00000      0.00000       1.1700000
     -0.44017357       1.0079031    0.0024510737      0.00000      0.00000       1.1690000
     -0.42301279      0.99581222    0.0024281243      0.00000      0.00000       1.1680000
     -0.40583064       1.0014478    0.0024495056      0.00000      0.00000       1.1660000
     -0.38865100      0.99831497    0.0023961369      0.00000      0.00000       1.1650000
     -0.37149500       1.0096462    0.0024742250      0.00000      0.00000       1.1640000
     -0.35434107       1.0119863    0.0024567183      0.00000      0.00000       1.1630000
     -0.33717167       1.0104620    0.0024170312      0.00000      0.00000       1.1610000
     -0.32001138       1.0021330    0.0024085739      0.00000      0.00000       1.1600000
     -0.30285690       1.0015918    0.0024240773      0.00000      0.00000       1.1590000
     -0.28569942       1.0217064    0.0025726110      0.00000      0.00000       1.1580000
     -0.26853983      0.99687720    0.0024343201      0.00000      0.00000       1.1569999
     -0.25137686       1.0042057    0.0024336390      0.00000      0.00000       1.1560000
     -0.23421697       1.0030646    0.0024176383      0.00000      0.00000       1.1550000
     -0.21703383      0.99816908    0.0023867672      0.00000      0.00000       1.1540000
     -0.19983917       1.0006710    0.0024363869      0.00000      0.00000       1.1530000
     -0.18265923      0.99823616    0.0024253700      0.00000      0.00000       1.1520000
     -0.16550921       1.0106493    0.0024244028      0.00000      0.00000       1.1510000
     -0.14835759      0.99346215    0.0023997469      0.00000      0.00000       1.1500000
     -0.13120325       1.0004018    0.0023850087      0.00000      0.00000       1.1490000
     -0.11404668      0.99790049    0.0023600770      0.00000      0.00000       1.1480000
    -0.096892018       1.0153473    0.0024280812      0.00000      0.00000       1.1470000
    -0.079706144       1.0015015    0.0024444362      0.00000      0.00000       1.1470000
    -0.062549081      0.99686596    0.0023921792      0.00000      0.00000       1.1460000
    -0.045385737      0.99744633    0.0024373204      0.00000      0.00000       1.1450000
    -0.028229568       1.0045706    0.0025083162      0.00000      0.00000       1.1440001
    -0.011077188       1.0039468    0.0024815949      0.00000      0.00000       1.1440001
    0.0060829930      0.99989308    0.0024676293      0.00000      0.00000       1.1430000
     0.023241006      0.99972337    0.0024471163      0.00000      0.00000       1.1420000
     0.040394884       1.0031620    0.0024949870      0.00000      0.00000       1.1420000
     0.057586715      0.99899132    0.0024572098      0.00000      0.00000       1.1410000
     0.074738078      0.99430166    0.0024236233      0.00000      0.00000       1.1410000
     0.091926958      0.99597162    0.0024198959      0.00000      0.00000       1.1400000
      0.10908441      0.99199393    0.0023809247      0.00000      0.00000       1.1400000
      0.12624985      0.98636753    0.0023749327      0.00000      0.00000       1.1390001
      0.14343952       1.0032475    0.0024035923      0.00000      0.00000       1.1390001
      0.16059910      0.99913901    0.0023928752      0.00000      0.00000       1.1380000
      0.17781410      0.99971626    0.0023464174      0.00000      0.00000       1.1380000
      0.19497075      0.99327104    0.0023502711      0.00000      0.00000       1.1370000
      0.21213238       1.0004973    0.0023706631      0.00000      0.00000       1.1370000
      0.22931802      0.99147995    0.0023605475      0.00000      0.00000       1.1370000
      0.24653504      0.99257641    0.0023510004      0.00000      0.00000       1.1360000
      0.26378680      0.99664181    0.0024368167      0.00000      0.00000       1.1360000
      0.28097971      0.98743525    0.0023445891      0.00000      0.00000       1.1360000
      0.29821431      0.99419217    0.0023860335      0.00000      0.00000       1.1360000
      0.31541125      0.99667117    0.0023688193      0.00000      0.00000       1.1350000
      0.33270907       1.0004648    0.0023809793      0.00000      0.00000       1.1350000
      0.35002717      0.99210452    0.0023481916      0.00000      0.00000       1.1350000
      0.36729911      0.99558080    0.0023465777      0.00000      0.00000       1.1350000
      0.38443540      0.99307813    0.0024000302      0.00000      0.00000       1.1350000
      0.40167135       1.0000000    0.0024282810      0.00000      0.00000       1.1350000
      0.41898493      0.99739197    0.0023967387      0.00000      0.00000       1.1339999
      0.43629516       1.0064758    0.0024408933      0.00000      0.00000       1.1339999
      0.45350696      0.99170964    0.0023491952      0.00000      0.00000       1.1339999
      0.47090033      0.98876921    0.0023471990      0.00000      0.00000       1.1339999
      0.48835700      0.98769603    0.0023561972      0.00000      0.00000       1.1339999
      0.50571612      0.99646030    0.0023988315      0.00000      0.00000       1.1339999
      0.52294159      0.99641321    0.0023839674      0.00000      0.00000       1.1339999
      0.54011025      0.98888184    0.0023582795      0.00000      0.00000       1.1350000
      0.55726436      0.99792946    0.0024004332      0.00000      0.00000       1.1350000
      0.57441739      0.99100712    0.0023566310      0.00000      0.00000       1.1350000
      0.59157442       1.0050344    0.0024346696      0.00000      0.00000       1.1350000
      0.60873171      0.99506120    0.0024069739      0.00000      0.00000       1.1350000
      0.62589252      0.98997361    0.0023573948      0.00000      0.00000       1.1350000
      0.64305001       1.0021881    0.0024152155      0.00000      0.00000       1.1360000
      0.66020143      0.99742555    0.0023717211      0.00000      0.00000       1.1360000
      0.67735273      0.99393474    0.0023712751      0.00000      0.00000       1.1360000
      0.69450846      0.98863675    0.0023660420      0.00000      0.00000       1.1370000
      0.71166889      0.98772797    0.0023482525      0.00000      0.00000       1.1370000
      0.72882775      0.99307040    0.0024257062      0.00000      0.00000       1.1370000
      0.74599063      0.99108819    0.0023254178      0.00000      0.00000       1.1380000
      0.76317700      0.98571843    0.0023078794      0.00000      0.00000       1.1380000
      0.78036917      0.99240974    0.0024082859      0.00000      0.00000       1.1380000
      0.79755127       1.0096356    0.0024925082      0.00000      0.00000       1.1390001
      0.81470158      0.98698679    0.0023387586      0.00000      0.00000       1.1390001
      0.83185868      0.98843127    0.0023638155      0.00000      0.00000       1.1400000
      0.84901674      0.99456018    0.0023745262      0.00000      0.00000       1.1400000
      0.86617046      0.99044464    0.0023642652      0.00000      0.00000       1.1410000
      0.88332214      0.99224464    0.0023531135      0.00000      0.00000       1.1420000
      0.90048270      0.99194660    0.0023442454      0.00000      0.00000       1.1420000
      0.91763412      0.98537814    0.0023787615      0.00000      0.00000       1.1430000
      0.93478792      0.98875937    0.0023436066      0.00000      0.00000       1.1440001
      0.95194602      0.99650708    0.0023856086      0.00000      0.00000       1.1440001
      0.96910892      0.99690024    0.0023784767      0.00000      0.00000       1.1450000
      0.98628861      0.99079391    0.0023671524      0.00000      0.00000       1.1460000
       1.0035013      0.98662870    0.0024104465      0.00000      0.00000       1.1460000
       1.0206516      0.98917261    0.0023577456      0.00000      0.00000       1.1470000
       1.0378065      0.99783308    0.0023913622      0.00000      0.00000       1.1480000
       1.0549635      0.99423676    0.0023988208      0.00000      0.00000       1.1490000
       1.0721177      0.99834746    0.0024212502      0.00000      0.00000       1.1500000
       1.0893100      0.99589657    0.0023760434      0.00000      0.00000       1.1510000
       1.1064706      0.99886347    0.0024201856      0.00000      0.00000       1.1520000
       1.1236278      0.98979265    0.0023724510      0.00000      0.00000       1.1520000
       1.1408128      0.99047932    0.0023695627      0.00000      0.00000       1.1530000
       1.1579989       1.0056184    0.0024428322      0.00000      0.00000       1.1540000
       1.1751856      0.99092738    0.0023823302      0.00000      0.00000       1.1550000
       1.1923734      0.99661049    0.0024159126      0.00000      0.00000       1.1560000
       1.2095557      0.99265287    0.0023955330      0.00000      0.00000       1.1580000
       1.2267322      0.98813144    0.0023776551      0.00000      0.00000       1.1590000
       1.2438903      0.98533433    0.0023585106      0.00000      0.00000       1.1600000
       1.2610724      0.99746523    0.0024217036      0.00000      0.00000       1.1610000
       1.2782571      0.99329767    0.0024008234      0.00000      0.00000       1.1619999
       1.2954189      0.99484408    0.0023620355      0.00000      0.00000       1.1630000
       1.3126110      0.99036263    0.0023650610      0.00000      0.00000       1.1650000
       1.3297718       1.0010198    0.0024131481      0.00000      0.00000       1.1660000
       1.3469247       1.0063242    0.0024261321      0.00000      0.00000       1.1670001
       1.3640834      0.98907201    0.0023552717      0.00000      0.00000       1.1680000
       1.3812403      0.99330876    0.0023691295      0.00000      0.00000       1.1700000
       1.3984073      0.99603192    0.0024134944      0.00000      0.00000       1.1710000
       1.4155817       1.0024374    0.0023876638      0.00000      0.00000       1.1730000
       1.4327269      0.99326745    0.0023688701      0.00000      0.00000       1.1740000
       1.4498929      0.99880310    0.0025051433      0.00000      0.00000       1.1750000
       1.4670406      0.99702107    0.0024268221      0.00000      0.00000       1.1770000
       1.4842200      0.99735198    0.0023862273      0.00000      0.00000       1.1790000
       1.5013747      0.99828513    0.0023595936      0.00000      0.00000       1.1799999
       1.5185259      0.99083241    0.0023319202      0.00000      0.00000       1.1820000
       1.5357130      0.99499286    0.0023978173      0.00000      0.00000       1.1830000
       1.5529072      0.99399066    0.0023960865      0.00000      0.00000       1.1849999
       1.5700583      0.99708605    0.0023986930      0.00000      0.00000       1.1870000
       1.5872133       1.0005931    0.0024252222      0.00000      0.00000       1.1880000
       1.6043720      0.99508041    0.0024265876      0.00000      0.00000       1.1900001
       1.6215549       1.0004454    0.0024658911      0.00000      0.00000       1.1920000
       1.6387078       1.0031026    0.0024099516      0.00000      0.00000       1.1940000
       1.6558656      0.99670577    0.0023954453      0.00000      0.00000       1.1950001
       1.6730446      0.99583815    0.0023977325      0.00000      0.00000       1.1970000
       1.6902109       1.0022795    0.0024282718      0.00000      0.00000       1.1990000
       1.7073672      0.99822312    0.0024057172      0.00000      0.00000       1.2010000
       1.7245177      0.99521342    0.0023881994      0.00000      0.00000       1.2029999
       1.7416723      0.99562204    0.0024039957      0.00000      0.00000       1.2050000
       1.7588465      0.99404573    0.0023901377      0.00000      0.00000       1.2070000
       1.7760022      0.99773085    0.0024096342      0.00000      0.00000       1.2090000
       1.7931647       1.0004392    0.0024166265      0.00000      0.00000       1.2110000
       1.8103677      0.99541148    0.0024216148      0.00000      0.00000       1.2130001
       1.8275192      0.99873398    0.0024017094      0.00000      0.00000       1.2150000
       1.8446959      0.99714376    0.0024006591      0.00000      0.00000       1.2180001
       1.8618395       1.0031815    0.0024508971      0.00000      0.00000       1.2200000
       1.8790021      0.99875265    0.0024390503      0.00000      0.00000       1.2220000
       1.8961957       1.0012248    0.0024692093      0.00000      0.00000       1.2240000
       1.9133663       1.0025570    0.0024365059      0.00000      0.00000       1.2270000
       1.9305401       1.0037970    0.0024468335      0.00000      0.00000       1.2290000
       1.9476975      0.99697592    0.0024401852      0.00000      0.00000       1.2309999
       1.9648636       1.0030506    0.0024615762      0.00000      0.00000       1.2340000
       1.9820230       1.0011377    0.0024598052      0.00000      0.00000       1.2359999
       1.9991862       1.0091987    0.0024881650      0.00000      0.00000       1.2390000
       2.0163497       1.0045909    0.0025017171      0.00000      0.00000       1.2410001
       2.0335066       1.0153337    0.0025384709      0.00000      0.00000       1.2440000
       2.0506635       1.0000440    0.0024250451      0.00000      0.00000       1.2460001
       2.0678104       1.0016662    0.0024239163      0.00000      0.00000       1.2490000
       2.0849738       1.0093086    0.0024785589      0.00000      0.00000       1.2520000
       2.1021310       1.0096346    0.0024786449      0.00000      0.00000       1.2539999
       2.1192868       1.0095531    0.0024393041      0.00000      0.00000       1.2570000
       2.1364658       1.0036397    0.0024465725      0.00000      0.00000       1.2600000
       2.1536434      0.99986387    0.0024257602      0.00000      0.00000       1.2630000
       2.1708035       1.0067536    0.0024514650      0.00000      0.00000       1.2660000
       2.1879862       1.0036563    0.0024273807      0.00000      0.00000       1.2690001
       2.2051383       1.0029694    0.0023910443      0.00000      0.00000       1.2720000
       2.2222890      0.99987316    0.0024260208      0.00000      0.00000       1.2750000
       2.2394492       1.0036340    0.0024399628      0.00000      0.00000       1.2780000
