#JD -  2457565 (hr) Flux  Fl_err  Model_fl   Residual for 2.11um (%) Airmass
      -4.5079613       1.0059060    0.0017632055      0.00000      0.00000       1.4160000
      -4.4866787       1.0067669    0.0017543475      0.00000      0.00000       1.4080000
      -4.4653956       1.0028047    0.0017403684      0.00000      0.00000       1.4010000
      -4.4441073       1.0003030    0.0017434900      0.00000      0.00000       1.3940001
      -4.4228128       1.0054258    0.0017754784      0.00000      0.00000       1.3870000
      -4.4015156       1.0071465    0.0017362698      0.00000      0.00000       1.3800000
      -4.3802279       1.0063281    0.0017339887      0.00000      0.00000       1.3730000
      -4.3589434       1.0066549    0.0017464170      0.00000      0.00000       1.3660001
      -4.3376587       1.0116906    0.0017663168      0.00000      0.00000       1.3600000
      -4.3163706       1.0032659    0.0017791449      0.00000      0.00000       1.3530000
      -4.2950823       1.0001739    0.0018220801      0.00000      0.00000       1.3470000
      -4.2737971       1.0079394    0.0018392924      0.00000      0.00000       1.3410000
      -4.2525150       1.0044366    0.0018212600      0.00000      0.00000       1.3340000
      -4.2312308       1.0020243    0.0017343291      0.00000      0.00000       1.3279999
      -4.2099406       1.0036225    0.0017488913      0.00000      0.00000       1.3220000
      -4.1886509       1.0078810    0.0017345353      0.00000      0.00000       1.3160000
      -4.1673621       1.0011693    0.0017044518      0.00000      0.00000       1.3099999
      -4.1460789       1.0039056    0.0016947860      0.00000      0.00000       1.3049999
      -4.1247933       1.0040783    0.0017010667      0.00000      0.00000       1.2990000
      -4.1035074       1.0031093    0.0016919372      0.00000      0.00000       1.2930000
      -4.0822223       1.0014920    0.0016991841      0.00000      0.00000       1.2880000
      -4.0609334       1.0080102    0.0016959015      0.00000      0.00000       1.2819999
      -4.0396478       1.0069159    0.0017064568      0.00000      0.00000       1.2770000
      -4.0183600       1.0064891    0.0017057127      0.00000      0.00000       1.2720000
      -3.9970688       1.0089974    0.0017057907      0.00000      0.00000       1.2660000
      -3.9757763       1.0027549    0.0017013449      0.00000      0.00000       1.2610000
      -3.9544877       1.0033748    0.0017001417      0.00000      0.00000       1.2560000
      -3.9332025       1.0029924    0.0016936304      0.00000      0.00000       1.2510000
      -3.9119164       1.0024141    0.0016844795      0.00000      0.00000       1.2460001
      -3.8906290       1.0048997    0.0017162035      0.00000      0.00000       1.2420000
      -3.8693396       1.0036842    0.0017281834      0.00000      0.00000       1.2370000
      -3.8480549       1.0052232    0.0017663459      0.00000      0.00000       1.2320000
      -3.8267708       1.0064482    0.0017240217      0.00000      0.00000       1.2280000
      -3.8054845       1.0095981    0.0017356564      0.00000      0.00000       1.2230000
      -3.7841999       1.0048644    0.0017228101      0.00000      0.00000       1.2190000
      -3.7629137       1.0147839    0.0017224001      0.00000      0.00000       1.2140000
      -3.7416330       1.0071707    0.0017262807      0.00000      0.00000       1.2100000
      -3.7203483       1.0054829    0.0017252218      0.00000      0.00000       1.2060000
      -3.6990596       1.0052355    0.0017166295      0.00000      0.00000       1.2010000
      -3.6777688       1.0007157    0.0017220845      0.00000      0.00000       1.1970000
      -3.6351994       1.0072886    0.0017113617      0.00000      0.00000       1.1890000
      -3.6139144       1.0071559    0.0016974677      0.00000      0.00000       1.1849999
      -3.5926299      0.99650982    0.0017037300      0.00000      0.00000       1.1810000
      -3.5713435       1.0053959    0.0017103834      0.00000      0.00000       1.1770000
      -3.5500550       1.0091468    0.0017580218      0.00000      0.00000       1.1730000
      -3.5287660       1.0030862    0.0017312837      0.00000      0.00000       1.1700000
      -3.5074870       1.0031451    0.0017490127      0.00000      0.00000       1.1660000
      -3.4862004      0.99513637    0.0017104073      0.00000      0.00000       1.1619999
      -3.4649138       1.0042786    0.0016968093      0.00000      0.00000       1.1590000
      -3.4436293       1.0031815    0.0017453935      0.00000      0.00000       1.1550000
      -3.4223535       1.0090241    0.0017695975      0.00000      0.00000       1.1520000
      -3.4010635       1.0013245    0.0017162840      0.00000      0.00000       1.1480000
      -3.3797848       1.0047168    0.0017161414      0.00000      0.00000       1.1450000
      -3.3584981       1.0033637    0.0017082154      0.00000      0.00000       1.1420000
      -3.3372108       1.0032514    0.0016707826      0.00000      0.00000       1.1390001
      -3.3159238      0.99863220    0.0016649876      0.00000      0.00000       1.1350000
      -3.2946643       1.0013666    0.0016900839      0.00000      0.00000       1.1320000
      -3.2733795       1.0016285    0.0016995962      0.00000      0.00000       1.1289999
      -3.2520884       1.0034107    0.0016933227      0.00000      0.00000       1.1260000
      -3.2307875       1.0044247    0.0017142731      0.00000      0.00000       1.1230000
      -3.2095167       1.0055450    0.0017068171      0.00000      0.00000       1.1200000
      -3.1882283       1.0093114    0.0017109114      0.00000      0.00000       1.1170000
      -3.1669402       1.0007098    0.0017053479      0.00000      0.00000       1.1140000
      -3.1456558       1.0027798    0.0016945201      0.00000      0.00000       1.1109999
      -3.1243688      0.99987162    0.0016864261      0.00000      0.00000       1.1090000
      -3.1030767       1.0004372    0.0016966675      0.00000      0.00000       1.1059999
      -3.0817351       1.0039921    0.0017028967      0.00000      0.00000       1.1030000
      -3.0604299       1.0024247    0.0016913938      0.00000      0.00000       1.1010000
      -3.0391400      0.99920370    0.0016893304      0.00000      0.00000       1.0980000
      -3.0178195       1.0039071    0.0017163252      0.00000      0.00000       1.0950000
      -2.9965365       1.0045890    0.0017055849      0.00000      0.00000       1.0930001
      -2.9752419      0.99940482    0.0016963640      0.00000      0.00000       1.0900000
      -2.9539556       1.0062331    0.0017007865      0.00000      0.00000       1.0880001
      -2.9326723       1.0039615    0.0016986873      0.00000      0.00000       1.0860000
      -2.9113919       1.0027204    0.0016926292      0.00000      0.00000       1.0829999
      -2.8901050      0.99756394    0.0016908508      0.00000      0.00000       1.0810000
      -2.8688100      0.99944171    0.0017113896      0.00000      0.00000       1.0790000
      -2.8475259      0.99094222    0.0016874047      0.00000      0.00000       1.0760000
      -2.8262412       1.0010027    0.0017035090      0.00000      0.00000       1.0740000
      -2.8049542      0.99671733    0.0016985280      0.00000      0.00000       1.0720000
      -2.7836670       1.0074525    0.0016956261      0.00000      0.00000       1.0700001
      -2.7623799      0.99788149    0.0016997569      0.00000      0.00000       1.0680000
      -2.7410997       1.0024521    0.0017012950      0.00000      0.00000       1.0660000
      -2.7198104       1.0077661    0.0017192304      0.00000      0.00000       1.0640000
      -2.6985222       1.0058690    0.0017281475      0.00000      0.00000       1.0620000
      -2.6772096       1.0061427    0.0017062408      0.00000      0.00000       1.0599999
      -2.6559244       1.0077049    0.0017022682      0.00000      0.00000       1.0580000
      -2.6346418       1.0014226    0.0016925824      0.00000      0.00000       1.0560000
      -2.6133788      0.99981565    0.0017121741      0.00000      0.00000       1.0549999
      -2.5920948      0.99748219    0.0017168544      0.00000      0.00000       1.0530000
      -2.5708120       1.0065346    0.0017081683      0.00000      0.00000       1.0510000
      -2.5494897      0.99750022    0.0016790664      0.00000      0.00000       1.0490000
      -2.5282015       1.0013263    0.0017032610      0.00000      0.00000       1.0480000
      -2.5069191       1.0019060    0.0017115157      0.00000      0.00000       1.0460000
      -2.4856354      0.99582105    0.0016979900      0.00000      0.00000       1.0440000
      -2.4643516      0.99426912    0.0016761298      0.00000      0.00000       1.0430000
      -2.4430683      0.99969481    0.0016806625      0.00000      0.00000       1.0410000
      -2.4217818      0.99864017    0.0016854113      0.00000      0.00000       1.0400000
      -2.4004989       1.0073290    0.0016983902      0.00000      0.00000       1.0380000
      -2.3792167      0.99759884    0.0016881568      0.00000      0.00000       1.0369999
      -2.3579327       1.0017005    0.0017104264      0.00000      0.00000       1.0360000
      -2.3366460      0.99828090    0.0016783295      0.00000      0.00000       1.0340000
      -2.3153603      0.99499226    0.0016735876      0.00000      0.00000       1.0330000
      -2.2940740      0.99833718    0.0016834718      0.00000      0.00000       1.0319999
      -2.2727892      0.99579569    0.0016848167      0.00000      0.00000       1.0300000
      -2.2515030      0.99529263    0.0016797770      0.00000      0.00000       1.0290000
      -2.2302154      0.99459474    0.0016710471      0.00000      0.00000       1.0280000
      -2.2089278      0.99762148    0.0016781964      0.00000      0.00000       1.0270000
      -2.1876383      0.99861963    0.0016871164      0.00000      0.00000       1.0260000
      -2.1663489       1.0046065    0.0017152529      0.00000      0.00000       1.0240000
      -2.1450635       1.0043686    0.0017099436      0.00000      0.00000       1.0230000
      -2.1237799       1.0012270    0.0016931621      0.00000      0.00000       1.0220000
      -2.1024884      0.99610213    0.0016775975      0.00000      0.00000       1.0210000
      -2.0811985      0.99700932    0.0016790686      0.00000      0.00000       1.0200000
      -2.0599118      0.99834095    0.0016867407      0.00000      0.00000       1.0190001
      -2.0386263       1.0024344    0.0016877300      0.00000      0.00000       1.0180000
      -2.0173329       1.0015795    0.0016963884      0.00000      0.00000       1.0180000
      -1.9960691       1.0022974    0.0016912233      0.00000      0.00000       1.0170000
      -1.9747869       1.0037043    0.0016943000      0.00000      0.00000       1.0160000
      -1.9534993      0.99564708    0.0016901352      0.00000      0.00000       1.0150000
      -1.9322144      0.99548935    0.0016718173      0.00000      0.00000       1.0140001
      -1.9109266      0.99729596    0.0016952138      0.00000      0.00000       1.0140001
      -1.8683515      0.99894987    0.0016818616      0.00000      0.00000       1.0120000
      -1.8470625      0.99372193    0.0016686557      0.00000      0.00000       1.0120000
      -1.8257635      0.99909470    0.0016909009      0.00000      0.00000       1.0110000
      -1.8044778      0.99694738    0.0016624016      0.00000      0.00000       1.0100000
      -1.7832113      0.99012014    0.0016980106      0.00000      0.00000       1.0100000
      -1.7619204      0.99598402    0.0016810152      0.00000      0.00000       1.0089999
      -1.7406241       1.0007211    0.0016765482      0.00000      0.00000       1.0089999
      -1.7193345       1.0028420    0.0017301929      0.00000      0.00000       1.0080000
      -1.6980541       1.0005978    0.0017373643      0.00000      0.00000       1.0080000
      -1.6767681      0.99483925    0.0016861276      0.00000      0.00000       1.0070000
      -1.6554749      0.99522744    0.0016815071      0.00000      0.00000       1.0070000
      -1.6341845      0.99659974    0.0016718870      0.00000      0.00000       1.0070000
      -1.6128945      0.99383145    0.0016699490      0.00000      0.00000       1.0060000
      -1.5916034      0.99867507    0.0016756214      0.00000      0.00000       1.0060000
      -1.5703135      0.99460166    0.0016655605      0.00000      0.00000       1.0060000
      -1.5490272      0.99998638    0.0017036946      0.00000      0.00000       1.0060000
      -1.5277421      0.99804824    0.0016910865      0.00000      0.00000       1.0050000
      -1.5064534      0.99814445    0.0016897925      0.00000      0.00000       1.0050000
      -1.4851331      0.99388690    0.0016761244      0.00000      0.00000       1.0050000
      -1.4637620      0.99739500    0.0016875959      0.00000      0.00000       1.0050000
      -1.4424256      0.99666472    0.0016930919      0.00000      0.00000       1.0050000
      -1.4210700      0.99623041    0.0016831230      0.00000      0.00000       1.0050000
      -1.3997464      0.99394454    0.0016825589      0.00000      0.00000       1.0050000
      -1.3784496      0.99185726    0.0016517148      0.00000      0.00000       1.0050000
      -1.3571502      0.99251774    0.0016500686      0.00000      0.00000       1.0050000
      -1.3358176      0.99791283    0.0016729660      0.00000      0.00000       1.0050000
      -1.3144943      0.99431418    0.0016557818      0.00000      0.00000       1.0050000
      -1.2931982      0.99883542    0.0016628083      0.00000      0.00000       1.0050000
      -1.2718925      0.99413455    0.0016634801      0.00000      0.00000       1.0050000
      -1.2505543      0.99545256    0.0016791949      0.00000      0.00000       1.0050000
      -1.2292571      0.99689864    0.0016782332      0.00000      0.00000       1.0060000
      -1.2079121      0.99627841    0.0017212358      0.00000      0.00000       1.0060000
      -1.1864119      0.99309039    0.0016622634      0.00000      0.00000       1.0060000
      -1.1648556      0.99838309    0.0016800680      0.00000      0.00000       1.0060000
      -1.1432757      0.99256291    0.0016627069      0.00000      0.00000       1.0070000
      -1.1217138      0.99371607    0.0016752978      0.00000      0.00000       1.0070000
      -1.1001447      0.99347051    0.0016803753      0.00000      0.00000       1.0070000
      -1.0786917      0.99763824    0.0017413477      0.00000      0.00000       1.0080000
      -1.0572883      0.99477196    0.0017083621      0.00000      0.00000       1.0080000
      -1.0359918       1.0001607    0.0017025698      0.00000      0.00000       1.0089999
      -1.0146990      0.99975120    0.0016889806      0.00000      0.00000       1.0089999
     -0.99341132      0.99225552    0.0016954356      0.00000      0.00000       1.0100000
     -0.97212387      0.99513123    0.0016871287      0.00000      0.00000       1.0100000
     -0.95083896      0.99416085    0.0016873616      0.00000      0.00000       1.0110000
     -0.92955304      0.99709955    0.0016829111      0.00000      0.00000       1.0110000
     -0.90826621      0.99152451    0.0016769496      0.00000      0.00000       1.0120000
     -0.88698229      0.99170907    0.0016733684      0.00000      0.00000       1.0130000
     -0.86567354      0.99665697    0.0016864970      0.00000      0.00000       1.0130000
     -0.84438941      0.99276455    0.0016725566      0.00000      0.00000       1.0140001
     -0.82310593       1.0024628    0.0016898136      0.00000      0.00000       1.0150000
     -0.80182615      0.99646465    0.0016743765      0.00000      0.00000       1.0160000
     -0.78054763      0.99407009    0.0016736916      0.00000      0.00000       1.0160000
     -0.75925862      0.99836055    0.0016824888      0.00000      0.00000       1.0170000
     -0.73797115      0.99282188    0.0016642533      0.00000      0.00000       1.0180000
     -0.71670296      0.99997925    0.0016735165      0.00000      0.00000       1.0190001
     -0.69542237       1.0019186    0.0016796497      0.00000      0.00000       1.0200000
     -0.67411321       1.0024347    0.0016826876      0.00000      0.00000       1.0210000
     -0.65283032      0.99795203    0.0016715598      0.00000      0.00000       1.0220000
     -0.63155042      0.99542542    0.0016686711      0.00000      0.00000       1.0230000
     -0.61026839      0.99119103    0.0016773372      0.00000      0.00000       1.0240000
     -0.58898444      0.99601630    0.0016711528      0.00000      0.00000       1.0250000
     -0.56766572      0.99840876    0.0016766792      0.00000      0.00000       1.0260000
     -0.54637922       1.0034559    0.0016773241      0.00000      0.00000       1.0270000
     -0.52509350       1.0032971    0.0016820639      0.00000      0.00000       1.0290000
     -0.50380809      0.99767776    0.0016826737      0.00000      0.00000       1.0300000
     -0.48252201      0.99269391    0.0016713032      0.00000      0.00000       1.0310000
     -0.46121979      0.99574360    0.0016761494      0.00000      0.00000       1.0319999
     -0.43993957       1.0010628    0.0016755757      0.00000      0.00000       1.0340000
     -0.41866070      0.99865390    0.0016657561      0.00000      0.00000       1.0350000
     -0.39737700       1.0002177    0.0016822366      0.00000      0.00000       1.0360000
     -0.37609053      0.99257318    0.0016675266      0.00000      0.00000       1.0380000
     -0.35480246      0.99566877    0.0016614206      0.00000      0.00000       1.0390000
     -0.33352101      0.99218855    0.0016496010      0.00000      0.00000       1.0410000
     -0.31223339      0.99621155    0.0016647384      0.00000      0.00000       1.0420001
     -0.29094817      0.99927350    0.0016947481      0.00000      0.00000       1.0440000
     -0.26966213      0.99306219    0.0016893011      0.00000      0.00000       1.0450000
     -0.24837996      0.99971860    0.0016716747      0.00000      0.00000       1.0470001
     -0.22709475       1.0039328    0.0016977067      0.00000      0.00000       1.0490000
     -0.20581328      0.99713016    0.0016733066      0.00000      0.00000       1.0500000
     -0.18454986      0.99801858    0.0016827334      0.00000      0.00000       1.0520000
     -0.14198078       1.0020009    0.0016911911      0.00000      0.00000       1.0560000
     -0.12069470      0.99371470    0.0016735690      0.00000      0.00000       1.0570000
    -0.099403773      0.99843255    0.0016726949      0.00000      0.00000       1.0590000
    -0.078121606      0.99785299    0.0016747190      0.00000      0.00000       1.0610000
    -0.056835741      0.99290834    0.0016674020      0.00000      0.00000       1.0630000
    -0.035551451      0.99761100    0.0016819182      0.00000      0.00000       1.0650001
    -0.014262501       1.0002263    0.0016634849      0.00000      0.00000       1.0670000
    0.0070317909       1.0046193    0.0016822027      0.00000      0.00000       1.0690000
     0.028319634      0.99785037    0.0016889792      0.00000      0.00000       1.0710000
     0.049611636       1.0044924    0.0016935283      0.00000      0.00000       1.0730000
     0.070890438      0.99825365    0.0016915164      0.00000      0.00000       1.0760000
     0.092175856      0.99676387    0.0016848835      0.00000      0.00000       1.0779999
      0.13474718      0.99813952    0.0016764644      0.00000      0.00000       1.0820000
      0.15603294       1.0005535    0.0016633545      0.00000      0.00000       1.0850000
      0.17732018       1.0002588    0.0016730055      0.00000      0.00000       1.0870000
      0.19860030      0.99679531    0.0016785906      0.00000      0.00000       1.0890000
      0.21991114      0.99546419    0.0016574157      0.00000      0.00000       1.0920000
      0.24119604      0.99850822    0.0016678227      0.00000      0.00000       1.0940000
      0.26248111      0.99659639    0.0016717960      0.00000      0.00000       1.0970000
      0.28376437      0.99579988    0.0016621839      0.00000      0.00000       1.1000000
      0.30505269       1.0022885    0.0016829215      0.00000      0.00000       1.1020000
      0.32633759      0.99547132    0.0016637821      0.00000      0.00000       1.1050000
      0.34762360      0.99933450    0.0016699469      0.00000      0.00000       1.1080000
      0.36890593       1.0010872    0.0016816884      0.00000      0.00000       1.1100000
      0.39019101      0.99450178    0.0016815457      0.00000      0.00000       1.1130000
      0.41147520      0.99195305    0.0017699948      0.00000      0.00000       1.1160001
      0.43276212      0.99930630    0.0017021977      0.00000      0.00000       1.1190000
      0.45407556      0.99736575    0.0017041617      0.00000      0.00000       1.1220000
      0.47536588      0.99994152    0.0017101708      0.00000      0.00000       1.1250000
      0.49665185      0.99691919    0.0016876846      0.00000      0.00000       1.1280000
      0.51793963      0.98743622    0.0016757838      0.00000      0.00000       1.1310000
      0.53922379      0.99753575    0.0016760769      0.00000      0.00000       1.1339999
      0.56051090      0.99987193    0.0016789606      0.00000      0.00000       1.1370000
      0.58182743      0.99849261    0.0016930644      0.00000      0.00000       1.1400000
      0.60311656      0.99749047    0.0017203051      0.00000      0.00000       1.1440001
      0.62439974      0.99764034    0.0017064371      0.00000      0.00000       1.1470000
      0.64568509       1.0002783    0.0017217291      0.00000      0.00000       1.1500000
      0.66694215      0.99535908    0.0017005120      0.00000      0.00000       1.1540000
      0.68823010      0.99906463    0.0017168500      0.00000      0.00000       1.1569999
      0.70951850       1.0000900    0.0017254102      0.00000      0.00000       1.1610000
      0.73080416      0.99621386    0.0017118728      0.00000      0.00000       1.1650000
      0.75209593      0.99841254    0.0017248374      0.00000      0.00000       1.1680000
      0.77338417      0.99977499    0.0017242471      0.00000      0.00000       1.1720001
      0.79466857      0.99765805    0.0017044265      0.00000      0.00000       1.1760000
      0.81595929      0.99569005    0.0017011133      0.00000      0.00000       1.1799999
      0.83724816       1.0020350    0.0017355829      0.00000      0.00000       1.1830000
      0.85853855       1.0083661    0.0017412042      0.00000      0.00000       1.1870000
      0.87982589      0.99693973    0.0017531414      0.00000      0.00000       1.1910000
      0.90109129       1.0051820    0.0017699260      0.00000      0.00000       1.1950001
      0.92238396       1.0039158    0.0018573345      0.00000      0.00000       1.2000000
      0.94367310       1.0047508    0.0017695805      0.00000      0.00000       1.2040000
      0.96495920      0.99808020    0.0017419192      0.00000      0.00000       1.2079999
      0.98624663      0.99361881    0.0017210506      0.00000      0.00000       1.2120000
       1.0075327      0.99885156    0.0017363716      0.00000      0.00000       1.2170000
       1.0288198       1.0035042    0.0017491036      0.00000      0.00000       1.2210000
       1.0501104      0.99794825    0.0017381365      0.00000      0.00000       1.2260000
       1.0713952      0.99968423    0.0017452347      0.00000      0.00000       1.2300000
       1.0926827       1.0006396    0.0017351528      0.00000      0.00000       1.2350000
       1.1139714      0.99560819    0.0017406096      0.00000      0.00000       1.2400000
       1.1352604      0.99614689    0.0017275345      0.00000      0.00000       1.2440000
       1.1565445       1.0026576    0.0017407340      0.00000      0.00000       1.2490000
       1.1778304      0.99663653    0.0017514781      0.00000      0.00000       1.2539999
       1.1991148      0.99549480    0.0017515747      0.00000      0.00000       1.2589999
       1.2204035       1.0020980    0.0017724456      0.00000      0.00000       1.2640001
       1.2416932       1.0015068    0.0017947995      0.00000      0.00000       1.2700000
       1.2629996      0.99481022    0.0018622261      0.00000      0.00000       1.2750000
       1.2842866       1.0017466    0.0018952534      0.00000      0.00000       1.2800000
       1.3055758       1.0039691    0.0019572912      0.00000      0.00000       1.2850000
       1.3268633      0.99788558    0.0018321031      0.00000      0.00000       1.2910000
       1.3481439       1.0042564    0.0018160592      0.00000      0.00000       1.2970001
       1.3694396       1.0079098    0.0018184473      0.00000      0.00000       1.3020000
       1.3907259      0.99473685    0.0018987031      0.00000      0.00000       1.3080000
       1.4120099      0.99863713    0.0018644861      0.00000      0.00000       1.3140000
       1.4332928      0.99343488    0.0018953709      0.00000      0.00000       1.3200001
       1.4545817       1.0019674    0.0019306614      0.00000      0.00000       1.3260000
       1.4758677      0.99826895    0.0018557454      0.00000      0.00000       1.3320000
       1.4971568      0.99638238    0.0018233846      0.00000      0.00000       1.3380001
       1.5184443      0.99910875    0.0018017354      0.00000      0.00000       1.3440000
       1.5610209      0.99991511    0.0017659433      0.00000      0.00000       1.3570000
       1.5823297       1.0000144    0.0018177291      0.00000      0.00000       1.3640000
       1.6036168      0.99627821    0.0017734891      0.00000      0.00000       1.3700000
       1.6248999       1.0022081    0.0017768576      0.00000      0.00000       1.3770000
       1.6461870       1.0040029    0.0017830883      0.00000      0.00000       1.3839999
       1.6674712       1.0047251    0.0017759887      0.00000      0.00000       1.3910000
       1.6887611      0.99605424    0.0017740359      0.00000      0.00000       1.3980000
       1.7100477       1.0045458    0.0017952363      0.00000      0.00000       1.4050000
       1.7313302       1.0014315    0.0017918327      0.00000      0.00000       1.4130000
       1.7526195      0.99874634    0.0017919053      0.00000      0.00000       1.4200000
       1.7739096       1.0024307    0.0017930504      0.00000      0.00000       1.4280000
       1.7951940      0.99954190    0.0017975160      0.00000      0.00000       1.4349999
       1.8164771      0.99908339    0.0018176509      0.00000      0.00000       1.4430000
       1.8377657      0.99802288    0.0017985809      0.00000      0.00000       1.4510000
       1.8590505      0.99489354    0.0017701422      0.00000      0.00000       1.4590000
       1.8803402       1.0010885    0.0017675882      0.00000      0.00000       1.4670000
       1.9016242      0.99864436    0.0017686051      0.00000      0.00000       1.4760000
       1.9229171      0.99722668    0.0017745585      0.00000      0.00000       1.4840000
       1.9442026       1.0000175    0.0017802367      0.00000      0.00000       1.4930000
       1.9654895       1.0018896    0.0017771102      0.00000      0.00000       1.5020000
       1.9867744      0.99743744    0.0017884949      0.00000      0.00000       1.5110000
       2.0080604      0.99882400    0.0017683228      0.00000      0.00000       1.5200000
       2.0293426      0.99946843    0.0017753297      0.00000      0.00000       1.5290000
       2.0506265       1.0009810    0.0017947547      0.00000      0.00000       1.5380000
       2.0719079      0.99570786    0.0017861340      0.00000      0.00000       1.5480000
       2.0931978       1.0126075    0.0018843536      0.00000      0.00000       1.5570000
       2.1144856       1.0027313    0.0018539889      0.00000      0.00000       1.5670000
       2.1357764      0.99851105    0.0018398719      0.00000      0.00000       1.5770000
       2.1570659       1.0039043    0.0018759198      0.00000      0.00000       1.5870000
       2.1783537      0.99604407    0.0018190807      0.00000      0.00000       1.5970000
       2.1996406       1.0000522    0.0018139336      0.00000      0.00000       1.6080000
       2.2209243       1.0028884    0.0018436660      0.00000      0.00000       1.6190000
       2.2422080       1.0025385    0.0018372023      0.00000      0.00000       1.6300000
       2.2634933      0.99944024    0.0018249329      0.00000      0.00000       1.6410000
       2.2847803      0.99826906    0.0018052992      0.00000      0.00000       1.6520000
       2.3060650       1.0000521    0.0018488419      0.00000      0.00000       1.6630000
       2.3273491       1.0000000    0.0018471918      0.00000      0.00000       1.6750000
       2.3486363       1.0029118    0.0018378917      0.00000      0.00000       1.6870000
       2.3699216       1.0041276    0.0018605513      0.00000      0.00000       1.6990000
       2.3912100       1.0017096    0.0018666962      0.00000      0.00000       1.7110000
       2.4124989       1.0000322    0.0018644010      0.00000      0.00000       1.7240000
       2.4337846       1.0038466    0.0018731678      0.00000      0.00000       1.7370000
       2.4550720       1.0008384    0.0018914510      0.00000      0.00000       1.7500000
       2.4763804       1.0053870    0.0019156838      0.00000      0.00000       1.7630000
       2.4976665       1.0050609    0.0020252823      0.00000      0.00000       1.7760000
       2.5189524       1.0019153    0.0020433257      0.00000      0.00000       1.7900000
       2.5402373       1.0043810    0.0020295182      0.00000      0.00000       1.8040000
       2.5615239       1.0033615    0.0019537747      0.00000      0.00000       1.8180000
       2.5828096       1.0043335    0.0019484174      0.00000      0.00000       1.8329999
       2.6040757       1.0025504    0.0019849428      0.00000      0.00000       1.8480000
       2.6253590       1.0036944    0.0019635679      0.00000      0.00000       1.8630000
       2.6466481       1.0002227    0.0020951076      0.00000      0.00000       1.8780000
       2.6679351       1.0002732    0.0020042750      0.00000      0.00000       1.8940001
       2.6893067       1.0015847    0.0019942411      0.00000      0.00000       1.9100000
       2.7106012      0.99891266    0.0019964057      0.00000      0.00000       1.9270000
       2.7318859       1.0050596    0.0020148064      0.00000      0.00000       1.9430000
       2.7531718       1.0037326    0.0020305409      0.00000      0.00000       1.9600000
       2.7744564       1.0053433    0.0020381973      0.00000      0.00000       1.9780000
       2.7957372       1.0023798    0.0020176023      0.00000      0.00000       1.9960001
       2.8170511      0.99824464    0.0020204279      0.00000      0.00000       2.0139999
       2.8383384       1.0069572    0.0020300058      0.00000      0.00000       2.0320001
       2.8596192       1.0083976    0.0020214033      0.00000      0.00000       2.0510001
       2.8809043       1.0027074    0.0020419039      0.00000      0.00000       2.0699999
       2.9021905      0.99699873    0.0019791610      0.00000      0.00000       2.0899999
       2.9234769       1.0030770    0.0020191909      0.00000      0.00000       2.1099999
       2.9447625       1.0086558    0.0019969707      0.00000      0.00000       2.1310000
       2.9660517      0.99825627    0.0019856488      0.00000      0.00000       2.1520000
