#JD -  2457565 (hr) Flux  Fl_err  Model_fl   Residual for 1.69um (%) Airmass
      -4.5079613      0.99989995    0.0016303196      0.00000      0.00000       1.4160000
      -4.4866787      0.99957895    0.0016347444      0.00000      0.00000       1.4080000
      -4.4653956       1.0047137    0.0016295168      0.00000      0.00000       1.4010000
      -4.4441073       1.0020800    0.0016503070      0.00000      0.00000       1.3940001
      -4.4228128      0.99995991    0.0016569503      0.00000      0.00000       1.3870000
      -4.4015156      0.99768971    0.0016140475      0.00000      0.00000       1.3800000
      -4.3802279       1.0063398    0.0016205582      0.00000      0.00000       1.3730000
      -4.3589434      0.99810153    0.0016450249      0.00000      0.00000       1.3660001
      -4.3376587       1.0050329    0.0016457499      0.00000      0.00000       1.3600000
      -4.3163706      0.99712916    0.0016606581      0.00000      0.00000       1.3530000
      -4.2950823       1.0072515    0.0016975782      0.00000      0.00000       1.3470000
      -4.2737971      0.99747003    0.0017053831      0.00000      0.00000       1.3410000
      -4.2525150      0.99273954    0.0016818336      0.00000      0.00000       1.3340000
      -4.2312308      0.99402361    0.0016196506      0.00000      0.00000       1.3279999
      -4.2099406      0.99838017    0.0016393248      0.00000      0.00000       1.3220000
      -4.1886509       1.0035102    0.0016215211      0.00000      0.00000       1.3160000
      -4.1673621       1.0015792    0.0015892148      0.00000      0.00000       1.3099999
      -4.1460789       1.0068508    0.0015720297      0.00000      0.00000       1.3049999
      -4.1247933      0.99783836    0.0015693876      0.00000      0.00000       1.2990000
      -4.1035074       1.0022989    0.0015615957      0.00000      0.00000       1.2930000
      -4.0822223       1.0008314    0.0015713426      0.00000      0.00000       1.2880000
      -4.0609334       1.0052893    0.0015530369      0.00000      0.00000       1.2819999
      -4.0396478       1.0071088    0.0015721453      0.00000      0.00000       1.2770000
      -4.0183600       1.0004899    0.0015737504      0.00000      0.00000       1.2720000
      -3.9970688       1.0118520    0.0015807563      0.00000      0.00000       1.2660000
      -3.9757763       1.0067981    0.0015825855      0.00000      0.00000       1.2610000
      -3.9544877       1.0058556    0.0015729060      0.00000      0.00000       1.2560000
      -3.9332025       1.0053382    0.0015812723      0.00000      0.00000       1.2510000
      -3.9119164       1.0079296    0.0015644190      0.00000      0.00000       1.2460001
      -3.8906290       1.0070493    0.0016109215      0.00000      0.00000       1.2420000
      -3.8693396       1.0109936    0.0016443180      0.00000      0.00000       1.2370000
      -3.8480549       1.0075137    0.0016675732      0.00000      0.00000       1.2320000
      -3.8267708       1.0116660    0.0016279117      0.00000      0.00000       1.2280000
      -3.8054845       1.0088741    0.0016237103      0.00000      0.00000       1.2230000
      -3.7841999       1.0022097    0.0016252873      0.00000      0.00000       1.2190000
      -3.7629137       1.0130381    0.0016171151      0.00000      0.00000       1.2140000
      -3.7416330       1.0070727    0.0016225657      0.00000      0.00000       1.2100000
      -3.7203483       1.0087628    0.0016153173      0.00000      0.00000       1.2060000
      -3.6990596       1.0061048    0.0016131958      0.00000      0.00000       1.2010000
      -3.6777688       1.0066896    0.0016213571      0.00000      0.00000       1.1970000
      -3.6564842       1.0164126    0.0023788599      0.00000      0.00000       1.1930000
      -3.6351994       1.0098996    0.0016088678      0.00000      0.00000       1.1890000
      -3.6139144       1.0065515    0.0015780183      0.00000      0.00000       1.1849999
      -3.5926299       1.0083188    0.0016153947      0.00000      0.00000       1.1810000
      -3.5713435       1.0073393    0.0016014385      0.00000      0.00000       1.1770000
      -3.5500550       1.0068404    0.0016506594      0.00000      0.00000       1.1730000
      -3.5287660       1.0087587    0.0016370494      0.00000      0.00000       1.1700000
      -3.5074870       1.0073143    0.0016658220      0.00000      0.00000       1.1660000
      -3.4862004       1.0028539    0.0016348826      0.00000      0.00000       1.1619999
      -3.4649138       1.0056753    0.0016056524      0.00000      0.00000       1.1590000
      -3.4436293       1.0016596    0.0016360446      0.00000      0.00000       1.1550000
      -3.4223535       1.0079157    0.0016484042      0.00000      0.00000       1.1520000
      -3.4010635       1.0099084    0.0016155240      0.00000      0.00000       1.1480000
      -3.3797848       1.0088038    0.0016268468      0.00000      0.00000       1.1450000
      -3.3584981       1.0069327    0.0016131978      0.00000      0.00000       1.1420000
      -3.3372108       1.0129308    0.0015731200      0.00000      0.00000       1.1390001
      -3.3159238       1.0063498    0.0015661899      0.00000      0.00000       1.1350000
      -3.2946643       1.0082852    0.0015856780      0.00000      0.00000       1.1320000
      -3.2733795       1.0097948    0.0016136219      0.00000      0.00000       1.1289999
      -3.2520884       1.0088273    0.0015895085      0.00000      0.00000       1.1260000
      -3.2307875       1.0064355    0.0016107638      0.00000      0.00000       1.1230000
      -3.2095167       1.0023578    0.0016003366      0.00000      0.00000       1.1200000
      -3.1882283       1.0113556    0.0016166834      0.00000      0.00000       1.1170000
      -3.1669402       1.0011805    0.0016114460      0.00000      0.00000       1.1140000
      -3.1456558       1.0042934    0.0016023508      0.00000      0.00000       1.1109999
      -3.1243688       1.0125718    0.0016106142      0.00000      0.00000       1.1090000
      -3.1030767       1.0049441    0.0016123027      0.00000      0.00000       1.1059999
      -3.0817351       1.0101809    0.0016151700      0.00000      0.00000       1.1030000
      -3.0604299       1.0139659    0.0016178907      0.00000      0.00000       1.1010000
      -3.0391400       1.0044693    0.0016121427      0.00000      0.00000       1.0980000
      -3.0178195       1.0078740    0.0016503541      0.00000      0.00000       1.0950000
      -2.9965365      0.99805484    0.0016107096      0.00000      0.00000       1.0930001
      -2.9752419       1.0058427    0.0016210992      0.00000      0.00000       1.0900000
      -2.9539556       1.0066087    0.0016075665      0.00000      0.00000       1.0880001
      -2.9326723       1.0059104    0.0016183422      0.00000      0.00000       1.0860000
      -2.9113919       1.0061948    0.0016080718      0.00000      0.00000       1.0829999
      -2.8901050       1.0028601    0.0016105169      0.00000      0.00000       1.0810000
      -2.8688100      0.99907780    0.0016269020      0.00000      0.00000       1.0790000
      -2.8475259       1.0037044    0.0016302172      0.00000      0.00000       1.0760000
      -2.8262412       1.0101105    0.0016422478      0.00000      0.00000       1.0740000
      -2.8049542       1.0030804    0.0016287037      0.00000      0.00000       1.0720000
      -2.7836670       1.0090732    0.0016113119      0.00000      0.00000       1.0700001
      -2.7623799       1.0026703    0.0016233847      0.00000      0.00000       1.0680000
      -2.7410997       1.0040872    0.0016140068      0.00000      0.00000       1.0660000
      -2.7198104       1.0041467    0.0016429745      0.00000      0.00000       1.0640000
      -2.6985222       1.0073044    0.0016561455      0.00000      0.00000       1.0620000
      -2.6772096       1.0076299    0.0016155739      0.00000      0.00000       1.0599999
      -2.6559244       1.0091913    0.0016187875      0.00000      0.00000       1.0580000
      -2.6346418       1.0065079    0.0016242118      0.00000      0.00000       1.0560000
      -2.6133788       1.0022051    0.0016399350      0.00000      0.00000       1.0549999
      -2.5920948       1.0082538    0.0016568469      0.00000      0.00000       1.0530000
      -2.5494897       1.0064354    0.0016071793      0.00000      0.00000       1.0490000
      -2.5282015       1.0034595    0.0016376361      0.00000      0.00000       1.0480000
      -2.5069191      0.99921765    0.0016299478      0.00000      0.00000       1.0460000
      -2.4856354       1.0057953    0.0016250960      0.00000      0.00000       1.0440000
      -2.4643516       1.0004058    0.0016100455      0.00000      0.00000       1.0430000
      -2.4430683       1.0018702    0.0016106241      0.00000      0.00000       1.0410000
      -2.4217818       1.0029727    0.0016161468      0.00000      0.00000       1.0400000
      -2.4004989       1.0075037    0.0016131274      0.00000      0.00000       1.0380000
      -2.3792167       1.0025538    0.0016095776      0.00000      0.00000       1.0369999
      -2.3579327       1.0091747    0.0016484135      0.00000      0.00000       1.0360000
      -2.3366460       1.0031044    0.0016033807      0.00000      0.00000       1.0340000
      -2.3153603       1.0056546    0.0016215267      0.00000      0.00000       1.0330000
      -2.2940740       1.0046375    0.0016150194      0.00000      0.00000       1.0319999
      -2.2727892       1.0048502    0.0016236358      0.00000      0.00000       1.0300000
      -2.2515030       1.0064229    0.0016206822      0.00000      0.00000       1.0290000
      -2.2302154       1.0061147    0.0016185027      0.00000      0.00000       1.0280000
      -2.2089278       1.0054550    0.0016165577      0.00000      0.00000       1.0270000
      -2.1876383       1.0110512    0.0016283552      0.00000      0.00000       1.0260000
      -2.1663489       1.0066280    0.0016347616      0.00000      0.00000       1.0240000
      -2.1450635       1.0061051    0.0016439342      0.00000      0.00000       1.0230000
      -2.1237799       1.0056293    0.0016417055      0.00000      0.00000       1.0220000
      -2.1024884       1.0012060    0.0016152639      0.00000      0.00000       1.0210000
      -2.0811985       1.0094485    0.0016330257      0.00000      0.00000       1.0200000
      -2.0599118       1.0035948    0.0016234217      0.00000      0.00000       1.0190001
      -2.0386263       1.0047418    0.0016271794      0.00000      0.00000       1.0180000
      -2.0173329       1.0058419    0.0016311690      0.00000      0.00000       1.0180000
      -1.9960691      0.99650519    0.0016158667      0.00000      0.00000       1.0170000
      -1.9747869       1.0003857    0.0016309209      0.00000      0.00000       1.0160000
      -1.9534993       1.0010158    0.0016453407      0.00000      0.00000       1.0150000
      -1.9322144       1.0029820    0.0016113601      0.00000      0.00000       1.0140001
      -1.9109266      0.99768247    0.0016111345      0.00000      0.00000       1.0140001
      -1.8896425       1.0023218    0.0016470648      0.00000      0.00000       1.0130000
      -1.8683515       1.0074283    0.0016217356      0.00000      0.00000       1.0120000
      -1.8470625       1.0059140    0.0015974125      0.00000      0.00000       1.0120000
      -1.8257635       1.0128240    0.0016334427      0.00000      0.00000       1.0110000
      -1.8044778       1.0047316    0.0015920335      0.00000      0.00000       1.0100000
      -1.7832113       1.0072650    0.0016307651      0.00000      0.00000       1.0100000
      -1.7619204       1.0062689    0.0016214085      0.00000      0.00000       1.0089999
      -1.7406241       1.0049821    0.0016014448      0.00000      0.00000       1.0089999
      -1.7193345       1.0054665    0.0016813918      0.00000      0.00000       1.0080000
      -1.6980541       1.0070383    0.0016836238      0.00000      0.00000       1.0080000
      -1.6767681       1.0052878    0.0016390135      0.00000      0.00000       1.0070000
      -1.6554749       1.0027987    0.0016097712      0.00000      0.00000       1.0070000
      -1.6341845       1.0027507    0.0015900323      0.00000      0.00000       1.0070000
      -1.6128945       1.0030600    0.0015909750      0.00000      0.00000       1.0060000
      -1.5916034       1.0074295    0.0015893973      0.00000      0.00000       1.0060000
      -1.5703135      0.99853010    0.0015715994      0.00000      0.00000       1.0060000
      -1.5490272       1.0021939    0.0016430039      0.00000      0.00000       1.0060000
      -1.5277421      0.99868223    0.0015948029      0.00000      0.00000       1.0050000
      -1.5064534       1.0012206    0.0016052696      0.00000      0.00000       1.0050000
      -1.4851331      0.99987044    0.0015951411      0.00000      0.00000       1.0050000
      -1.4637620      0.99900975    0.0015997975      0.00000      0.00000       1.0050000
      -1.4424256       1.0003150    0.0016086350      0.00000      0.00000       1.0050000
      -1.4210700      0.99886848    0.0015953081      0.00000      0.00000       1.0050000
      -1.3997464       1.0063566    0.0015878308      0.00000      0.00000       1.0050000
      -1.3784496      0.99857040    0.0015542647      0.00000      0.00000       1.0050000
      -1.3571502      0.99837364    0.0015668809      0.00000      0.00000       1.0050000
      -1.3358176       1.0021060    0.0015827781      0.00000      0.00000       1.0050000
      -1.3144943       1.0023106    0.0015588623      0.00000      0.00000       1.0050000
      -1.2931982      0.99997077    0.0015586314      0.00000      0.00000       1.0050000
      -1.2718925       1.0029392    0.0015632919      0.00000      0.00000       1.0050000
      -1.2505543      0.99852634    0.0015701734      0.00000      0.00000       1.0050000
      -1.2292571      0.99822584    0.0015765843      0.00000      0.00000       1.0060000
      -1.2079121      0.99999404    0.0016196301      0.00000      0.00000       1.0060000
      -1.1864119      0.99949941    0.0015620567      0.00000      0.00000       1.0060000
      -1.1648556      0.99587489    0.0015589888      0.00000      0.00000       1.0060000
      -1.1432757      0.99541319    0.0015580124      0.00000      0.00000       1.0070000
      -1.1217138      0.99837485    0.0015730997      0.00000      0.00000       1.0070000
      -1.1001447      0.99899762    0.0015819519      0.00000      0.00000       1.0070000
      -1.0786917       1.0034346    0.0016645616      0.00000      0.00000       1.0080000
      -1.0572883      0.99002899    0.0016009414      0.00000      0.00000       1.0080000
      -1.0359918      0.99469811    0.0015983925      0.00000      0.00000       1.0089999
      -1.0146990      0.99515683    0.0015717720      0.00000      0.00000       1.0089999
     -0.99341132      0.99653946    0.0015955037      0.00000      0.00000       1.0100000
     -0.97212387      0.99950055    0.0015865460      0.00000      0.00000       1.0100000
     -0.95083896      0.99693425    0.0015786396      0.00000      0.00000       1.0110000
     -0.92955304       1.0049128    0.0015854816      0.00000      0.00000       1.0110000
     -0.90826621      0.99545065    0.0015704785      0.00000      0.00000       1.0120000
     -0.88698229      0.99428699    0.0015834105      0.00000      0.00000       1.0130000
     -0.86567354      0.99455605    0.0015738623      0.00000      0.00000       1.0130000
     -0.84438941      0.99364393    0.0015671121      0.00000      0.00000       1.0140001
     -0.82310593      0.99196485    0.0015737017      0.00000      0.00000       1.0150000
     -0.80182615      0.99394038    0.0015557821      0.00000      0.00000       1.0160000
     -0.78054763      0.99049140    0.0015643574      0.00000      0.00000       1.0160000
     -0.75925862      0.99338565    0.0015561290      0.00000      0.00000       1.0170000
     -0.73797115      0.99534898    0.0015535224      0.00000      0.00000       1.0180000
     -0.71670296      0.99610117    0.0015715375      0.00000      0.00000       1.0190001
     -0.69542237      0.99550522    0.0015666679      0.00000      0.00000       1.0200000
     -0.67411321      0.99487386    0.0015625606      0.00000      0.00000       1.0210000
     -0.65283032      0.99596905    0.0015602911      0.00000      0.00000       1.0220000
     -0.63155042      0.99773583    0.0015515984      0.00000      0.00000       1.0230000
     -0.61026839      0.98821425    0.0015543277      0.00000      0.00000       1.0240000
     -0.58898444      0.99566891    0.0015657796      0.00000      0.00000       1.0250000
     -0.56766572      0.99157581    0.0015533837      0.00000      0.00000       1.0260000
     -0.54637922      0.98740408    0.0015335737      0.00000      0.00000       1.0270000
     -0.52509350      0.99765714    0.0015564898      0.00000      0.00000       1.0290000
     -0.50380809       1.0061678    0.0015603967      0.00000      0.00000       1.0300000
     -0.48252201      0.99566430    0.0015565493      0.00000      0.00000       1.0310000
     -0.46121979      0.99259358    0.0015446817      0.00000      0.00000       1.0319999
     -0.43993957      0.99314093    0.0015302637      0.00000      0.00000       1.0340000
     -0.41866070      0.99580720    0.0015287350      0.00000      0.00000       1.0350000
     -0.39737700      0.99281617    0.0015423940      0.00000      0.00000       1.0360000
     -0.37609053      0.99340119    0.0015280428      0.00000      0.00000       1.0380000
     -0.35480246      0.99882690    0.0015205990      0.00000      0.00000       1.0390000
     -0.33352101      0.99326084    0.0015223951      0.00000      0.00000       1.0410000
     -0.31223339      0.99475821    0.0015214700      0.00000      0.00000       1.0420001
     -0.29094817      0.99291664    0.0015455459      0.00000      0.00000       1.0440000
     -0.26966213      0.99108863    0.0015630089      0.00000      0.00000       1.0450000
     -0.24837996      0.99467682    0.0015270702      0.00000      0.00000       1.0470001
     -0.22709475      0.99658175    0.0015537764      0.00000      0.00000       1.0490000
     -0.20581328       1.0006704    0.0015477328      0.00000      0.00000       1.0500000
     -0.18454986      0.99259089    0.0015303756      0.00000      0.00000       1.0520000
     -0.16326788      0.99411351    0.0015372155      0.00000      0.00000       1.0540000
     -0.14198078      0.99970767    0.0015387541      0.00000      0.00000       1.0560000
     -0.12069470      0.99402772    0.0015272382      0.00000      0.00000       1.0570000
    -0.099403773      0.99857877    0.0015367673      0.00000      0.00000       1.0590000
    -0.078121606      0.99606825    0.0015237288      0.00000      0.00000       1.0610000
    -0.056835741      0.99332137    0.0015241728      0.00000      0.00000       1.0630000
    -0.035551451      0.99734118    0.0015253957      0.00000      0.00000       1.0650001
    -0.014262501       1.0013948    0.0015274613      0.00000      0.00000       1.0670000
    0.0070317909      0.99378662    0.0015187817      0.00000      0.00000       1.0690000
     0.028319634      0.99184998    0.0015512782      0.00000      0.00000       1.0710000
     0.049611636       1.0035949    0.0015511609      0.00000      0.00000       1.0730000
     0.070890438      0.99699548    0.0015571766      0.00000      0.00000       1.0760000
     0.092175856      0.99639116    0.0015399056      0.00000      0.00000       1.0779999
      0.11345667      0.99949310    0.0015347753      0.00000      0.00000       1.0800000
      0.13474718      0.99880640    0.0015191905      0.00000      0.00000       1.0820000
      0.15603294       1.0039312    0.0015136876      0.00000      0.00000       1.0850000
      0.17732018      0.99734927    0.0015112485      0.00000      0.00000       1.0870000
      0.19860030      0.99608584    0.0015425269      0.00000      0.00000       1.0890000
      0.21991114       1.0006307    0.0015099881      0.00000      0.00000       1.0920000
      0.24119604       1.0021013    0.0015208826      0.00000      0.00000       1.0940000
      0.26248111      0.99753247    0.0015132723      0.00000      0.00000       1.0970000
      0.28376437       1.0007860    0.0015236518      0.00000      0.00000       1.1000000
      0.30505269       1.0035751    0.0015402695      0.00000      0.00000       1.1020000
      0.32633759       1.0022457    0.0015299544      0.00000      0.00000       1.1050000
      0.34762360      0.99837818    0.0015333058      0.00000      0.00000       1.1080000
      0.36890593      0.99865505    0.0015337955      0.00000      0.00000       1.1100000
      0.39019101       1.0002051    0.0015409868      0.00000      0.00000       1.1130000
      0.41147520      0.99722644    0.0016186672      0.00000      0.00000       1.1160001
      0.43276212       1.0047001    0.0015579752      0.00000      0.00000       1.1190000
      0.45407556      0.99560427    0.0015559514      0.00000      0.00000       1.1220000
      0.47536588      0.99903948    0.0015570377      0.00000      0.00000       1.1250000
      0.49665185       1.0035287    0.0015391977      0.00000      0.00000       1.1280000
      0.51793963      0.99348783    0.0015263189      0.00000      0.00000       1.1310000
      0.53922379      0.99708851    0.0015198453      0.00000      0.00000       1.1339999
      0.56051090      0.99775215    0.0015210084      0.00000      0.00000       1.1370000
      0.58182743      0.99718046    0.0015453121      0.00000      0.00000       1.1400000
      0.60311656       1.0006784    0.0015856912      0.00000      0.00000       1.1440001
      0.62439974      0.99998474    0.0015654658      0.00000      0.00000       1.1470000
      0.64568509      0.99870486    0.0015772286      0.00000      0.00000       1.1500000
      0.66694215       1.0062029    0.0015721942      0.00000      0.00000       1.1540000
      0.68823010      0.99521239    0.0015568096      0.00000      0.00000       1.1569999
      0.70951850       1.0006800    0.0015714992      0.00000      0.00000       1.1610000
      0.73080416      0.99699279    0.0015480382      0.00000      0.00000       1.1650000
      0.75209593      0.99890722    0.0015524438      0.00000      0.00000       1.1680000
      0.77338417      0.99491324    0.0015498767      0.00000      0.00000       1.1720001
      0.79466857       1.0036068    0.0015359083      0.00000      0.00000       1.1760000
      0.81595929      0.99698009    0.0015377448      0.00000      0.00000       1.1799999
      0.83724816      0.99980182    0.0015650268      0.00000      0.00000       1.1830000
      0.85853855       1.0037028    0.0015706489      0.00000      0.00000       1.1870000
      0.87982589      0.99966708    0.0016002951      0.00000      0.00000       1.1910000
      0.90109129      0.99811820    0.0016029627      0.00000      0.00000       1.1950001
      0.92238396       1.0008919    0.0016867688      0.00000      0.00000       1.2000000
      0.94367310      0.99674260    0.0015987441      0.00000      0.00000       1.2040000
      0.96495920      0.99588092    0.0015635381      0.00000      0.00000       1.2079999
      0.98624663       1.0011749    0.0015761745      0.00000      0.00000       1.2120000
       1.0075327      0.99587007    0.0015718479      0.00000      0.00000       1.2170000
       1.0288198      0.99419099    0.0015747109      0.00000      0.00000       1.2210000
       1.0501104      0.99293516    0.0015781767      0.00000      0.00000       1.2260000
       1.0713952      0.99815304    0.0015831304      0.00000      0.00000       1.2300000
       1.0926827       1.0029046    0.0015763937      0.00000      0.00000       1.2350000
       1.1139714      0.99149208    0.0015666873      0.00000      0.00000       1.2400000
       1.1352604      0.99924234    0.0015714474      0.00000      0.00000       1.2440000
       1.1565445      0.99677992    0.0015592002      0.00000      0.00000       1.2490000
       1.1778304      0.99614537    0.0015827841      0.00000      0.00000       1.2539999
       1.1991148      0.99463950    0.0015775739      0.00000      0.00000       1.2589999
       1.2204035       1.0026776    0.0016103569      0.00000      0.00000       1.2640001
       1.2416932      0.99587546    0.0016141485      0.00000      0.00000       1.2700000
       1.2629996      0.99674913    0.0016975971      0.00000      0.00000       1.2750000
       1.2842866      0.99933146    0.0017169091      0.00000      0.00000       1.2800000
       1.3055758      0.99834888    0.0017790834      0.00000      0.00000       1.2850000
       1.3268633      0.99534323    0.0016751692      0.00000      0.00000       1.2910000
       1.3481439      0.99892035    0.0016542613      0.00000      0.00000       1.2970001
       1.3694396      0.99838123    0.0016218151      0.00000      0.00000       1.3020000
       1.3907259      0.99729818    0.0017323187      0.00000      0.00000       1.3080000
       1.4120099      0.99809883    0.0016959948      0.00000      0.00000       1.3140000
       1.4332928      0.99866988    0.0017284907      0.00000      0.00000       1.3200001
       1.4545817      0.99750693    0.0017399857      0.00000      0.00000       1.3260000
       1.4758677      0.99390859    0.0016738529      0.00000      0.00000       1.3320000
       1.4971568      0.99937233    0.0016777143      0.00000      0.00000       1.3380001
       1.5184443       1.0000000    0.0016416933      0.00000      0.00000       1.3440000
       1.5610209      0.99968943    0.0016071725      0.00000      0.00000       1.3570000
       1.5823297      0.99442259    0.0016649755      0.00000      0.00000       1.3640000
       1.6036168       1.0003178    0.0016300940      0.00000      0.00000       1.3700000
       1.6248999       1.0007191    0.0016203551      0.00000      0.00000       1.3770000
       1.6461870      0.99893773    0.0016339598      0.00000      0.00000       1.3839999
       1.6674712      0.99365940    0.0016104069      0.00000      0.00000       1.3910000
       1.6887611      0.99583282    0.0016297089      0.00000      0.00000       1.3980000
       1.7100477      0.99389972    0.0016239830      0.00000      0.00000       1.4050000
       1.7313302      0.99995040    0.0016321556      0.00000      0.00000       1.4130000
       1.7526195      0.99501613    0.0016318257      0.00000      0.00000       1.4200000
       1.7739096      0.99990137    0.0016385994      0.00000      0.00000       1.4280000
       1.7951940      0.99343532    0.0016485840      0.00000      0.00000       1.4349999
       1.8164771       1.0015269    0.0016797762      0.00000      0.00000       1.4430000
       1.8377657       1.0023670    0.0016529668      0.00000      0.00000       1.4510000
       1.8590505      0.99237958    0.0016109321      0.00000      0.00000       1.4590000
       1.8803402      0.99698044    0.0016093271      0.00000      0.00000       1.4670000
       1.9016242       1.0004467    0.0016368472      0.00000      0.00000       1.4760000
       1.9229171      0.99976847    0.0016406862      0.00000      0.00000       1.4840000
       1.9442026       1.0008764    0.0016268984      0.00000      0.00000       1.4930000
       1.9654895      0.99642813    0.0016273283      0.00000      0.00000       1.5020000
       1.9867744      0.99773895    0.0016556889      0.00000      0.00000       1.5110000
       2.0080604      0.99933203    0.0016206190      0.00000      0.00000       1.5200000
       2.0293426      0.99924319    0.0016270267      0.00000      0.00000       1.5290000
       2.0506265       1.0011765    0.0016592030      0.00000      0.00000       1.5380000
       2.0719079      0.99605945    0.0016621827      0.00000      0.00000       1.5480000
       2.0931978      0.99397806    0.0017213377      0.00000      0.00000       1.5570000
       2.1144856       1.0026031    0.0017500675      0.00000      0.00000       1.5670000
       2.1357764      0.99371070    0.0017268500      0.00000      0.00000       1.5770000
       2.1570659       1.0012450    0.0017680649      0.00000      0.00000       1.5870000
       2.1783537      0.99878177    0.0017099235      0.00000      0.00000       1.5970000
       2.1996406       1.0022906    0.0017053339      0.00000      0.00000       1.6080000
       2.2209243      0.99695788    0.0017278959      0.00000      0.00000       1.6190000
       2.2422080      0.99703210    0.0017245130      0.00000      0.00000       1.6300000
       2.2634933      0.99540531    0.0017034136      0.00000      0.00000       1.6410000
       2.2847803      0.99782842    0.0017070816      0.00000      0.00000       1.6520000
       2.3060650      0.99794763    0.0017337238      0.00000      0.00000       1.6630000
       2.3273491      0.99991712    0.0017476552      0.00000      0.00000       1.6750000
       2.3486363      0.99959428    0.0017327040      0.00000      0.00000       1.6870000
       2.3699216       1.0016426    0.0017706743      0.00000      0.00000       1.6990000
       2.3912100       1.0032562    0.0017790501      0.00000      0.00000       1.7110000
       2.4124989       1.0000261    0.0017876256      0.00000      0.00000       1.7240000
       2.4337846      0.99710447    0.0017921000      0.00000      0.00000       1.7370000
       2.4550720       1.0017349    0.0018099241      0.00000      0.00000       1.7500000
       2.4763804      0.99800234    0.0018677368      0.00000      0.00000       1.7630000
       2.4976665       1.0023532    0.0019806058      0.00000      0.00000       1.7760000
       2.5189524      0.99582139    0.0020204490      0.00000      0.00000       1.7900000
       2.5402373      0.99229174    0.0019890804      0.00000      0.00000       1.8040000
       2.5615239       1.0043261    0.0019460668      0.00000      0.00000       1.8180000
       2.5828096      0.99670237    0.0019172738      0.00000      0.00000       1.8329999
       2.6040757      0.99462999    0.0019856804      0.00000      0.00000       1.8480000
       2.6253590      0.99776088    0.0019312296      0.00000      0.00000       1.8630000
       2.6466481      0.99094672    0.0020667806      0.00000      0.00000       1.8780000
       2.6679351      0.99284760    0.0019875327      0.00000      0.00000       1.8940001
       2.6893067      0.99650100    0.0019863941      0.00000      0.00000       1.9100000
       2.7106012       1.0009712    0.0020171076      0.00000      0.00000       1.9270000
       2.7318859      0.99587745    0.0020164866      0.00000      0.00000       1.9430000
       2.7531718      0.99718508    0.0020796100      0.00000      0.00000       1.9600000
       2.7744564      0.99877383    0.0020897188      0.00000      0.00000       1.9780000
       2.7957372       1.0018189    0.0020671828      0.00000      0.00000       1.9960001
       2.8170511      0.99062941    0.0020986477      0.00000      0.00000       2.0139999
       2.8383384       1.0038665    0.0021288457      0.00000      0.00000       2.0320001
       2.8596192       1.0018829    0.0020748933      0.00000      0.00000       2.0510001
       2.8809043       1.0004054    0.0021040463      0.00000      0.00000       2.0699999
       2.9021905       1.0005402    0.0020432124      0.00000      0.00000       2.0899999
       2.9234769      0.99339871    0.0020680875      0.00000      0.00000       2.1099999
       2.9447625      0.99757448    0.0020223184      0.00000      0.00000       2.1310000
       2.9660517      0.99969851    0.0020151878      0.00000      0.00000       2.1520000
