#JD -  2457565 (hr) Flux  Fl_err  Model_fl   Residual for 1.93um (%) Airmass
      -4.5079613       1.0130641    0.0035522725      0.00000      0.00000       1.4160000
      -4.4866787       1.0206825    0.0034283614      0.00000      0.00000       1.4080000
      -4.4653956      0.99723121    0.0033535714      0.00000      0.00000       1.4010000
      -4.4441073       1.0189819    0.0034229457      0.00000      0.00000       1.3940001
      -4.4228128       1.0135338    0.0034382243      0.00000      0.00000       1.3870000
      -4.4015156       1.0079629    0.0032769433      0.00000      0.00000       1.3800000
      -4.3802279       1.0062338    0.0033058342      0.00000      0.00000       1.3730000
      -4.3589434      0.99555360    0.0032875037      0.00000      0.00000       1.3660001
      -4.3376587       1.0153050    0.0033751466      0.00000      0.00000       1.3600000
      -4.3163706       1.0005599    0.0033474715      0.00000      0.00000       1.3530000
      -4.2950823       1.0092457    0.0034278114      0.00000      0.00000       1.3470000
      -4.2737971      0.99650143    0.0034319173      0.00000      0.00000       1.3410000
      -4.2525150       1.0078648    0.0034360617      0.00000      0.00000       1.3340000
      -4.2312308      0.99371543    0.0032772757      0.00000      0.00000       1.3279999
      -4.2099406       1.0085091    0.0033114106      0.00000      0.00000       1.3220000
      -4.1886509       1.0098227    0.0032178130      0.00000      0.00000       1.3160000
      -4.1673621       1.0201642    0.0032434787      0.00000      0.00000       1.3099999
      -4.1460789       1.0146520    0.0031942058      0.00000      0.00000       1.3049999
      -4.1247933       1.0067464    0.0031556998      0.00000      0.00000       1.2990000
      -4.1035074       1.0108144    0.0032141346      0.00000      0.00000       1.2930000
      -4.0822223       1.0173975    0.0032319708      0.00000      0.00000       1.2880000
      -4.0609334       1.0182389    0.0031959521      0.00000      0.00000       1.2819999
      -4.0396478       1.0112621    0.0031505511      0.00000      0.00000       1.2770000
      -4.0183600       1.0072565    0.0031619048      0.00000      0.00000       1.2720000
      -3.9970688       1.0192591    0.0031682763      0.00000      0.00000       1.2660000
      -3.9757763       1.0062982    0.0031296237      0.00000      0.00000       1.2610000
      -3.9544877       1.0044819    0.0031363498      0.00000      0.00000       1.2560000
      -3.9332025       1.0046985    0.0030999580      0.00000      0.00000       1.2510000
      -3.9119164       1.0004576    0.0030719129      0.00000      0.00000       1.2460001
      -3.8906290       1.0092129    0.0031544561      0.00000      0.00000       1.2420000
      -3.8693396       1.0033466    0.0031826582      0.00000      0.00000       1.2370000
      -3.8480549       1.0097620    0.0032994492      0.00000      0.00000       1.2320000
      -3.8267708       1.0085366    0.0031437519      0.00000      0.00000       1.2280000
      -3.8054845       1.0212500    0.0032714786      0.00000      0.00000       1.2230000
      -3.7841999       1.0112349    0.0031678572      0.00000      0.00000       1.2190000
      -3.7629137       1.0190856    0.0031490958      0.00000      0.00000       1.2140000
      -3.7416330       1.0302750    0.0032241364      0.00000      0.00000       1.2100000
      -3.7203483       1.0011804    0.0031159988      0.00000      0.00000       1.2060000
      -3.6990596       1.0032935    0.0031374546      0.00000      0.00000       1.2010000
      -3.6777688      0.99988541    0.0031573695      0.00000      0.00000       1.1970000
      -3.6351994       1.0036168    0.0031153479      0.00000      0.00000       1.1890000
      -3.6139144       1.0148824    0.0031166379      0.00000      0.00000       1.1849999
      -3.5926299       1.0103747    0.0031119643      0.00000      0.00000       1.1810000
      -3.5713435       1.0032245    0.0030948553      0.00000      0.00000       1.1770000
      -3.5500550       1.0000000    0.0031650688      0.00000      0.00000       1.1730000
      -3.5287660       1.0043527    0.0031553326      0.00000      0.00000       1.1700000
      -3.5074870      0.99177675    0.0032281960      0.00000      0.00000       1.1660000
      -3.4862004      0.99722149    0.0031380745      0.00000      0.00000       1.1619999
      -3.4649138       1.0104940    0.0030675630      0.00000      0.00000       1.1590000
      -3.4436293      0.99371178    0.0031038202      0.00000      0.00000       1.1550000
      -3.4223535       1.0072438    0.0031602651      0.00000      0.00000       1.1520000
      -3.4010635       1.0095754    0.0030841427      0.00000      0.00000       1.1480000
      -3.3797848      0.99927031    0.0030350946      0.00000      0.00000       1.1450000
      -3.3584981      0.99987686    0.0030455608      0.00000      0.00000       1.1420000
      -3.3372108       1.0073356    0.0030012712      0.00000      0.00000       1.1390001
      -3.3159238      0.99596741    0.0029497881      0.00000      0.00000       1.1350000
      -3.2946643       1.0023130    0.0029929767      0.00000      0.00000       1.1320000
      -3.2733795      0.99595137    0.0030092379      0.00000      0.00000       1.1289999
      -3.2520884      0.99188618    0.0029578640      0.00000      0.00000       1.1260000
      -3.2307875       1.0119112    0.0030922353      0.00000      0.00000       1.1230000
      -3.2095167      0.99288550    0.0030278955      0.00000      0.00000       1.1200000
      -3.1882283       1.0086004    0.0030970102      0.00000      0.00000       1.1170000
      -3.1669402       1.0104657    0.0030948180      0.00000      0.00000       1.1140000
      -3.1456558       1.0013528    0.0030372147      0.00000      0.00000       1.1109999
      -3.1243688       1.0111752    0.0030315777      0.00000      0.00000       1.1090000
      -3.1030767       1.0106017    0.0030827065      0.00000      0.00000       1.1059999
      -3.0817351       1.0034814    0.0030341876      0.00000      0.00000       1.1030000
      -3.0604299       1.0007067    0.0030240615      0.00000      0.00000       1.1010000
      -3.0391400      0.99989637    0.0029994898      0.00000      0.00000       1.0980000
      -3.0178195      0.99422040    0.0030153368      0.00000      0.00000       1.0950000
      -2.9965365       1.0016420    0.0030250942      0.00000      0.00000       1.0930001
      -2.9752419       1.0085058    0.0030503711      0.00000      0.00000       1.0900000
      -2.9539556       1.0067508    0.0030507651      0.00000      0.00000       1.0880001
      -2.9326723       1.0049236    0.0030263532      0.00000      0.00000       1.0860000
      -2.9113919       1.0132690    0.0030558317      0.00000      0.00000       1.0829999
      -2.8901050      0.98557167    0.0030309947      0.00000      0.00000       1.0810000
      -2.8688100       1.0007563    0.0030771162      0.00000      0.00000       1.0790000
      -2.8475259       1.0023520    0.0030275774      0.00000      0.00000       1.0760000
      -2.8262412       1.0015301    0.0030291482      0.00000      0.00000       1.0740000
      -2.8049542       1.0058240    0.0030557920      0.00000      0.00000       1.0720000
      -2.7836670       1.0110293    0.0030129751      0.00000      0.00000       1.0700001
      -2.7623799      0.99700862    0.0029818074      0.00000      0.00000       1.0680000
      -2.7410997       1.0089256    0.0030518845      0.00000      0.00000       1.0660000
      -2.7198104       1.0226428    0.0030791395      0.00000      0.00000       1.0640000
      -2.6985222       1.0090397    0.0031043409      0.00000      0.00000       1.0620000
      -2.6772096      0.99462744    0.0029788297      0.00000      0.00000       1.0599999
      -2.6559244       1.0050407    0.0030123816      0.00000      0.00000       1.0580000
      -2.6346418       1.0018768    0.0030137687      0.00000      0.00000       1.0560000
      -2.6133788      0.99070124    0.0030322934      0.00000      0.00000       1.0549999
      -2.5920948      0.99015164    0.0030408037      0.00000      0.00000       1.0530000
      -2.5708120      0.99920286    0.0030199201      0.00000      0.00000       1.0510000
      -2.5494897       1.0095816    0.0030228398      0.00000      0.00000       1.0490000
      -2.5282015       1.0014711    0.0030329592      0.00000      0.00000       1.0480000
      -2.5069191       1.0044893    0.0030564276      0.00000      0.00000       1.0460000
      -2.4856354       1.0019400    0.0030176542      0.00000      0.00000       1.0440000
      -2.4643516       1.0070290    0.0029944769      0.00000      0.00000       1.0430000
      -2.4430683       1.0003665    0.0029886777      0.00000      0.00000       1.0410000
      -2.4217818       1.0071098    0.0030286090      0.00000      0.00000       1.0400000
      -2.4004989       1.0023412    0.0029803452      0.00000      0.00000       1.0380000
      -2.3792167      0.99513481    0.0029584077      0.00000      0.00000       1.0369999
      -2.3579327      0.98675571    0.0029681537      0.00000      0.00000       1.0360000
      -2.3366460      0.98958982    0.0029148788      0.00000      0.00000       1.0340000
      -2.3153603       1.0127063    0.0030051282      0.00000      0.00000       1.0330000
      -2.2940740       1.0012284    0.0029847751      0.00000      0.00000       1.0319999
      -2.2727892      0.99442418    0.0030185258      0.00000      0.00000       1.0300000
      -2.2515030      0.99654812    0.0029469381      0.00000      0.00000       1.0290000
      -2.2302154       1.0018884    0.0029659337      0.00000      0.00000       1.0280000
      -2.2089278      0.99647033    0.0029268732      0.00000      0.00000       1.0270000
      -2.1876383       1.0059814    0.0029530836      0.00000      0.00000       1.0260000
      -2.1663489      0.99769162    0.0029640033      0.00000      0.00000       1.0240000
      -2.1450635      0.99636251    0.0029578532      0.00000      0.00000       1.0230000
      -2.1237799      0.99780469    0.0029464810      0.00000      0.00000       1.0220000
      -2.1024884      0.99138700    0.0029246455      0.00000      0.00000       1.0210000
      -2.0811985       1.0009027    0.0029526353      0.00000      0.00000       1.0200000
      -2.0599118       1.0054062    0.0029687036      0.00000      0.00000       1.0190001
      -2.0386263       1.0114250    0.0030082619      0.00000      0.00000       1.0180000
      -2.0173329       1.0053700    0.0029680002      0.00000      0.00000       1.0180000
      -1.9960691       1.0021118    0.0029796028      0.00000      0.00000       1.0170000
      -1.9747869       1.0027222    0.0029561522      0.00000      0.00000       1.0160000
      -1.9534993      0.99900290    0.0030181286      0.00000      0.00000       1.0150000
      -1.9322144      0.98756996    0.0028843518      0.00000      0.00000       1.0140001
      -1.9109266      0.99982883    0.0029767305      0.00000      0.00000       1.0140001
      -1.8896425       1.0002260    0.0029973349      0.00000      0.00000       1.0130000
      -1.8683515      0.99223672    0.0029250364      0.00000      0.00000       1.0120000
      -1.8470625      0.99889606    0.0029364994      0.00000      0.00000       1.0120000
      -1.8257635       1.0037125    0.0029691596      0.00000      0.00000       1.0110000
      -1.8044778      0.99924554    0.0029186427      0.00000      0.00000       1.0100000
      -1.7832113      0.99713069    0.0029622570      0.00000      0.00000       1.0100000
      -1.7619204      0.99305614    0.0029371646      0.00000      0.00000       1.0089999
      -1.7406241      0.99663820    0.0028900944      0.00000      0.00000       1.0089999
      -1.7193345      0.99874547    0.0030138028      0.00000      0.00000       1.0080000
      -1.6980541      0.99632660    0.0030144989      0.00000      0.00000       1.0080000
      -1.6767681      0.99321778    0.0029179236      0.00000      0.00000       1.0070000
      -1.6554749      0.98839963    0.0029151275      0.00000      0.00000       1.0070000
      -1.6341845      0.99779106    0.0028850224      0.00000      0.00000       1.0070000
      -1.6128945       1.0054462    0.0029251140      0.00000      0.00000       1.0060000
      -1.5916034       1.0014530    0.0028872880      0.00000      0.00000       1.0060000
      -1.5703135      0.98813606    0.0028531720      0.00000      0.00000       1.0060000
      -1.5490272      0.99047571    0.0028695692      0.00000      0.00000       1.0060000
      -1.5277421      0.99568334    0.0028869006      0.00000      0.00000       1.0050000
      -1.5064534      0.99036549    0.0028818988      0.00000      0.00000       1.0050000
      -1.4851331      0.98907907    0.0028766528      0.00000      0.00000       1.0050000
      -1.4637620      0.98518290    0.0028595775      0.00000      0.00000       1.0050000
      -1.4424256      0.99372114    0.0028878069      0.00000      0.00000       1.0050000
      -1.4210700      0.99997113    0.0028830361      0.00000      0.00000       1.0050000
      -1.3997464       1.0119863    0.0028982666      0.00000      0.00000       1.0050000
      -1.3784496      0.99564004    0.0028224030      0.00000      0.00000       1.0050000
      -1.3571502      0.98206445    0.0027704376      0.00000      0.00000       1.0050000
      -1.3358176      0.99592598    0.0028611786      0.00000      0.00000       1.0050000
      -1.3144943       1.0018282    0.0028231813      0.00000      0.00000       1.0050000
      -1.2931982      0.99322098    0.0027945713      0.00000      0.00000       1.0050000
      -1.2718925       1.0047243    0.0028390770      0.00000      0.00000       1.0050000
      -1.2505543      0.97902362    0.0027832247      0.00000      0.00000       1.0050000
      -1.2292571      0.99132962    0.0028259401      0.00000      0.00000       1.0060000
      -1.2079121      0.97822131    0.0028408687      0.00000      0.00000       1.0060000
      -1.1864119      0.99304732    0.0028041156      0.00000      0.00000       1.0060000
      -1.1648556      0.98696315    0.0027920483      0.00000      0.00000       1.0060000
      -1.1432757      0.98417172    0.0027666440      0.00000      0.00000       1.0070000
      -1.1217138       1.0033175    0.0028584211      0.00000      0.00000       1.0070000
      -1.1001447      0.98202017    0.0028092613      0.00000      0.00000       1.0070000
      -1.0786917      0.98397168    0.0029132044      0.00000      0.00000       1.0080000
      -1.0572883      0.98275654    0.0029007595      0.00000      0.00000       1.0080000
      -1.0359918      0.98814354    0.0028549254      0.00000      0.00000       1.0089999
      -1.0146990      0.99080772    0.0028416564      0.00000      0.00000       1.0089999
     -0.99341132      0.96870139    0.0028004024      0.00000      0.00000       1.0100000
     -0.97212387      0.99272832    0.0028465097      0.00000      0.00000       1.0100000
     -0.95083896      0.99804742    0.0028522062      0.00000      0.00000       1.0110000
     -0.92955304      0.99523256    0.0028368379      0.00000      0.00000       1.0110000
     -0.90826621      0.98914670    0.0028481326      0.00000      0.00000       1.0120000
     -0.88698229      0.98156225    0.0028142249      0.00000      0.00000       1.0130000
     -0.86567354      0.99577878    0.0028628739      0.00000      0.00000       1.0130000
     -0.84438941      0.99109972    0.0028431691      0.00000      0.00000       1.0140001
     -0.82310593      0.99524815    0.0028332188      0.00000      0.00000       1.0150000
     -0.80182615      0.98731949    0.0028208150      0.00000      0.00000       1.0160000
     -0.78054763      0.99814864    0.0028963843      0.00000      0.00000       1.0160000
     -0.75925862      0.98157989    0.0028126012      0.00000      0.00000       1.0170000
     -0.73797115      0.99438328    0.0028339680      0.00000      0.00000       1.0180000
     -0.71670296      0.99435112    0.0028566227      0.00000      0.00000       1.0190001
     -0.69542237      0.99829781    0.0028329860      0.00000      0.00000       1.0200000
     -0.67411321      0.98647039    0.0028214894      0.00000      0.00000       1.0210000
     -0.65283032      0.99067549    0.0028510811      0.00000      0.00000       1.0220000
     -0.63155042      0.98577554    0.0028455454      0.00000      0.00000       1.0230000
     -0.61026839      0.99269971    0.0029176262      0.00000      0.00000       1.0240000
     -0.58898444      0.99141231    0.0028868146      0.00000      0.00000       1.0250000
     -0.56766572       1.0001575    0.0029416850      0.00000      0.00000       1.0260000
     -0.54637922      0.99783944    0.0028851388      0.00000      0.00000       1.0270000
     -0.52509350      0.99265846    0.0028737962      0.00000      0.00000       1.0290000
     -0.50380809      0.99239622    0.0029139801      0.00000      0.00000       1.0300000
     -0.48252201      0.97980187    0.0028575002      0.00000      0.00000       1.0310000
     -0.46121979      0.98137228    0.0028513148      0.00000      0.00000       1.0319999
     -0.43993957      0.99745584    0.0028798199      0.00000      0.00000       1.0340000
     -0.41866070      0.99504214    0.0028642796      0.00000      0.00000       1.0350000
     -0.39737700      0.99155702    0.0028698012      0.00000      0.00000       1.0360000
     -0.37609053      0.99486196    0.0028773871      0.00000      0.00000       1.0380000
     -0.35480246      0.99733377    0.0028765884      0.00000      0.00000       1.0390000
     -0.33352101      0.99407578    0.0028348427      0.00000      0.00000       1.0410000
     -0.31223339       1.0016490    0.0028827422      0.00000      0.00000       1.0420001
     -0.29094817      0.99737734    0.0029118005      0.00000      0.00000       1.0440000
     -0.26966213       1.0055020    0.0029706626      0.00000      0.00000       1.0450000
     -0.24837996      0.99390630    0.0028592658      0.00000      0.00000       1.0470001
     -0.22709475      0.99242651    0.0028828048      0.00000      0.00000       1.0490000
     -0.20581328      0.99289272    0.0028762879      0.00000      0.00000       1.0500000
     -0.18454986      0.99872908    0.0029161674      0.00000      0.00000       1.0520000
     -0.16326788      0.98869992    0.0029046530      0.00000      0.00000       1.0540000
     -0.14198078      0.99598194    0.0028934192      0.00000      0.00000       1.0560000
     -0.12069470      0.99424268    0.0028971055      0.00000      0.00000       1.0570000
    -0.099403773      0.98553621    0.0028655663      0.00000      0.00000       1.0590000
    -0.078121606      0.99801534    0.0028891874      0.00000      0.00000       1.0610000
    -0.056835741      0.99166305    0.0029623952      0.00000      0.00000       1.0630000
    -0.035551451      0.99287793    0.0028990207      0.00000      0.00000       1.0650001
    -0.014262501      0.99259778    0.0028626781      0.00000      0.00000       1.0670000
    0.0070317909       1.0019818    0.0028896256      0.00000      0.00000       1.0690000
     0.028319634      0.99320967    0.0029543001      0.00000      0.00000       1.0710000
     0.049611636       1.0149198    0.0030341312      0.00000      0.00000       1.0730000
     0.070890438      0.98828361    0.0029089529      0.00000      0.00000       1.0760000
     0.092175856      0.99409351    0.0029321687      0.00000      0.00000       1.0779999
      0.11345667      0.99892681    0.0029562211      0.00000      0.00000       1.0800000
      0.13474718      0.99967182    0.0029118344      0.00000      0.00000       1.0820000
      0.15603294      0.98812964    0.0028667366      0.00000      0.00000       1.0850000
      0.17732018       1.0055999    0.0029123118      0.00000      0.00000       1.0870000
      0.19860030       1.0020499    0.0029375551      0.00000      0.00000       1.0890000
      0.21991114      0.99646293    0.0029195559      0.00000      0.00000       1.0920000
      0.24119604      0.99682078    0.0028973239      0.00000      0.00000       1.0940000
      0.26248111       1.0011138    0.0029376453      0.00000      0.00000       1.0970000
      0.28376437      0.99986385    0.0029338134      0.00000      0.00000       1.1000000
      0.30505269      0.99283774    0.0029222087      0.00000      0.00000       1.1020000
      0.32633759       1.0032051    0.0029365374      0.00000      0.00000       1.1050000
      0.34762360       1.0045377    0.0029511069      0.00000      0.00000       1.1080000
      0.36890593      0.99257835    0.0029018735      0.00000      0.00000       1.1100000
      0.39019101       1.0059807    0.0029857619      0.00000      0.00000       1.1130000
      0.41147520      0.99744559    0.0031214740      0.00000      0.00000       1.1160001
      0.43276212       1.0002647    0.0029856804      0.00000      0.00000       1.1190000
      0.45407556       1.0006586    0.0030229334      0.00000      0.00000       1.1220000
      0.47536588      0.98591624    0.0029648174      0.00000      0.00000       1.1250000
      0.49665185      0.99668766    0.0029665094      0.00000      0.00000       1.1280000
      0.51793963      0.96392744    0.0029251241      0.00000      0.00000       1.1310000
      0.53922379      0.99195363    0.0029428385      0.00000      0.00000       1.1339999
      0.56051090      0.98890959    0.0029138576      0.00000      0.00000       1.1370000
      0.58182743      0.99694063    0.0029878875      0.00000      0.00000       1.1400000
      0.60311656      0.99843592    0.0030745227      0.00000      0.00000       1.1440001
      0.62439974      0.99551547    0.0029974470      0.00000      0.00000       1.1470000
      0.64568509       1.0077211    0.0030626632      0.00000      0.00000       1.1500000
      0.66694215      0.97676594    0.0029512193      0.00000      0.00000       1.1540000
      0.68823010       1.0007741    0.0030399502      0.00000      0.00000       1.1569999
      0.70951850      0.99787776    0.0030542984      0.00000      0.00000       1.1610000
      0.73080416      0.99276850    0.0030147948      0.00000      0.00000       1.1650000
      0.75209593      0.99108324    0.0030034331      0.00000      0.00000       1.1680000
      0.77338417      0.99487818    0.0030351430      0.00000      0.00000       1.1720001
      0.79466857       1.0076646    0.0030856624      0.00000      0.00000       1.1760000
      0.81595929      0.99355861    0.0030111944      0.00000      0.00000       1.1799999
      0.83724816      0.99759708    0.0030746804      0.00000      0.00000       1.1830000
      0.85853855       1.0184291    0.0032029904      0.00000      0.00000       1.1870000
      0.87982589       1.0055086    0.0031917808      0.00000      0.00000       1.1910000
      0.90109129       1.0069456    0.0031663615      0.00000      0.00000       1.1950001
      0.92238396      0.99579499    0.0033010966      0.00000      0.00000       1.2000000
      0.94367310       1.0076930    0.0031937554      0.00000      0.00000       1.2040000
      0.96495920      0.99661495    0.0030779272      0.00000      0.00000       1.2079999
      0.98624663       1.0041732    0.0031278893      0.00000      0.00000       1.2120000
       1.0075327      0.99356146    0.0030943676      0.00000      0.00000       1.2170000
       1.0288198       1.0016046    0.0031343150      0.00000      0.00000       1.2210000
       1.0501104      0.99340526    0.0031060433      0.00000      0.00000       1.2260000
       1.0713952      0.99495160    0.0031357581      0.00000      0.00000       1.2300000
       1.0926827       1.0019783    0.0031672630      0.00000      0.00000       1.2350000
       1.1139714      0.99128872    0.0032415312      0.00000      0.00000       1.2400000
       1.1352604       1.0013268    0.0031680218      0.00000      0.00000       1.2440000
       1.1565445       1.0017261    0.0031724973      0.00000      0.00000       1.2490000
       1.1778304      0.99239328    0.0031747549      0.00000      0.00000       1.2539999
       1.1991148      0.99667554    0.0032108074      0.00000      0.00000       1.2589999
       1.2204035       1.0068872    0.0032366200      0.00000      0.00000       1.2640001
       1.2416932      0.99643959    0.0032913047      0.00000      0.00000       1.2700000
       1.2629996      0.99549898    0.0034583365      0.00000      0.00000       1.2750000
       1.2842866       1.0067005    0.0035405000      0.00000      0.00000       1.2800000
       1.3055758       1.0146960    0.0036712967      0.00000      0.00000       1.2850000
       1.3268633      0.99720955    0.0034068826      0.00000      0.00000       1.2910000
       1.3481439       1.0071603    0.0033285040      0.00000      0.00000       1.2970001
       1.3694396      0.99992827    0.0033447102      0.00000      0.00000       1.3020000
       1.3907259       1.0083147    0.0036133544      0.00000      0.00000       1.3080000
       1.4120099       1.0099958    0.0035386803      0.00000      0.00000       1.3140000
       1.4332928      0.99343600    0.0035667811      0.00000      0.00000       1.3200001
       1.4545817      0.98756203    0.0035607198      0.00000      0.00000       1.3260000
       1.4758677       1.0122750    0.0035345497      0.00000      0.00000       1.3320000
       1.4971568       1.0033685    0.0034517009      0.00000      0.00000       1.3380001
       1.5184443      0.99761427    0.0033837766      0.00000      0.00000       1.3440000
       1.5397365       1.0296375    0.0061823586      0.00000      0.00000       1.3510000
       1.5610209      0.98815004    0.0032811873      0.00000      0.00000       1.3570000
       1.5823297      0.99122528    0.0033861292      0.00000      0.00000       1.3640000
       1.6036168       1.0233908    0.0034153487      0.00000      0.00000       1.3700000
       1.6248999       1.0071067    0.0033652760      0.00000      0.00000       1.3770000
       1.6461870       1.0022993    0.0033373210      0.00000      0.00000       1.3839999
       1.6674712      0.99851683    0.0033025230      0.00000      0.00000       1.3910000
       1.6887611      0.99939960    0.0034168298      0.00000      0.00000       1.3980000
       1.7100477       1.0027734    0.0033980691      0.00000      0.00000       1.4050000
       1.7313302       1.0047902    0.0034521649      0.00000      0.00000       1.4130000
       1.7526195       1.0012710    0.0034882295      0.00000      0.00000       1.4200000
       1.7739096       1.0088858    0.0034760773      0.00000      0.00000       1.4280000
       1.7951940       1.0033245    0.0035029933      0.00000      0.00000       1.4349999
       1.8164771       1.0145896    0.0035915523      0.00000      0.00000       1.4430000
       1.8377657       1.0083317    0.0034957590      0.00000      0.00000       1.4510000
       1.8590505       1.0086232    0.0035173843      0.00000      0.00000       1.4590000
       1.8803402       1.0175593    0.0034926793      0.00000      0.00000       1.4670000
       1.9016242      0.99504009    0.0034890830      0.00000      0.00000       1.4760000
       1.9229171       1.0007384    0.0034780084      0.00000      0.00000       1.4840000
       1.9442026       1.0073426    0.0034819027      0.00000      0.00000       1.4930000
       1.9654895       1.0071865    0.0035249837      0.00000      0.00000       1.5020000
       1.9867744      0.99958788    0.0035462773      0.00000      0.00000       1.5110000
       2.0080604      0.99096286    0.0034626999      0.00000      0.00000       1.5200000
       2.0293426      0.98951096    0.0034372500      0.00000      0.00000       1.5290000
       2.0506265       1.0084736    0.0035452655      0.00000      0.00000       1.5380000
       2.0719079      0.99802995    0.0035475812      0.00000      0.00000       1.5480000
       2.0931978       1.0088244    0.0036912279      0.00000      0.00000       1.5570000
       2.1144856       1.0123692    0.0037863508      0.00000      0.00000       1.5670000
       2.1357764       1.0091127    0.0037238675      0.00000      0.00000       1.5770000
       2.1570659       1.0030969    0.0037550195      0.00000      0.00000       1.5870000
       2.1783537      0.99181756    0.0037118998      0.00000      0.00000       1.5970000
       2.1996406       1.0104671    0.0037172392      0.00000      0.00000       1.6080000
       2.2209243      0.99685562    0.0037209082      0.00000      0.00000       1.6190000
       2.2422080       1.0106744    0.0038134014      0.00000      0.00000       1.6300000
       2.2634933       1.0021273    0.0037639124      0.00000      0.00000       1.6410000
       2.2847803      0.99815755    0.0036955349      0.00000      0.00000       1.6520000
       2.3060650       1.0027117    0.0038350445      0.00000      0.00000       1.6630000
       2.3273491      0.99571417    0.0038127105      0.00000      0.00000       1.6750000
       2.3486363      0.99970016    0.0038281394      0.00000      0.00000       1.6870000
       2.3699216       1.0115406    0.0039208540      0.00000      0.00000       1.6990000
       2.3912100       1.0064763    0.0039506210      0.00000      0.00000       1.7110000
       2.4124989      0.99708516    0.0039186354      0.00000      0.00000       1.7240000
       2.4337846      0.99666146    0.0039276208      0.00000      0.00000       1.7370000
       2.4550720       1.0022028    0.0040446040      0.00000      0.00000       1.7500000
       2.4763804       1.0036996    0.0040579486      0.00000      0.00000       1.7630000
       2.4976665       1.0100276    0.0045195862      0.00000      0.00000       1.7760000
       2.5189524      0.99144100    0.0044089366      0.00000      0.00000       1.7900000
       2.5402373      0.99357491    0.0043606352      0.00000      0.00000       1.8040000
       2.5615239       1.0063653    0.0043180101      0.00000      0.00000       1.8180000
       2.5828096       1.0023334    0.0042386322      0.00000      0.00000       1.8329999
       2.6040757       1.0144179    0.0044844791      0.00000      0.00000       1.8480000
       2.6253590       1.0190039    0.0044260645      0.00000      0.00000       1.8630000
       2.6466481       1.0152544    0.0046962889      0.00000      0.00000       1.8780000
       2.6679351       1.0139241    0.0046299925      0.00000      0.00000       1.8940001
       2.6893067       1.0027024    0.0044612882      0.00000      0.00000       1.9100000
       2.7106012      0.99207410    0.0044948993      0.00000      0.00000       1.9270000
       2.7318859       1.0084691    0.0045716315      0.00000      0.00000       1.9430000
       2.7531718       1.0048107    0.0046959909      0.00000      0.00000       1.9600000
       2.7744564      0.99739489    0.0047902415      0.00000      0.00000       1.9780000
       2.7957372       1.0089065    0.0046358485      0.00000      0.00000       1.9960001
       2.8170511       1.0005256    0.0047409509      0.00000      0.00000       2.0139999
       2.8383384       1.0176402    0.0047744830      0.00000      0.00000       2.0320001
       2.8596192       1.0110516    0.0047278154      0.00000      0.00000       2.0510001
       2.8809043       1.0085868    0.0047037995      0.00000      0.00000       2.0699999
       2.9021905       1.0086237    0.0046858175      0.00000      0.00000       2.0899999
       2.9234769       1.0084561    0.0046779567      0.00000      0.00000       2.1099999
       2.9447625       1.0125632    0.0046444082      0.00000      0.00000       2.1310000
       2.9660517      0.99873826    0.0046308167      0.00000      0.00000       2.1520000
