#JD -  2457565 (hr) Flux  Fl_err  Model_fl   Residual for 1.56um (%) Airmass
      -4.5079613      0.99309491    0.0018924659      0.00000      0.00000       1.4160000
      -4.4866787      0.99498396    0.0018727803      0.00000      0.00000       1.4080000
      -4.4653956      0.99007157    0.0018650976      0.00000      0.00000       1.4010000
      -4.4441073      0.99884660    0.0018951479      0.00000      0.00000       1.3940001
      -4.4228128      0.99261691    0.0018936295      0.00000      0.00000       1.3870000
      -4.4015156      0.99215812    0.0018389621      0.00000      0.00000       1.3800000
      -4.3802279       1.0046939    0.0018735594      0.00000      0.00000       1.3730000
      -4.3589434      0.99696538    0.0018570158      0.00000      0.00000       1.3660001
      -4.3376587       1.0026268    0.0018961585      0.00000      0.00000       1.3600000
      -4.3163706      0.99537440    0.0018848015      0.00000      0.00000       1.3530000
      -4.2950823       1.0099110    0.0019635886      0.00000      0.00000       1.3470000
      -4.2737971      0.99457431    0.0019529188      0.00000      0.00000       1.3410000
      -4.2525150      0.99518273    0.0019299738      0.00000      0.00000       1.3340000
      -4.2312308      0.99018097    0.0018460076      0.00000      0.00000       1.3279999
      -4.2099406      0.99667505    0.0018840620      0.00000      0.00000       1.3220000
      -4.1886509      0.99645999    0.0018354935      0.00000      0.00000       1.3160000
      -4.1673621       1.0010081    0.0018264992      0.00000      0.00000       1.3099999
      -4.1460789       1.0052768    0.0018018581      0.00000      0.00000       1.3049999
      -4.1247933      0.99431511    0.0017801420      0.00000      0.00000       1.2990000
      -4.1035074      0.99837307    0.0017727405      0.00000      0.00000       1.2930000
      -4.0822223       1.0002084    0.0017986905      0.00000      0.00000       1.2880000
      -4.0609334       1.0015972    0.0017704620      0.00000      0.00000       1.2819999
      -4.0396478       1.0033321    0.0017817935      0.00000      0.00000       1.2770000
      -4.0183600      0.99915604    0.0017856471      0.00000      0.00000       1.2720000
      -3.9970688       1.0043525    0.0017941737      0.00000      0.00000       1.2660000
      -3.9757763       1.0015608    0.0017926428      0.00000      0.00000       1.2610000
      -3.9544877       1.0070607    0.0017953325      0.00000      0.00000       1.2560000
      -3.9332025       1.0027581    0.0017996403      0.00000      0.00000       1.2510000
      -3.9119164      0.99967845    0.0017770172      0.00000      0.00000       1.2460001
      -3.8906290       1.0068539    0.0018439982      0.00000      0.00000       1.2420000
      -3.8693396       1.0105538    0.0018623535      0.00000      0.00000       1.2370000
      -3.8480549       1.0033493    0.0019035205      0.00000      0.00000       1.2320000
      -3.8267708       1.0116692    0.0018488889      0.00000      0.00000       1.2280000
      -3.8054845       1.0066461    0.0018859605      0.00000      0.00000       1.2230000
      -3.7841999       1.0023393    0.0018453309      0.00000      0.00000       1.2190000
      -3.7629137       1.0066618    0.0018282463      0.00000      0.00000       1.2140000
      -3.7416330       1.0038103    0.0018548820      0.00000      0.00000       1.2100000
      -3.7203483       1.0063515    0.0018425493      0.00000      0.00000       1.2060000
      -3.6990596       1.0112446    0.0018386559      0.00000      0.00000       1.2010000
      -3.6777688       1.0036984    0.0018428581      0.00000      0.00000       1.1970000
      -3.6564842       1.0121683    0.0026662169      0.00000      0.00000       1.1930000
      -3.6351994       1.0111946    0.0018399665      0.00000      0.00000       1.1890000
      -3.6139144      0.99818531    0.0017775534      0.00000      0.00000       1.1849999
      -3.5926299      0.99923058    0.0018165591      0.00000      0.00000       1.1810000
      -3.5713435       1.0047069    0.0018228276      0.00000      0.00000       1.1770000
      -3.5500550       1.0070814    0.0018748200      0.00000      0.00000       1.1730000
      -3.5287660       1.0045382    0.0018574858      0.00000      0.00000       1.1700000
      -3.5074870       1.0073346    0.0018956951      0.00000      0.00000       1.1660000
      -3.4862004       1.0020076    0.0018663575      0.00000      0.00000       1.1619999
      -3.4649138       1.0012136    0.0017999131      0.00000      0.00000       1.1590000
      -3.4436293       1.0060184    0.0018575080      0.00000      0.00000       1.1550000
      -3.4223535       1.0012490    0.0018688435      0.00000      0.00000       1.1520000
      -3.4010635       1.0024501    0.0018119475      0.00000      0.00000       1.1480000
      -3.3797848       1.0054990    0.0018280945      0.00000      0.00000       1.1450000
      -3.3584981       1.0059230    0.0018141555      0.00000      0.00000       1.1420000
      -3.3372108       1.0073256    0.0017781223      0.00000      0.00000       1.1390001
      -3.3159238       1.0068115    0.0017670447      0.00000      0.00000       1.1350000
      -3.2946643       1.0061692    0.0018000109      0.00000      0.00000       1.1320000
      -3.2733795       1.0028515    0.0018295779      0.00000      0.00000       1.1289999
      -3.2520884      0.99997033    0.0017890704      0.00000      0.00000       1.1260000
      -3.2307875       1.0042773    0.0018131294      0.00000      0.00000       1.1230000
      -3.2095167      0.99848037    0.0018127673      0.00000      0.00000       1.1200000
      -3.1882283       1.0058160    0.0018270667      0.00000      0.00000       1.1170000
      -3.1669402      0.99658804    0.0018430515      0.00000      0.00000       1.1140000
      -3.1456558       1.0028991    0.0018136097      0.00000      0.00000       1.1109999
      -3.1243688       1.0051360    0.0018227143      0.00000      0.00000       1.1090000
      -3.1030767       1.0046215    0.0018338779      0.00000      0.00000       1.1059999
      -3.0817351       1.0051301    0.0018328199      0.00000      0.00000       1.1030000
      -3.0604299       1.0087576    0.0018533737      0.00000      0.00000       1.1010000
      -3.0391400       1.0027754    0.0018422062      0.00000      0.00000       1.0980000
      -3.0178195       1.0088903    0.0018670821      0.00000      0.00000       1.0950000
      -2.9965365       1.0029895    0.0018393784      0.00000      0.00000       1.0930001
      -2.9752419       1.0037114    0.0018510156      0.00000      0.00000       1.0900000
      -2.9539556       1.0191208    0.0018629138      0.00000      0.00000       1.0880001
      -2.9326723       1.0046171    0.0018456437      0.00000      0.00000       1.0860000
      -2.9113919       1.0024034    0.0018293319      0.00000      0.00000       1.0829999
      -2.8901050       1.0032971    0.0018468454      0.00000      0.00000       1.0810000
      -2.8688100      0.99938339    0.0018789024      0.00000      0.00000       1.0790000
      -2.8475259       1.0027919    0.0018628614      0.00000      0.00000       1.0760000
      -2.8262412       1.0070521    0.0018837993      0.00000      0.00000       1.0740000
      -2.8049542       1.0052207    0.0018689467      0.00000      0.00000       1.0720000
      -2.7836670       1.0096963    0.0018425258      0.00000      0.00000       1.0700001
      -2.7623799       1.0015254    0.0018492550      0.00000      0.00000       1.0680000
      -2.7410997      0.99761439    0.0018366543      0.00000      0.00000       1.0660000
      -2.7198104       1.0031060    0.0018684883      0.00000      0.00000       1.0640000
      -2.6985222       1.0056887    0.0018830110      0.00000      0.00000       1.0620000
      -2.6772096       1.0027900    0.0018484208      0.00000      0.00000       1.0599999
      -2.6559244       1.0050182    0.0018509034      0.00000      0.00000       1.0580000
      -2.6346418       1.0055214    0.0018517956      0.00000      0.00000       1.0560000
      -2.6133788      0.99895764    0.0018843982      0.00000      0.00000       1.0549999
      -2.5920948       1.0083803    0.0019160631      0.00000      0.00000       1.0530000
      -2.5708120       1.0063802    0.0018736280      0.00000      0.00000       1.0510000
      -2.5494897       1.0052855    0.0018499963      0.00000      0.00000       1.0490000
      -2.5282015       1.0085499    0.0018969243      0.00000      0.00000       1.0480000
      -2.5069191       1.0010637    0.0019004787      0.00000      0.00000       1.0460000
      -2.4856354       1.0025141    0.0018652026      0.00000      0.00000       1.0440000
      -2.4643516       1.0009808    0.0018638106      0.00000      0.00000       1.0430000
      -2.4430683       1.0041697    0.0018666464      0.00000      0.00000       1.0410000
      -2.4217818       1.0021907    0.0018564850      0.00000      0.00000       1.0400000
      -2.4004989       1.0086778    0.0018610239      0.00000      0.00000       1.0380000
      -2.3792167       1.0001417    0.0018475511      0.00000      0.00000       1.0369999
      -2.3579327       1.0095069    0.0018994054      0.00000      0.00000       1.0360000
      -2.3366460       1.0027374    0.0018482944      0.00000      0.00000       1.0340000
      -2.3153603       1.0012499    0.0018553545      0.00000      0.00000       1.0330000
      -2.2940740       1.0054556    0.0018689898      0.00000      0.00000       1.0319999
      -2.2727892       1.0062635    0.0018938208      0.00000      0.00000       1.0300000
      -2.2515030       1.0037492    0.0018686220      0.00000      0.00000       1.0290000
      -2.2302154       1.0043724    0.0018717022      0.00000      0.00000       1.0280000
      -2.2089278       1.0000000    0.0018548395      0.00000      0.00000       1.0270000
      -2.1876383       1.0119601    0.0018936347      0.00000      0.00000       1.0260000
      -2.1663489       1.0032313    0.0018876561      0.00000      0.00000       1.0240000
      -2.1450635       1.0069648    0.0019074374      0.00000      0.00000       1.0230000
      -2.1237799       1.0063857    0.0018936757      0.00000      0.00000       1.0220000
      -2.1024884       1.0029427    0.0018918948      0.00000      0.00000       1.0210000
      -2.0811985       1.0048405    0.0018953785      0.00000      0.00000       1.0200000
      -2.0599118       1.0021713    0.0018906983      0.00000      0.00000       1.0190001
      -2.0386263       1.0101840    0.0019111172      0.00000      0.00000       1.0180000
      -2.0173329       1.0090484    0.0018869936      0.00000      0.00000       1.0180000
      -1.9960691       1.0033940    0.0018953499      0.00000      0.00000       1.0170000
      -1.9747869      0.99930603    0.0018857301      0.00000      0.00000       1.0160000
      -1.9534993       1.0052869    0.0019114987      0.00000      0.00000       1.0150000
      -1.9322144       1.0046798    0.0018702254      0.00000      0.00000       1.0140001
      -1.9109266       1.0032537    0.0019091633      0.00000      0.00000       1.0140001
      -1.8896425      0.99951936    0.0019117765      0.00000      0.00000       1.0130000
      -1.8683515       1.0028292    0.0018551753      0.00000      0.00000       1.0120000
      -1.8470625       1.0070037    0.0018505991      0.00000      0.00000       1.0120000
      -1.8257635       1.0056233    0.0018793200      0.00000      0.00000       1.0110000
      -1.8044778       1.0005013    0.0018414300      0.00000      0.00000       1.0100000
      -1.7832113       1.0040262    0.0018987027      0.00000      0.00000       1.0100000
      -1.7619204       1.0007555    0.0018789490      0.00000      0.00000       1.0089999
      -1.7406241       1.0056421    0.0018456766      0.00000      0.00000       1.0089999
      -1.7193345       1.0064194    0.0019438903      0.00000      0.00000       1.0080000
      -1.6980541       1.0062570    0.0019611106      0.00000      0.00000       1.0080000
      -1.6767681       1.0072840    0.0018969017      0.00000      0.00000       1.0070000
      -1.6554749       1.0025239    0.0018779680      0.00000      0.00000       1.0070000
      -1.6341845      0.99977165    0.0018406796      0.00000      0.00000       1.0070000
      -1.6128945      0.99779587    0.0018381318      0.00000      0.00000       1.0060000
      -1.5916034       1.0055038    0.0018375607      0.00000      0.00000       1.0060000
      -1.5703135      0.99791209    0.0018292464      0.00000      0.00000       1.0060000
      -1.5490272      0.99650677    0.0018632965      0.00000      0.00000       1.0060000
      -1.5277421      0.99790208    0.0018484178      0.00000      0.00000       1.0050000
      -1.5064534       1.0011652    0.0018553305      0.00000      0.00000       1.0050000
      -1.4851331      0.99597426    0.0018362863      0.00000      0.00000       1.0050000
      -1.4637620       1.0034485    0.0018525073      0.00000      0.00000       1.0050000
      -1.4424256       1.0052750    0.0018758354      0.00000      0.00000       1.0050000
      -1.4210700      0.99781261    0.0018448813      0.00000      0.00000       1.0050000
      -1.3997464       1.0008276    0.0018403323      0.00000      0.00000       1.0050000
      -1.3784496      0.99539123    0.0017909084      0.00000      0.00000       1.0050000
      -1.3571502       1.0005872    0.0018011188      0.00000      0.00000       1.0050000
      -1.3144943       1.0008453    0.0017880278      0.00000      0.00000       1.0050000
      -1.2931982      0.99403452    0.0017935309      0.00000      0.00000       1.0050000
      -1.2718925      0.99969975    0.0018092979      0.00000      0.00000       1.0050000
      -1.2505543       1.0020357    0.0018183020      0.00000      0.00000       1.0050000
      -1.2292571      0.99579041    0.0017998361      0.00000      0.00000       1.0060000
      -1.2079121      0.99722795    0.0018672826      0.00000      0.00000       1.0060000
      -1.1864119      0.99946885    0.0018008474      0.00000      0.00000       1.0060000
      -1.1648556      0.99596061    0.0017861664      0.00000      0.00000       1.0060000
      -1.1432757      0.99307771    0.0017830686      0.00000      0.00000       1.0070000
      -1.1217138      0.98888350    0.0018004951      0.00000      0.00000       1.0070000
      -1.1001447      0.99458405    0.0018174634      0.00000      0.00000       1.0070000
      -1.0786917      0.99826412    0.0019108849      0.00000      0.00000       1.0080000
      -1.0572883      0.99306733    0.0018615049      0.00000      0.00000       1.0080000
      -1.0359918      0.99469881    0.0018184199      0.00000      0.00000       1.0089999
      -1.0146990      0.99389208    0.0018091821      0.00000      0.00000       1.0089999
     -0.99341132      0.99728547    0.0018443285      0.00000      0.00000       1.0100000
     -0.97212387      0.99709462    0.0018313070      0.00000      0.00000       1.0100000
     -0.95083896      0.99318255    0.0018030237      0.00000      0.00000       1.0110000
     -0.92955304       1.0031788    0.0018313434      0.00000      0.00000       1.0110000
     -0.90826621      0.99236799    0.0018159892      0.00000      0.00000       1.0120000
     -0.88698229      0.99092372    0.0018125373      0.00000      0.00000       1.0130000
     -0.86567354      0.99276917    0.0018012602      0.00000      0.00000       1.0130000
     -0.84438941      0.98961451    0.0018002480      0.00000      0.00000       1.0140001
     -0.82310593      0.99005446    0.0017946577      0.00000      0.00000       1.0150000
     -0.80182615      0.98986889    0.0017887277      0.00000      0.00000       1.0160000
     -0.78054763      0.99340735    0.0018000703      0.00000      0.00000       1.0160000
     -0.75925862      0.99267962    0.0017919209      0.00000      0.00000       1.0170000
     -0.73797115      0.98951094    0.0017853551      0.00000      0.00000       1.0180000
     -0.71670296      0.98831567    0.0017820969      0.00000      0.00000       1.0190001
     -0.69542237      0.98947572    0.0017855671      0.00000      0.00000       1.0200000
     -0.67411321      0.98743595    0.0017824989      0.00000      0.00000       1.0210000
     -0.65283032      0.99545440    0.0018028918      0.00000      0.00000       1.0220000
     -0.63155042      0.99307971    0.0017910563      0.00000      0.00000       1.0230000
     -0.61026839      0.98863968    0.0017983188      0.00000      0.00000       1.0240000
     -0.58898444      0.99791619    0.0018005296      0.00000      0.00000       1.0250000
     -0.56766572      0.99036827    0.0017893801      0.00000      0.00000       1.0260000
     -0.54637922      0.98739545    0.0017694807      0.00000      0.00000       1.0270000
     -0.52509350      0.99338451    0.0017856070      0.00000      0.00000       1.0290000
     -0.50380809      0.99442250    0.0017871840      0.00000      0.00000       1.0300000
     -0.48252201      0.99272312    0.0017935184      0.00000      0.00000       1.0310000
     -0.46121979      0.99311984    0.0017731484      0.00000      0.00000       1.0319999
     -0.43993957      0.99419087    0.0017568151      0.00000      0.00000       1.0340000
     -0.41866070      0.99268116    0.0017476158      0.00000      0.00000       1.0350000
     -0.39737700      0.99180663    0.0017704988      0.00000      0.00000       1.0360000
     -0.37609053      0.99908824    0.0017697447      0.00000      0.00000       1.0380000
     -0.35480246      0.98911940    0.0017184839      0.00000      0.00000       1.0390000
     -0.33352101      0.98765183    0.0017289720      0.00000      0.00000       1.0410000
     -0.31223339      0.98677711    0.0017305384      0.00000      0.00000       1.0420001
     -0.29094817      0.98912013    0.0017732350      0.00000      0.00000       1.0440000
     -0.26966213      0.99366273    0.0017852495      0.00000      0.00000       1.0450000
     -0.24837996      0.99075689    0.0017372870      0.00000      0.00000       1.0470001
     -0.22709475      0.99088841    0.0017706794      0.00000      0.00000       1.0490000
     -0.20581328      0.99191357    0.0017506650      0.00000      0.00000       1.0500000
     -0.18454986      0.99082515    0.0017573036      0.00000      0.00000       1.0520000
     -0.16326788      0.99495392    0.0017506213      0.00000      0.00000       1.0540000
     -0.14198078      0.99667050    0.0017568507      0.00000      0.00000       1.0560000
     -0.12069470      0.99372125    0.0017396917      0.00000      0.00000       1.0570000
    -0.099403773      0.99309300    0.0017310382      0.00000      0.00000       1.0590000
    -0.078121606      0.99295366    0.0017309773      0.00000      0.00000       1.0610000
    -0.056835741      0.99385986    0.0017383261      0.00000      0.00000       1.0630000
    -0.035551451      0.99512466    0.0017420724      0.00000      0.00000       1.0650001
    -0.014262501      0.99867477    0.0017410817      0.00000      0.00000       1.0670000
    0.0070317909      0.99338050    0.0017328656      0.00000      0.00000       1.0690000
     0.028319634      0.99113705    0.0017695751      0.00000      0.00000       1.0710000
     0.049611636      0.99653599    0.0017713461      0.00000      0.00000       1.0730000
     0.070890438      0.99217386    0.0017691277      0.00000      0.00000       1.0760000
     0.092175856      0.99033068    0.0017530562      0.00000      0.00000       1.0779999
      0.11345667      0.99757198    0.0017607128      0.00000      0.00000       1.0800000
      0.13474718      0.99260117    0.0017278501      0.00000      0.00000       1.0820000
      0.15603294       1.0020113    0.0017229785      0.00000      0.00000       1.0850000
      0.17732018       1.0005574    0.0017278141      0.00000      0.00000       1.0870000
      0.19860030      0.99670800    0.0017563307      0.00000      0.00000       1.0890000
      0.21991114      0.99392885    0.0017130578      0.00000      0.00000       1.0920000
      0.24119604       1.0013813    0.0017318721      0.00000      0.00000       1.0940000
      0.26248111      0.99979641    0.0017351379      0.00000      0.00000       1.0970000
      0.28376437       1.0016873    0.0017625149      0.00000      0.00000       1.1000000
      0.30505269       1.0007167    0.0017665422      0.00000      0.00000       1.1020000
      0.32633759      0.99863354    0.0017534633      0.00000      0.00000       1.1050000
      0.36890593       1.0009541    0.0017458803      0.00000      0.00000       1.1100000
      0.39019101      0.99808046    0.0017557272      0.00000      0.00000       1.1130000
      0.41147520      0.99883923    0.0018478728      0.00000      0.00000       1.1160001
      0.43276212      0.99600293    0.0017572791      0.00000      0.00000       1.1190000
      0.45407556       1.0007377    0.0017724705      0.00000      0.00000       1.1220000
      0.47536588      0.99779687    0.0017685479      0.00000      0.00000       1.1250000
      0.49665185       1.0014888    0.0017552818      0.00000      0.00000       1.1280000
      0.51793963      0.99534300    0.0017412885      0.00000      0.00000       1.1310000
      0.53922379       1.0035399    0.0017324925      0.00000      0.00000       1.1339999
      0.56051090      0.99635587    0.0017262181      0.00000      0.00000       1.1370000
      0.58182743       1.0002599    0.0017584206      0.00000      0.00000       1.1400000
      0.60311656       1.0003048    0.0018061682      0.00000      0.00000       1.1440001
      0.62439974       1.0090625    0.0017891753      0.00000      0.00000       1.1470000
      0.64568509      0.99972442    0.0017901282      0.00000      0.00000       1.1500000
      0.66694215       1.0057364    0.0017747351      0.00000      0.00000       1.1540000
      0.68823010      0.99934508    0.0017814421      0.00000      0.00000       1.1569999
      0.70951850       1.0018812    0.0017961493      0.00000      0.00000       1.1610000
      0.73080416      0.99511729    0.0017649696      0.00000      0.00000       1.1650000
      0.75209593      0.99664911    0.0017501307      0.00000      0.00000       1.1680000
      0.77338417       1.0030799    0.0017621296      0.00000      0.00000       1.1720001
      0.79466857      0.99641949    0.0017208230      0.00000      0.00000       1.1760000
      0.81595929      0.99715969    0.0017416827      0.00000      0.00000       1.1799999
      0.83724816      0.99919309    0.0017600759      0.00000      0.00000       1.1830000
      0.85853855       1.0043800    0.0017718801      0.00000      0.00000       1.1870000
      0.87982589       1.0015302    0.0018136289      0.00000      0.00000       1.1910000
      0.90109129      0.99735027    0.0017983291      0.00000      0.00000       1.1950001
      0.92238396       1.0047772    0.0019001010      0.00000      0.00000       1.2000000
      0.94367310      0.99433386    0.0017894938      0.00000      0.00000       1.2040000
      0.96495920       1.0005856    0.0017677352      0.00000      0.00000       1.2079999
      0.98624663       1.0010496    0.0017823620      0.00000      0.00000       1.2120000
       1.0075327      0.99221218    0.0017693600      0.00000      0.00000       1.2170000
       1.0288198      0.99395133    0.0017715340      0.00000      0.00000       1.2210000
       1.0501104      0.99643305    0.0017845105      0.00000      0.00000       1.2260000
       1.0713952      0.99821088    0.0017885889      0.00000      0.00000       1.2300000
       1.0926827       1.0033615    0.0017863436      0.00000      0.00000       1.2350000
       1.1139714      0.99804460    0.0017782243      0.00000      0.00000       1.2400000
       1.1352604      0.99846954    0.0017873579      0.00000      0.00000       1.2440000
       1.1565445      0.99166447    0.0017626049      0.00000      0.00000       1.2490000
       1.1778304      0.99186479    0.0017708701      0.00000      0.00000       1.2539999
       1.1991148      0.99501180    0.0017909996      0.00000      0.00000       1.2589999
       1.2204035       1.0015877    0.0018051388      0.00000      0.00000       1.2640001
       1.2416932      0.99155498    0.0018121139      0.00000      0.00000       1.2700000
       1.2629996      0.99458150    0.0019090289      0.00000      0.00000       1.2750000
       1.2842866      0.99899805    0.0019453961      0.00000      0.00000       1.2800000
       1.3055758       1.0000886    0.0020103718      0.00000      0.00000       1.2850000
       1.3268633      0.99698040    0.0018870603      0.00000      0.00000       1.2910000
       1.3481439      0.99989069    0.0018651530      0.00000      0.00000       1.2970001
       1.3694396      0.99608202    0.0018283377      0.00000      0.00000       1.3020000
       1.3907259      0.99482650    0.0019583726      0.00000      0.00000       1.3080000
       1.4120099      0.99488402    0.0019162071      0.00000      0.00000       1.3140000
       1.4332928      0.99518309    0.0019617879      0.00000      0.00000       1.3200001
       1.4545817      0.99719619    0.0019616563      0.00000      0.00000       1.3260000
       1.4758677      0.99028327    0.0018856836      0.00000      0.00000       1.3320000
       1.4971568      0.99438391    0.0018771531      0.00000      0.00000       1.3380001
       1.5184443      0.99694836    0.0018553061      0.00000      0.00000       1.3440000
       1.5397365       1.0167417    0.0029094237      0.00000      0.00000       1.3510000
       1.5610209      0.99456876    0.0018142804      0.00000      0.00000       1.3570000
       1.5823297      0.98879431    0.0018788845      0.00000      0.00000       1.3640000
       1.6036168       1.0014261    0.0018441934      0.00000      0.00000       1.3700000
       1.6248999      0.99774326    0.0018214318      0.00000      0.00000       1.3770000
       1.6461870      0.99704529    0.0018399083      0.00000      0.00000       1.3839999
       1.6674712      0.99769457    0.0018147037      0.00000      0.00000       1.3910000
       1.6887611      0.99666267    0.0018325108      0.00000      0.00000       1.3980000
       1.7100477       1.0007934    0.0018383942      0.00000      0.00000       1.4050000
       1.7313302       1.0010981    0.0018500825      0.00000      0.00000       1.4130000
       1.7526195      0.99765352    0.0018500194      0.00000      0.00000       1.4200000
       1.7739096      0.99663710    0.0018447562      0.00000      0.00000       1.4280000
       1.7951940       1.0013871    0.0018702691      0.00000      0.00000       1.4349999
       1.8164771      0.99288986    0.0018636552      0.00000      0.00000       1.4430000
       1.8377657       1.0007956    0.0018714058      0.00000      0.00000       1.4510000
       1.8590505       1.0055332    0.0018544152      0.00000      0.00000       1.4590000
       1.8803402      0.99837616    0.0018275973      0.00000      0.00000       1.4670000
       1.9016242       1.0018576    0.0018683560      0.00000      0.00000       1.4760000
       1.9229171       1.0031906    0.0018728771      0.00000      0.00000       1.4840000
       1.9442026      0.99984892    0.0018212718      0.00000      0.00000       1.4930000
       1.9654895      0.99293736    0.0018276489      0.00000      0.00000       1.5020000
       1.9867744      0.99413791    0.0018561506      0.00000      0.00000       1.5110000
       2.0080604      0.99342337    0.0018248229      0.00000      0.00000       1.5200000
       2.0293426       1.0027862    0.0018398090      0.00000      0.00000       1.5290000
       2.0506265       1.0033613    0.0018510307      0.00000      0.00000       1.5380000
       2.0719079       1.0004321    0.0018782145      0.00000      0.00000       1.5480000
       2.0931978      0.99990234    0.0019499058      0.00000      0.00000       1.5570000
       2.1144856       1.0069491    0.0019589203      0.00000      0.00000       1.5670000
       2.1357764       1.0028903    0.0019490796      0.00000      0.00000       1.5770000
       2.1570659       1.0059924    0.0019973734      0.00000      0.00000       1.5870000
       2.1783537      0.99955950    0.0019215415      0.00000      0.00000       1.5970000
       2.1996406      0.99785175    0.0019183672      0.00000      0.00000       1.6080000
       2.2209243       1.0000470    0.0019586193      0.00000      0.00000       1.6190000
       2.2422080      0.99520894    0.0019514377      0.00000      0.00000       1.6300000
       2.2634933       1.0011808    0.0019421353      0.00000      0.00000       1.6410000
       2.2847803       1.0081083    0.0019513849      0.00000      0.00000       1.6520000
       2.3060650      0.99904328    0.0019711961      0.00000      0.00000       1.6630000
       2.3273491       1.0000655    0.0019793857      0.00000      0.00000       1.6750000
       2.3486363      0.99773398    0.0019608680      0.00000      0.00000       1.6870000
       2.3699216      0.99994676    0.0019993711      0.00000      0.00000       1.6990000
       2.3912100       1.0052289    0.0020224251      0.00000      0.00000       1.7110000
       2.4124989       1.0024760    0.0020056609      0.00000      0.00000       1.7240000
       2.4337846       1.0014093    0.0020362694      0.00000      0.00000       1.7370000
       2.4550720      0.99927272    0.0020596866      0.00000      0.00000       1.7500000
       2.4763804      0.99969475    0.0021196286      0.00000      0.00000       1.7630000
       2.4976665       1.0041203    0.0022786524      0.00000      0.00000       1.7760000
       2.5189524      0.99868196    0.0023213492      0.00000      0.00000       1.7900000
       2.5402373       1.0017809    0.0022941514      0.00000      0.00000       1.8040000
       2.5615239       1.0114977    0.0022595534      0.00000      0.00000       1.8180000
       2.5828096       1.0121361    0.0022456333      0.00000      0.00000       1.8329999
       2.6253590      0.99744274    0.0022017024      0.00000      0.00000       1.8630000
       2.6466481      0.99184786    0.0023874276      0.00000      0.00000       1.8780000
       2.6679351      0.99543601    0.0022845629      0.00000      0.00000       1.8940001
       2.6893067       1.0044953    0.0022824086      0.00000      0.00000       1.9100000
       2.7106012       1.0023622    0.0023185616      0.00000      0.00000       1.9270000
       2.7318859      0.99369759    0.0023231508      0.00000      0.00000       1.9430000
       2.7531718      0.99661944    0.0023935446      0.00000      0.00000       1.9600000
       2.7744564      0.99854999    0.0023981852      0.00000      0.00000       1.9780000
       2.7957372       1.0098236    0.0024004658      0.00000      0.00000       1.9960001
       2.8170511      0.99647756    0.0024573278      0.00000      0.00000       2.0139999
       2.8383384       1.0031164    0.0024436179      0.00000      0.00000       2.0320001
       2.8596192       1.0039212    0.0024289606      0.00000      0.00000       2.0510001
       2.8809043       1.0081979    0.0024313885      0.00000      0.00000       2.0699999
       2.9021905      0.99973688    0.0023648063      0.00000      0.00000       2.0899999
       2.9234769       1.0027915    0.0024318092      0.00000      0.00000       2.1099999
       2.9447625      0.99768511    0.0023363328      0.00000      0.00000       2.1310000
       2.9660517      0.99821097    0.0023421222      0.00000      0.00000       2.1520000
