#JD -  2457565 (hr) Flux  Fl_err  Model_fl   Residual for 1.62um (%) Airmass
      -4.5079613      0.99262364    0.0016916463      0.00000      0.00000       1.4160000
      -4.4866787      0.99423471    0.0016866577      0.00000      0.00000       1.4080000
      -4.4653956      0.99814342    0.0016749040      0.00000      0.00000       1.4010000
      -4.4441073      0.99498015    0.0016969671      0.00000      0.00000       1.3940001
      -4.4228128       1.0010665    0.0017161975      0.00000      0.00000       1.3870000
      -4.4015156      0.99254364    0.0016631598      0.00000      0.00000       1.3800000
      -4.3802279       1.0029525    0.0016759837      0.00000      0.00000       1.3730000
      -4.3589434      0.99426443    0.0016700574      0.00000      0.00000       1.3660001
      -4.3376587       1.0049190    0.0016924639      0.00000      0.00000       1.3600000
      -4.3163706      0.99467742    0.0016973555      0.00000      0.00000       1.3530000
      -4.2950823       1.0055912    0.0017562923      0.00000      0.00000       1.3470000
      -4.2737971      0.99910907    0.0017588354      0.00000      0.00000       1.3410000
      -4.2525150      0.99283865    0.0017398627      0.00000      0.00000       1.3340000
      -4.2312308      0.99196143    0.0016650770      0.00000      0.00000       1.3279999
      -4.2099406       1.0008883    0.0016967442      0.00000      0.00000       1.3220000
      -4.1886509       1.0040067    0.0016759169      0.00000      0.00000       1.3160000
      -4.1673621       1.0046613    0.0016488494      0.00000      0.00000       1.3099999
      -4.1460789       1.0021462    0.0016290310      0.00000      0.00000       1.3049999
      -4.1247933      0.99921429    0.0016130723      0.00000      0.00000       1.2990000
      -4.1035074       1.0001474    0.0016135623      0.00000      0.00000       1.2930000
      -4.0822223       1.0057066    0.0016388232      0.00000      0.00000       1.2880000
      -4.0609334       1.0037089    0.0016076765      0.00000      0.00000       1.2819999
      -4.0396478       1.0036343    0.0016109722      0.00000      0.00000       1.2770000
      -4.0183600       1.0001469    0.0016174971      0.00000      0.00000       1.2720000
      -3.9970688       1.0106092    0.0016276458      0.00000      0.00000       1.2660000
      -3.9757763       1.0024047    0.0016269954      0.00000      0.00000       1.2610000
      -3.9544877       1.0047449    0.0016228913      0.00000      0.00000       1.2560000
      -3.9332025       1.0030871    0.0016276660      0.00000      0.00000       1.2510000
      -3.9119164       1.0037222    0.0016110447      0.00000      0.00000       1.2460001
      -3.8906290       1.0076293    0.0016579748      0.00000      0.00000       1.2420000
      -3.8693396       1.0076085    0.0016832897      0.00000      0.00000       1.2370000
      -3.8480549       1.0033851    0.0017066919      0.00000      0.00000       1.2320000
      -3.8267708       1.0126077    0.0016781357      0.00000      0.00000       1.2280000
      -3.8054845       1.0107450    0.0016896299      0.00000      0.00000       1.2230000
      -3.7841999      0.99988438    0.0016690896      0.00000      0.00000       1.2190000
      -3.7629137       1.0087675    0.0016638864      0.00000      0.00000       1.2140000
      -3.7416330       1.0053033    0.0016740216      0.00000      0.00000       1.2100000
      -3.7203483       1.0109145    0.0016656425      0.00000      0.00000       1.2060000
      -3.6990596       1.0051736    0.0016662144      0.00000      0.00000       1.2010000
      -3.6777688       1.0015753    0.0016630182      0.00000      0.00000       1.1970000
      -3.6564842       1.0197380    0.0024373379      0.00000      0.00000       1.1930000
      -3.6351994       1.0072818    0.0016457288      0.00000      0.00000       1.1890000
      -3.6139144       1.0026227    0.0016349457      0.00000      0.00000       1.1849999
      -3.5926299       1.0065782    0.0016794788      0.00000      0.00000       1.1810000
      -3.5713435       1.0044150    0.0016573903      0.00000      0.00000       1.1770000
      -3.5500550       1.0077242    0.0016956835      0.00000      0.00000       1.1730000
      -3.5287660       1.0060335    0.0016864616      0.00000      0.00000       1.1700000
      -3.5074870       1.0054891    0.0017151502      0.00000      0.00000       1.1660000
      -3.4649138       1.0031164    0.0016497529      0.00000      0.00000       1.1590000
      -3.4436293       1.0084141    0.0016994289      0.00000      0.00000       1.1550000
      -3.4223535       1.0048715    0.0017102739      0.00000      0.00000       1.1520000
      -3.4010635       1.0075321    0.0016643402      0.00000      0.00000       1.1480000
      -3.3797848       1.0115942    0.0016781853      0.00000      0.00000       1.1450000
      -3.3584981       1.0025447    0.0016434864      0.00000      0.00000       1.1420000
      -3.3372108       1.0096640    0.0016201200      0.00000      0.00000       1.1390001
      -3.3159238       1.0036489    0.0016191297      0.00000      0.00000       1.1350000
      -3.2946643      0.99549963    0.0016612720      0.00000      0.00000       1.1320000
      -3.2733795       1.0053204    0.0016592121      0.00000      0.00000       1.1289999
      -3.2520884       1.0054351    0.0016340582      0.00000      0.00000       1.1260000
      -3.2307875       1.0083670    0.0016744114      0.00000      0.00000       1.1230000
      -3.2095167       1.0014112    0.0016388355      0.00000      0.00000       1.1200000
      -3.1882283       1.0046274    0.0016696598      0.00000      0.00000       1.1170000
      -3.1669402      0.99847854    0.0016800376      0.00000      0.00000       1.1140000
      -3.1456558       1.0036343    0.0016415414      0.00000      0.00000       1.1109999
      -3.1243688       1.0074542    0.0016485529      0.00000      0.00000       1.1090000
      -3.1030767       1.0050847    0.0016767577      0.00000      0.00000       1.1059999
      -3.0817351       1.0038680    0.0016631919      0.00000      0.00000       1.1030000
      -3.0604299       1.0092437    0.0016775092      0.00000      0.00000       1.1010000
      -3.0391400       1.0039651    0.0016621209      0.00000      0.00000       1.0980000
      -3.0178195       1.0066487    0.0016890563      0.00000      0.00000       1.0950000
      -2.9965365       1.0015193    0.0016615038      0.00000      0.00000       1.0930001
      -2.9752419       1.0051315    0.0016677490      0.00000      0.00000       1.0900000
      -2.9539556       1.0061015    0.0016781750      0.00000      0.00000       1.0880001
      -2.9326723       1.0040228    0.0016710683      0.00000      0.00000       1.0860000
      -2.9113919       1.0067281    0.0016655140      0.00000      0.00000       1.0829999
      -2.8901050       1.0067652    0.0016774849      0.00000      0.00000       1.0810000
      -2.8688100       1.0013308    0.0016910678      0.00000      0.00000       1.0790000
      -2.8475259       1.0053558    0.0016909731      0.00000      0.00000       1.0760000
      -2.8262412       1.0066978    0.0016884452      0.00000      0.00000       1.0740000
      -2.8049542       1.0044778    0.0016926363      0.00000      0.00000       1.0720000
      -2.7836670       1.0057119    0.0016595576      0.00000      0.00000       1.0700001
      -2.7623799       1.0027244    0.0016727269      0.00000      0.00000       1.0680000
      -2.7410997       1.0026613    0.0016653156      0.00000      0.00000       1.0660000
      -2.7198104       1.0010250    0.0016851197      0.00000      0.00000       1.0640000
      -2.6985222       1.0034125    0.0016934632      0.00000      0.00000       1.0620000
      -2.6772096       1.0026863    0.0016645136      0.00000      0.00000       1.0599999
      -2.6559244       1.0055576    0.0016714536      0.00000      0.00000       1.0580000
      -2.6346418       1.0048418    0.0016733498      0.00000      0.00000       1.0560000
      -2.6133788      0.99933022    0.0016885634      0.00000      0.00000       1.0549999
      -2.5920948       1.0070368    0.0017335570      0.00000      0.00000       1.0530000
      -2.5708120       1.0119314    0.0016947979      0.00000      0.00000       1.0510000
      -2.5494897       1.0025593    0.0016750062      0.00000      0.00000       1.0490000
      -2.5282015       1.0044204    0.0017079014      0.00000      0.00000       1.0480000
      -2.5069191       1.0031604    0.0017199291      0.00000      0.00000       1.0460000
      -2.4856354       1.0026708    0.0016851679      0.00000      0.00000       1.0440000
      -2.4643516       1.0005004    0.0016684491      0.00000      0.00000       1.0430000
      -2.4430683      0.99879838    0.0016776599      0.00000      0.00000       1.0410000
      -2.4217818      0.99941574    0.0016691160      0.00000      0.00000       1.0400000
      -2.4004989       1.0075315    0.0016732716      0.00000      0.00000       1.0380000
      -2.3792167       1.0003805    0.0016782147      0.00000      0.00000       1.0369999
      -2.3579327       1.0052552    0.0017098664      0.00000      0.00000       1.0360000
      -2.3366460       1.0038613    0.0016828910      0.00000      0.00000       1.0340000
      -2.3153603       1.0072867    0.0016874138      0.00000      0.00000       1.0330000
      -2.2940740       1.0045092    0.0016763605      0.00000      0.00000       1.0319999
      -2.2727892       1.0054007    0.0016965863      0.00000      0.00000       1.0300000
      -2.2515030       1.0028180    0.0016872779      0.00000      0.00000       1.0290000
      -2.2302154       1.0083474    0.0016919587      0.00000      0.00000       1.0280000
      -2.2089278       1.0064574    0.0016815325      0.00000      0.00000       1.0270000
      -2.1876383       1.0098071    0.0016943448      0.00000      0.00000       1.0260000
      -2.1663489       1.0094554    0.0017126411      0.00000      0.00000       1.0240000
      -2.1450635       1.0055627    0.0017188077      0.00000      0.00000       1.0230000
      -2.1237799       1.0039809    0.0017067929      0.00000      0.00000       1.0220000
      -2.1024884       1.0015107    0.0016821761      0.00000      0.00000       1.0210000
      -2.0811985       1.0101362    0.0017006693      0.00000      0.00000       1.0200000
      -2.0599118       1.0018442    0.0016952571      0.00000      0.00000       1.0190001
      -2.0386263       1.0074686    0.0016938348      0.00000      0.00000       1.0180000
      -2.0173329       1.0082104    0.0017022946      0.00000      0.00000       1.0180000
      -1.9960691      0.99755009    0.0016870818      0.00000      0.00000       1.0170000
      -1.9747869       1.0016427    0.0016955808      0.00000      0.00000       1.0160000
      -1.9534993       1.0046687    0.0017294427      0.00000      0.00000       1.0150000
      -1.9322144       1.0042908    0.0016804993      0.00000      0.00000       1.0140001
      -1.9109266      0.99952852    0.0016883775      0.00000      0.00000       1.0140001
      -1.8896425       1.0063618    0.0017188188      0.00000      0.00000       1.0130000
      -1.8683515       1.0047985    0.0016769136      0.00000      0.00000       1.0120000
      -1.8470625       1.0072479    0.0016751421      0.00000      0.00000       1.0120000
      -1.8257635       1.0043464    0.0016837646      0.00000      0.00000       1.0110000
      -1.8044778       1.0014007    0.0016615552      0.00000      0.00000       1.0100000
      -1.7832113       1.0057393    0.0016990610      0.00000      0.00000       1.0100000
      -1.7619204       1.0025759    0.0016839367      0.00000      0.00000       1.0089999
      -1.7406241       1.0041780    0.0016542315      0.00000      0.00000       1.0089999
      -1.7193345       1.0041359    0.0017278772      0.00000      0.00000       1.0080000
      -1.6980541       1.0046756    0.0017548765      0.00000      0.00000       1.0080000
      -1.6767681       1.0047856    0.0017043373      0.00000      0.00000       1.0070000
      -1.6554749       1.0030399    0.0016860005      0.00000      0.00000       1.0070000
      -1.6341845       1.0004560    0.0016584024      0.00000      0.00000       1.0070000
      -1.6128945       1.0020166    0.0016613274      0.00000      0.00000       1.0060000
      -1.5916034       1.0079506    0.0016514591      0.00000      0.00000       1.0060000
      -1.5703135       1.0017774    0.0016436052      0.00000      0.00000       1.0060000
      -1.5490272      0.99795923    0.0016846868      0.00000      0.00000       1.0060000
      -1.5277421      0.99821404    0.0016717760      0.00000      0.00000       1.0050000
      -1.5064534      0.99948573    0.0016627317      0.00000      0.00000       1.0050000
      -1.4851331      0.99940786    0.0016631000      0.00000      0.00000       1.0050000
      -1.4637620       1.0009484    0.0016670575      0.00000      0.00000       1.0050000
      -1.4424256       1.0000872    0.0016733885      0.00000      0.00000       1.0050000
      -1.4210700      0.99891660    0.0016647491      0.00000      0.00000       1.0050000
      -1.3997464       1.0041130    0.0016508295      0.00000      0.00000       1.0050000
      -1.3784496      0.99599963    0.0016011758      0.00000      0.00000       1.0050000
      -1.3571502      0.99930075    0.0016172166      0.00000      0.00000       1.0050000
      -1.3358176       1.0026901    0.0016528296      0.00000      0.00000       1.0050000
      -1.3144943       1.0014043    0.0016248970      0.00000      0.00000       1.0050000
      -1.2931982      0.99799036    0.0016155384      0.00000      0.00000       1.0050000
      -1.2718925       1.0034332    0.0016298071      0.00000      0.00000       1.0050000
      -1.2505543      0.99500230    0.0016327727      0.00000      0.00000       1.0050000
      -1.2292571      0.99673845    0.0016379973      0.00000      0.00000       1.0060000
      -1.2079121      0.99919198    0.0016900035      0.00000      0.00000       1.0060000
      -1.1864119      0.99866084    0.0016260004      0.00000      0.00000       1.0060000
      -1.1648556       1.0022857    0.0016298285      0.00000      0.00000       1.0060000
      -1.1432757      0.99726715    0.0016191691      0.00000      0.00000       1.0070000
      -1.1217138      0.99728283    0.0016303580      0.00000      0.00000       1.0070000
      -1.1001447      0.99791414    0.0016385433      0.00000      0.00000       1.0070000
      -1.0786917      0.99655465    0.0017230479      0.00000      0.00000       1.0080000
      -1.0572883      0.99017429    0.0016650537      0.00000      0.00000       1.0080000
      -1.0359918      0.99394577    0.0016534603      0.00000      0.00000       1.0089999
      -1.0146990      0.99299163    0.0016333809      0.00000      0.00000       1.0089999
     -0.99341132      0.99725785    0.0016649535      0.00000      0.00000       1.0100000
     -0.97212387       1.0011487    0.0016538408      0.00000      0.00000       1.0100000
     -0.95083896       1.0006003    0.0016442861      0.00000      0.00000       1.0110000
     -0.92955304       1.0011805    0.0016477718      0.00000      0.00000       1.0110000
     -0.90826621      0.99754544    0.0016332404      0.00000      0.00000       1.0120000
     -0.88698229      0.99391480    0.0016347018      0.00000      0.00000       1.0130000
     -0.86567354      0.99099578    0.0016213078      0.00000      0.00000       1.0130000
     -0.84438941      0.99203985    0.0016213860      0.00000      0.00000       1.0140001
     -0.82310593      0.99461854    0.0016281209      0.00000      0.00000       1.0150000
     -0.80182615      0.99224619    0.0016160485      0.00000      0.00000       1.0160000
     -0.78054763      0.99047213    0.0016237965      0.00000      0.00000       1.0160000
     -0.75925862      0.99588369    0.0016227251      0.00000      0.00000       1.0170000
     -0.73797115      0.99243819    0.0016130021      0.00000      0.00000       1.0180000
     -0.71670296      0.98920793    0.0016126955      0.00000      0.00000       1.0190001
     -0.69542237      0.99047063    0.0016144731      0.00000      0.00000       1.0200000
     -0.67411321      0.99049136    0.0016176499      0.00000      0.00000       1.0210000
     -0.65283032      0.99769464    0.0016250050      0.00000      0.00000       1.0220000
     -0.63155042      0.99108587    0.0016191671      0.00000      0.00000       1.0230000
     -0.61026839      0.98986541    0.0016237040      0.00000      0.00000       1.0240000
     -0.58898444      0.99630441    0.0016193166      0.00000      0.00000       1.0250000
     -0.56766572      0.99157981    0.0016102314      0.00000      0.00000       1.0260000
     -0.54637922      0.98887682    0.0016025116      0.00000      0.00000       1.0270000
     -0.52509350      0.99341889    0.0016014087      0.00000      0.00000       1.0290000
     -0.50380809      0.99596275    0.0016037345      0.00000      0.00000       1.0300000
     -0.48252201      0.98916198    0.0016114314      0.00000      0.00000       1.0310000
     -0.46121979      0.99538842    0.0016109204      0.00000      0.00000       1.0319999
     -0.43993957      0.99049909    0.0015863007      0.00000      0.00000       1.0340000
     -0.41866070      0.99169795    0.0015802673      0.00000      0.00000       1.0350000
     -0.39737700      0.99199800    0.0016022503      0.00000      0.00000       1.0360000
     -0.37609053      0.99630189    0.0016012612      0.00000      0.00000       1.0380000
     -0.35480246      0.99213026    0.0015627093      0.00000      0.00000       1.0390000
     -0.33352101      0.99278971    0.0015696895      0.00000      0.00000       1.0410000
     -0.31223339      0.99123987    0.0015712463      0.00000      0.00000       1.0420001
     -0.29094817      0.99325574    0.0016030193      0.00000      0.00000       1.0440000
     -0.26966213      0.99427191    0.0016148778      0.00000      0.00000       1.0450000
     -0.24837996      0.98873172    0.0015729733      0.00000      0.00000       1.0470001
     -0.22709475      0.99383189    0.0016083291      0.00000      0.00000       1.0490000
     -0.20581328      0.99808762    0.0015936275      0.00000      0.00000       1.0500000
     -0.18454986      0.99180254    0.0015851723      0.00000      0.00000       1.0520000
     -0.16326788      0.99534097    0.0015860966      0.00000      0.00000       1.0540000
     -0.14198078      0.99671244    0.0015921029      0.00000      0.00000       1.0560000
     -0.12069470      0.99268575    0.0015721293      0.00000      0.00000       1.0570000
    -0.099403773      0.99919852    0.0015834738      0.00000      0.00000       1.0590000
    -0.078121606      0.98979203    0.0015771887      0.00000      0.00000       1.0610000
    -0.056835741      0.99377088    0.0015818916      0.00000      0.00000       1.0630000
    -0.035551451      0.99188774    0.0015800860      0.00000      0.00000       1.0650001
    -0.014262501      0.99529124    0.0015705934      0.00000      0.00000       1.0670000
    0.0070317909      0.99470973    0.0015653924      0.00000      0.00000       1.0690000
     0.028319634      0.99276393    0.0015999609      0.00000      0.00000       1.0710000
     0.049611636       1.0011375    0.0016092201      0.00000      0.00000       1.0730000
     0.070890438      0.99429595    0.0016103258      0.00000      0.00000       1.0760000
     0.092175856      0.99484711    0.0015887815      0.00000      0.00000       1.0779999
      0.11345667      0.99509790    0.0015862970      0.00000      0.00000       1.0800000
      0.13474718      0.99310694    0.0015758331      0.00000      0.00000       1.0820000
      0.15603294       1.0048760    0.0015693846      0.00000      0.00000       1.0850000
      0.17732018      0.99876961    0.0015668380      0.00000      0.00000       1.0870000
      0.19860030      0.99149130    0.0015919862      0.00000      0.00000       1.0890000
      0.21991114      0.99362728    0.0015562953      0.00000      0.00000       1.0920000
      0.24119604      0.99782090    0.0015689001      0.00000      0.00000       1.0940000
      0.26248111      0.99815753    0.0015823087      0.00000      0.00000       1.0970000
      0.28376437      0.99879562    0.0015769675      0.00000      0.00000       1.1000000
      0.30505269       1.0016664    0.0015921956      0.00000      0.00000       1.1020000
      0.32633759       1.0000415    0.0015838228      0.00000      0.00000       1.1050000
      0.34762360       1.0013110    0.0015803227      0.00000      0.00000       1.1080000
      0.36890593      0.99591892    0.0015786511      0.00000      0.00000       1.1100000
      0.39019101      0.99770568    0.0015994070      0.00000      0.00000       1.1130000
      0.41147520      0.99959725    0.0016791996      0.00000      0.00000       1.1160001
      0.43276212      0.99695882    0.0016007681      0.00000      0.00000       1.1190000
      0.45407556      0.99822736    0.0016049215      0.00000      0.00000       1.1220000
      0.47536588      0.99966346    0.0016015626      0.00000      0.00000       1.1250000
      0.49665185      0.99614442    0.0015855233      0.00000      0.00000       1.1280000
      0.51793963      0.99148389    0.0015824417      0.00000      0.00000       1.1310000
      0.53922379      0.99779663    0.0015631561      0.00000      0.00000       1.1339999
      0.56051090       1.0005973    0.0015799878      0.00000      0.00000       1.1370000
      0.58182743      0.99870979    0.0015904177      0.00000      0.00000       1.1400000
      0.60311656       1.0023735    0.0016335159      0.00000      0.00000       1.1440001
      0.62439974       1.0040274    0.0016223698      0.00000      0.00000       1.1470000
      0.64568509      0.99972793    0.0016443258      0.00000      0.00000       1.1500000
      0.66694215       1.0026605    0.0016145835      0.00000      0.00000       1.1540000
      0.68823010      0.99817857    0.0016103975      0.00000      0.00000       1.1569999
      0.70951850       1.0032360    0.0016302615      0.00000      0.00000       1.1610000
      0.73080416      0.99323186    0.0016010346      0.00000      0.00000       1.1650000
      0.75209593       1.0000939    0.0016078024      0.00000      0.00000       1.1680000
      0.77338417      0.99888231    0.0015998496      0.00000      0.00000       1.1720001
      0.79466857      0.99806610    0.0015767618      0.00000      0.00000       1.1760000
      0.81595929      0.99972919    0.0015911037      0.00000      0.00000       1.1799999
      0.83724816      0.99868307    0.0016096192      0.00000      0.00000       1.1830000
      0.85853855       1.0004001    0.0016113995      0.00000      0.00000       1.1870000
      0.87982589      0.99902584    0.0016420599      0.00000      0.00000       1.1910000
      0.90109129       1.0027437    0.0016563350      0.00000      0.00000       1.1950001
      0.92238396       1.0072722    0.0017453738      0.00000      0.00000       1.2000000
      0.94367310      0.99918883    0.0016482213      0.00000      0.00000       1.2040000
      0.96495920      0.99991448    0.0016215715      0.00000      0.00000       1.2079999
      0.98624663      0.99930619    0.0016208444      0.00000      0.00000       1.2120000
       1.0075327      0.99334197    0.0016159879      0.00000      0.00000       1.2170000
       1.0288198      0.99293906    0.0016226353      0.00000      0.00000       1.2210000
       1.0501104      0.99542625    0.0016294135      0.00000      0.00000       1.2260000
       1.0713952      0.99599498    0.0016240665      0.00000      0.00000       1.2300000
       1.0926827       1.0025747    0.0016165829      0.00000      0.00000       1.2350000
       1.1139714      0.99498567    0.0016244256      0.00000      0.00000       1.2400000
       1.1352604      0.99680205    0.0016173896      0.00000      0.00000       1.2440000
       1.1565445      0.99438541    0.0016105588      0.00000      0.00000       1.2490000
       1.1778304      0.99422612    0.0016140267      0.00000      0.00000       1.2539999
       1.1991148      0.99305295    0.0016284457      0.00000      0.00000       1.2589999
       1.2204035       1.0027554    0.0016521572      0.00000      0.00000       1.2640001
       1.2416932      0.99317362    0.0016598248      0.00000      0.00000       1.2700000
       1.2629996      0.99881524    0.0017485020      0.00000      0.00000       1.2750000
       1.2842866      0.99897343    0.0017744169      0.00000      0.00000       1.2800000
       1.3055758      0.99989171    0.0018423545      0.00000      0.00000       1.2850000
       1.3268633      0.99993561    0.0017335164      0.00000      0.00000       1.2910000
       1.3481439      0.99847902    0.0016937646      0.00000      0.00000       1.2970001
       1.3694396      0.99986814    0.0016948636      0.00000      0.00000       1.3020000
       1.3907259      0.99333637    0.0017852330      0.00000      0.00000       1.3080000
       1.4120099      0.99554502    0.0017449745      0.00000      0.00000       1.3140000
       1.4332928      0.99898856    0.0017966994      0.00000      0.00000       1.3200001
       1.4545817      0.99953940    0.0017971228      0.00000      0.00000       1.3260000
       1.4758677      0.99381234    0.0017287197      0.00000      0.00000       1.3320000
       1.4971568      0.99849903    0.0017195700      0.00000      0.00000       1.3380001
       1.5184443      0.99755049    0.0017065907      0.00000      0.00000       1.3440000
       1.5610209      0.99516324    0.0016603762      0.00000      0.00000       1.3570000
       1.5823297      0.99139175    0.0017076867      0.00000      0.00000       1.3640000
       1.6036168      0.99805767    0.0016788816      0.00000      0.00000       1.3700000
       1.6248999      0.99817045    0.0016631994      0.00000      0.00000       1.3770000
       1.6461870       1.0003148    0.0016722292      0.00000      0.00000       1.3839999
       1.6674712      0.99186244    0.0016515458      0.00000      0.00000       1.3910000
       1.6887611      0.99544374    0.0016793932      0.00000      0.00000       1.3980000
       1.7100477       1.0021674    0.0016816920      0.00000      0.00000       1.4050000
       1.7313302       1.0006507    0.0016798769      0.00000      0.00000       1.4130000
       1.7526195      0.99476498    0.0016819737      0.00000      0.00000       1.4200000
       1.7739096      0.99653786    0.0016796437      0.00000      0.00000       1.4280000
       1.7951940      0.99881658    0.0016984388      0.00000      0.00000       1.4349999
       1.8164771      0.98940237    0.0017110139      0.00000      0.00000       1.4430000
       1.8377657      0.99886860    0.0016982025      0.00000      0.00000       1.4510000
       1.8590505      0.99401285    0.0016702191      0.00000      0.00000       1.4590000
       1.8803402      0.99293630    0.0016658768      0.00000      0.00000       1.4670000
       1.9016242      0.99797326    0.0016804183      0.00000      0.00000       1.4760000
       1.9229171      0.99861056    0.0016878150      0.00000      0.00000       1.4840000
       1.9442026       1.0029965    0.0016736248      0.00000      0.00000       1.4930000
       1.9654895      0.99379807    0.0016778456      0.00000      0.00000       1.5020000
       1.9867744      0.99840185    0.0017150490      0.00000      0.00000       1.5110000
       2.0080604      0.99503461    0.0016674710      0.00000      0.00000       1.5200000
       2.0293426      0.99740097    0.0016749531      0.00000      0.00000       1.5290000
       2.0506265       1.0006907    0.0016908574      0.00000      0.00000       1.5380000
       2.0719079      0.99394522    0.0017079108      0.00000      0.00000       1.5480000
       2.0931978      0.99940455    0.0017741355      0.00000      0.00000       1.5570000
       2.1144856       1.0016777    0.0017879575      0.00000      0.00000       1.5670000
       2.1357764       1.0000000    0.0017906784      0.00000      0.00000       1.5770000
       2.1570659       1.0050241    0.0018167703      0.00000      0.00000       1.5870000
       2.1783537       1.0001941    0.0017604328      0.00000      0.00000       1.5970000
       2.1996406      0.99404753    0.0017515813      0.00000      0.00000       1.6080000
       2.2209243      0.99594998    0.0017995621      0.00000      0.00000       1.6190000
       2.2422080       1.0013631    0.0017969664      0.00000      0.00000       1.6300000
       2.2634933      0.99393584    0.0017682738      0.00000      0.00000       1.6410000
       2.2847803       1.0021223    0.0017599837      0.00000      0.00000       1.6520000
       2.3060650       1.0010031    0.0017953716      0.00000      0.00000       1.6630000
       2.3273491      0.99656309    0.0017980233      0.00000      0.00000       1.6750000
       2.3486363      0.99595163    0.0017765168      0.00000      0.00000       1.6870000
       2.3699216      0.99865738    0.0018286480      0.00000      0.00000       1.6990000
       2.3912100       1.0049603    0.0018372838      0.00000      0.00000       1.7110000
       2.4124989       1.0048153    0.0018436180      0.00000      0.00000       1.7240000
       2.4337846      0.99890202    0.0018478043      0.00000      0.00000       1.7370000
       2.4550720       1.0013148    0.0018832995      0.00000      0.00000       1.7500000
       2.4763804       1.0017659    0.0019268655      0.00000      0.00000       1.7630000
       2.4976665       1.0057317    0.0020491365      0.00000      0.00000       1.7760000
       2.5189524       1.0024424    0.0020952963      0.00000      0.00000       1.7900000
       2.5402373      0.99987752    0.0020819885      0.00000      0.00000       1.8040000
       2.5615239       1.0052323    0.0020189901      0.00000      0.00000       1.8180000
       2.5828096       1.0059360    0.0020078865      0.00000      0.00000       1.8329999
       2.6040757      0.99789294    0.0020477789      0.00000      0.00000       1.8480000
       2.6253590      0.99978389    0.0020085704      0.00000      0.00000       1.8630000
       2.6466481      0.99550632    0.0021459960      0.00000      0.00000       1.8780000
       2.6679351       1.0009954    0.0020756831      0.00000      0.00000       1.8940001
       2.6893067      0.99643556    0.0020712474      0.00000      0.00000       1.9100000
       2.7106012      0.99619234    0.0020865638      0.00000      0.00000       1.9270000
       2.7318859       1.0038818    0.0021101038      0.00000      0.00000       1.9430000
       2.7531718       1.0024965    0.0021611009      0.00000      0.00000       1.9600000
       2.7744564      0.99601224    0.0021754960      0.00000      0.00000       1.9780000
       2.7957372       1.0015323    0.0021691152      0.00000      0.00000       1.9960001
       2.8170511      0.99891266    0.0022163766      0.00000      0.00000       2.0139999
       2.8383384       1.0012161    0.0021885189      0.00000      0.00000       2.0320001
       2.8596192       1.0023003    0.0022027881      0.00000      0.00000       2.0510001
       2.8809043       1.0099843    0.0022214907      0.00000      0.00000       2.0699999
       2.9021905      0.99845419    0.0021148009      0.00000      0.00000       2.0899999
       2.9234769       1.0017101    0.0021479818      0.00000      0.00000       2.1099999
       2.9447625       1.0010941    0.0021091970      0.00000      0.00000       2.1310000
       2.9660517      0.99715192    0.0021113761      0.00000      0.00000       2.1520000
