#JD -  2457565 (hr) Flux  Fl_err  Model_fl   Residual for 1.08um (%) Airmass
      -4.5079613      0.99790833    0.0021911978      0.00000      0.00000       1.4160000
      -4.4866787      0.98662212    0.0021488596      0.00000      0.00000       1.4080000
      -4.4653956      0.98865753    0.0021704153      0.00000      0.00000       1.4010000
      -4.4441073      0.98734378    0.0021612886      0.00000      0.00000       1.3940001
      -4.4228128      0.98999428    0.0021860643      0.00000      0.00000       1.3870000
      -4.4015156      0.99226967    0.0021388456      0.00000      0.00000       1.3800000
      -4.3802279      0.98793734    0.0021494599      0.00000      0.00000       1.3730000
      -4.3589434      0.99834805    0.0021774980      0.00000      0.00000       1.3660001
      -4.3376587      0.99345148    0.0022014294      0.00000      0.00000       1.3600000
      -4.3163706      0.99414995    0.0021898461      0.00000      0.00000       1.3530000
      -4.2950823      0.97819835    0.0022539490      0.00000      0.00000       1.3470000
      -4.2737971      0.99735866    0.0022798759      0.00000      0.00000       1.3410000
      -4.2525150       1.0022615    0.0022686398      0.00000      0.00000       1.3340000
      -4.2312308      0.99581354    0.0021578141      0.00000      0.00000       1.3279999
      -4.2099406      0.99171202    0.0021589875      0.00000      0.00000       1.3220000
      -4.1886509      0.99605965    0.0021457332      0.00000      0.00000       1.3160000
      -4.1673621      0.99364875    0.0021275099      0.00000      0.00000       1.3099999
      -4.1460789       1.0028271    0.0021138456      0.00000      0.00000       1.3049999
      -4.1247933      0.99514494    0.0021049085      0.00000      0.00000       1.2990000
      -4.1035074      0.99933020    0.0020922213      0.00000      0.00000       1.2930000
      -4.0822223       1.0024237    0.0021154718      0.00000      0.00000       1.2880000
      -4.0609334       1.0079084    0.0021129263      0.00000      0.00000       1.2819999
      -4.0396478       1.0048081    0.0021251045      0.00000      0.00000       1.2770000
      -4.0183600       1.0044860    0.0021100590      0.00000      0.00000       1.2720000
      -3.9970688       1.0087676    0.0021256464      0.00000      0.00000       1.2660000
      -3.9757763       1.0075642    0.0021355862      0.00000      0.00000       1.2610000
      -3.9544877       1.0093618    0.0021348601      0.00000      0.00000       1.2560000
      -3.9332025       1.0110187    0.0021344865      0.00000      0.00000       1.2510000
      -3.9119164       1.0091086    0.0021132047      0.00000      0.00000       1.2460001
      -3.8906290       1.0193195    0.0021747025      0.00000      0.00000       1.2420000
      -3.8693396       1.0050851    0.0021604929      0.00000      0.00000       1.2370000
      -3.8480549       1.0154250    0.0022263072      0.00000      0.00000       1.2320000
      -3.8267708       1.0132939    0.0021533046      0.00000      0.00000       1.2280000
      -3.8054845       1.0168304    0.0021615214      0.00000      0.00000       1.2230000
      -3.7841999       1.0118314    0.0021540761      0.00000      0.00000       1.2190000
      -3.7629137       1.0108119    0.0021381006      0.00000      0.00000       1.2140000
      -3.7416330       1.0147593    0.0021636843      0.00000      0.00000       1.2100000
      -3.7203483       1.0204731    0.0021514665      0.00000      0.00000       1.2060000
      -3.6990596       1.0204058    0.0021810914      0.00000      0.00000       1.2010000
      -3.6777688       1.0168234    0.0021665908      0.00000      0.00000       1.1970000
      -3.6564842       1.0252532    0.0033120028      0.00000      0.00000       1.1930000
      -3.6351994       1.0146044    0.0021488450      0.00000      0.00000       1.1890000
      -3.6139144       1.0180375    0.0021108504      0.00000      0.00000       1.1849999
      -3.5926299       1.0165243    0.0021432857      0.00000      0.00000       1.1810000
      -3.5713435      0.99744323    0.0021219593      0.00000      0.00000       1.1770000
      -3.5500550       1.0188727    0.0022088953      0.00000      0.00000       1.1730000
      -3.5287660       1.0151078    0.0021883020      0.00000      0.00000       1.1700000
      -3.5074870       1.0111596    0.0022046319      0.00000      0.00000       1.1660000
      -3.4862004       1.0085188    0.0021556991      0.00000      0.00000       1.1619999
      -3.4649138       1.0181678    0.0021275935      0.00000      0.00000       1.1590000
      -3.4436293       1.0154288    0.0021737540      0.00000      0.00000       1.1550000
      -3.4223535       1.0110625    0.0021894449      0.00000      0.00000       1.1520000
      -3.4010635       1.0170002    0.0021514882      0.00000      0.00000       1.1480000
      -3.3797848       1.0152101    0.0021496796      0.00000      0.00000       1.1450000
      -3.3584981       1.0156788    0.0021442217      0.00000      0.00000       1.1420000
      -3.3372108       1.0123877    0.0021224706      0.00000      0.00000       1.1390001
      -3.3159238       1.0148345    0.0020955289      0.00000      0.00000       1.1350000
      -3.2946643       1.0103643    0.0021007023      0.00000      0.00000       1.1320000
      -3.2733795       1.0185157    0.0021414473      0.00000      0.00000       1.1289999
      -3.2520884       1.0093914    0.0021132973      0.00000      0.00000       1.1260000
      -3.2307875       1.0085750    0.0021441768      0.00000      0.00000       1.1230000
      -3.2095167       1.0115527    0.0021335473      0.00000      0.00000       1.1200000
      -3.1882283       1.0148397    0.0021477164      0.00000      0.00000       1.1170000
      -3.1669402       1.0064054    0.0021475115      0.00000      0.00000       1.1140000
      -3.1456558       1.0016714    0.0021131731      0.00000      0.00000       1.1109999
      -3.1243688       1.0145296    0.0021266343      0.00000      0.00000       1.1090000
      -3.1030767       1.0068381    0.0021252745      0.00000      0.00000       1.1059999
      -3.0817351       1.0124141    0.0021335095      0.00000      0.00000       1.1030000
      -3.0604299       1.0178867    0.0021451689      0.00000      0.00000       1.1010000
      -3.0391400       1.0172942    0.0021630488      0.00000      0.00000       1.0980000
      -3.0178195       1.0161584    0.0021668598      0.00000      0.00000       1.0950000
      -2.9965365       1.0089428    0.0021456920      0.00000      0.00000       1.0930001
      -2.9752419       1.0038937    0.0021240585      0.00000      0.00000       1.0900000
      -2.9539556       1.0389111    0.0022267632      0.00000      0.00000       1.0880001
      -2.9326723       1.0095813    0.0021311958      0.00000      0.00000       1.0860000
      -2.9113919       1.0061597    0.0021204567      0.00000      0.00000       1.0829999
      -2.8901050       1.0007397    0.0021268843      0.00000      0.00000       1.0810000
      -2.8688100       1.0042663    0.0021572031      0.00000      0.00000       1.0790000
      -2.8475259       1.0007544    0.0021365348      0.00000      0.00000       1.0760000
      -2.8262412       1.0023016    0.0021517794      0.00000      0.00000       1.0740000
      -2.8049542      0.99578981    0.0021427736      0.00000      0.00000       1.0720000
      -2.7836670       1.0124315    0.0021403759      0.00000      0.00000       1.0700001
      -2.7623799       1.0081666    0.0021506820      0.00000      0.00000       1.0680000
      -2.7410997       1.0069701    0.0021398014      0.00000      0.00000       1.0660000
      -2.7198104       1.0115103    0.0021591149      0.00000      0.00000       1.0640000
      -2.6985222       1.0094623    0.0021726475      0.00000      0.00000       1.0620000
      -2.6772096       1.0044520    0.0021387289      0.00000      0.00000       1.0599999
      -2.6559244       1.0074619    0.0021425209      0.00000      0.00000       1.0580000
      -2.6346418       1.0066555    0.0021538637      0.00000      0.00000       1.0560000
      -2.6133788       1.0050555    0.0021667162      0.00000      0.00000       1.0549999
      -2.5920948       1.0099550    0.0022193585      0.00000      0.00000       1.0530000
      -2.5708120       1.0132866    0.0021506652      0.00000      0.00000       1.0510000
      -2.5494897       1.0059342    0.0021200945      0.00000      0.00000       1.0490000
      -2.5282015       1.0095725    0.0021535593      0.00000      0.00000       1.0480000
      -2.5069191       1.0031522    0.0021478335      0.00000      0.00000       1.0460000
      -2.4856354       1.0032883    0.0021414392      0.00000      0.00000       1.0440000
      -2.4643516       1.0068307    0.0021325342      0.00000      0.00000       1.0430000
      -2.4430683       1.0059082    0.0021214718      0.00000      0.00000       1.0410000
      -2.4217818       1.0072993    0.0021294956      0.00000      0.00000       1.0400000
      -2.4004989       1.0177832    0.0021558759      0.00000      0.00000       1.0380000
      -2.3792167       1.0141224    0.0021420255      0.00000      0.00000       1.0369999
      -2.3579327       1.0121948    0.0021570433      0.00000      0.00000       1.0360000
      -2.3366460       1.0052308    0.0021246888      0.00000      0.00000       1.0340000
      -2.3153603       1.0031113    0.0021144773      0.00000      0.00000       1.0330000
      -2.2940740       1.0208221    0.0021551071      0.00000      0.00000       1.0319999
      -2.2727892       1.0122086    0.0021540384      0.00000      0.00000       1.0300000
      -2.2515030       1.0084732    0.0021333325      0.00000      0.00000       1.0290000
      -2.2302154       1.0077006    0.0021271620      0.00000      0.00000       1.0280000
      -2.2089278       1.0061076    0.0021263955      0.00000      0.00000       1.0270000
      -2.1876383       1.0083761    0.0021330936      0.00000      0.00000       1.0260000
      -2.1663489       1.0107517    0.0021527967      0.00000      0.00000       1.0240000
      -2.1450635       1.0073036    0.0021588039      0.00000      0.00000       1.0230000
      -2.1237799       1.0016982    0.0021282957      0.00000      0.00000       1.0220000
      -2.1024884       1.0120092    0.0021440687      0.00000      0.00000       1.0210000
      -2.0811985       1.0085583    0.0021360227      0.00000      0.00000       1.0200000
      -2.0599118       1.0080955    0.0021418283      0.00000      0.00000       1.0190001
      -2.0386263       1.0053256    0.0021305141      0.00000      0.00000       1.0180000
      -2.0173329       1.0071012    0.0021426417      0.00000      0.00000       1.0180000
      -1.9960691       1.0023491    0.0021206681      0.00000      0.00000       1.0170000
      -1.9747869       1.0099432    0.0021540391      0.00000      0.00000       1.0160000
      -1.9534993       1.0037586    0.0021532377      0.00000      0.00000       1.0150000
      -1.9109266       1.0056350    0.0021482336      0.00000      0.00000       1.0140001
      -1.8896425       1.0077386    0.0021693620      0.00000      0.00000       1.0130000
      -1.8683515       1.0183219    0.0021499601      0.00000      0.00000       1.0120000
      -1.8470625       1.0077757    0.0021294092      0.00000      0.00000       1.0120000
      -1.8257635       1.0102784    0.0021510880      0.00000      0.00000       1.0110000
      -1.8044778       1.0026095    0.0021092751      0.00000      0.00000       1.0100000
      -1.7832113       1.0084964    0.0021621368      0.00000      0.00000       1.0100000
      -1.7619204       1.0091682    0.0021329710      0.00000      0.00000       1.0089999
      -1.7406241       1.0090807    0.0021177439      0.00000      0.00000       1.0089999
      -1.7193345       1.0072033    0.0022130520      0.00000      0.00000       1.0080000
      -1.6980541       1.0026343    0.0021956991      0.00000      0.00000       1.0080000
      -1.6767681       1.0044311    0.0021494550      0.00000      0.00000       1.0070000
      -1.6554749       1.0004314    0.0021284582      0.00000      0.00000       1.0070000
      -1.6341845      0.99469871    0.0020881506      0.00000      0.00000       1.0070000
      -1.6128945       1.0036061    0.0021143712      0.00000      0.00000       1.0060000
      -1.5916034       1.0051686    0.0021004086      0.00000      0.00000       1.0060000
      -1.5703135       1.0131786    0.0021487481      0.00000      0.00000       1.0060000
      -1.5490272       1.0037096    0.0021452649      0.00000      0.00000       1.0060000
      -1.5277421       1.0164426    0.0021757526      0.00000      0.00000       1.0050000
      -1.5064534       1.0002628    0.0021298471      0.00000      0.00000       1.0050000
      -1.4851331      0.99814180    0.0021138925      0.00000      0.00000       1.0050000
      -1.4637620      0.99957173    0.0021233398      0.00000      0.00000       1.0050000
      -1.4424256       1.0005501    0.0021300119      0.00000      0.00000       1.0050000
      -1.4210700      0.99536704    0.0021121598      0.00000      0.00000       1.0050000
      -1.3997464      0.99806089    0.0020999734      0.00000      0.00000       1.0050000
      -1.3784496      0.99766121    0.0020871897      0.00000      0.00000       1.0050000
      -1.3571502      0.99864446    0.0021003166      0.00000      0.00000       1.0050000
      -1.3358176       1.0078504    0.0021240599      0.00000      0.00000       1.0050000
      -1.3144943       1.0017810    0.0020962871      0.00000      0.00000       1.0050000
      -1.2931982       1.0020354    0.0020945430      0.00000      0.00000       1.0050000
      -1.2718925      0.99198736    0.0020896808      0.00000      0.00000       1.0050000
      -1.2505543       1.0000000    0.0021205516      0.00000      0.00000       1.0050000
      -1.2292571      0.99334033    0.0021037816      0.00000      0.00000       1.0060000
      -1.2079121      0.99316038    0.0021643001      0.00000      0.00000       1.0060000
      -1.1864119      0.99958181    0.0021080244      0.00000      0.00000       1.0060000
      -1.1648556      0.98993189    0.0020891601      0.00000      0.00000       1.0060000
      -1.1432757      0.99384374    0.0020965082      0.00000      0.00000       1.0070000
      -1.1217138      0.98977172    0.0021007740      0.00000      0.00000       1.0070000
      -1.1001447      0.99392290    0.0021239692      0.00000      0.00000       1.0070000
      -1.0786917      0.98790545    0.0021909698      0.00000      0.00000       1.0080000
      -1.0572883      0.98886021    0.0021467493      0.00000      0.00000       1.0080000
      -1.0359918      0.99135092    0.0021361923      0.00000      0.00000       1.0089999
      -1.0146990      0.98142217    0.0021163675      0.00000      0.00000       1.0089999
     -0.99341132      0.98591668    0.0021143997      0.00000      0.00000       1.0100000
     -0.97212387      0.98884720    0.0020973013      0.00000      0.00000       1.0100000
     -0.95083896      0.99598443    0.0021235180      0.00000      0.00000       1.0110000
     -0.92955304      0.99345185    0.0021093920      0.00000      0.00000       1.0110000
     -0.90826621      0.99088747    0.0020980443      0.00000      0.00000       1.0120000
     -0.88698229      0.98753995    0.0021028088      0.00000      0.00000       1.0130000
     -0.86567354      0.99208110    0.0021111082      0.00000      0.00000       1.0130000
     -0.84438941      0.98775628    0.0020943461      0.00000      0.00000       1.0140001
     -0.82310593      0.99375312    0.0021166862      0.00000      0.00000       1.0150000
     -0.80182615      0.99528329    0.0021044348      0.00000      0.00000       1.0160000
     -0.78054763      0.98961934    0.0020974545      0.00000      0.00000       1.0160000
     -0.75925862      0.99236194    0.0021090638      0.00000      0.00000       1.0170000
     -0.73797115      0.99954195    0.0021271924      0.00000      0.00000       1.0180000
     -0.71670296      0.98995846    0.0020998352      0.00000      0.00000       1.0190001
     -0.69542237      0.98910715    0.0020953111      0.00000      0.00000       1.0200000
     -0.67411321      0.99393252    0.0021080897      0.00000      0.00000       1.0210000
     -0.65283032      0.98364084    0.0020886071      0.00000      0.00000       1.0220000
     -0.63155042      0.98253563    0.0020919858      0.00000      0.00000       1.0230000
     -0.61026839      0.98342955    0.0020979490      0.00000      0.00000       1.0240000
     -0.58898444      0.97340056    0.0020802001      0.00000      0.00000       1.0250000
     -0.56766572      0.99025084    0.0021084883      0.00000      0.00000       1.0260000
     -0.54637922      0.98237363    0.0020931031      0.00000      0.00000       1.0270000
     -0.52509350      0.98721357    0.0020899346      0.00000      0.00000       1.0290000
     -0.50380809      0.98877417    0.0021009229      0.00000      0.00000       1.0300000
     -0.48252201      0.97047480    0.0021014301      0.00000      0.00000       1.0310000
     -0.46121979      0.98879470    0.0021081350      0.00000      0.00000       1.0319999
     -0.43993957      0.99151502    0.0020853588      0.00000      0.00000       1.0340000
     -0.41866070      0.98674050    0.0020796156      0.00000      0.00000       1.0350000
     -0.39737700      0.99533910    0.0021264959      0.00000      0.00000       1.0360000
     -0.37609053      0.97642133    0.0020960769      0.00000      0.00000       1.0380000
     -0.35480246      0.98111659    0.0020634332      0.00000      0.00000       1.0390000
     -0.33352101      0.97353021    0.0020509928      0.00000      0.00000       1.0410000
     -0.31223339      0.97811845    0.0020681665      0.00000      0.00000       1.0420001
     -0.29094817      0.98505401    0.0021030411      0.00000      0.00000       1.0440000
     -0.26966213      0.98714412    0.0021094915      0.00000      0.00000       1.0450000
     -0.24837996      0.99482094    0.0021047247      0.00000      0.00000       1.0470001
     -0.22709475      0.98657172    0.0021018997      0.00000      0.00000       1.0490000
     -0.20581328      0.99116171    0.0021009011      0.00000      0.00000       1.0500000
     -0.18454986      0.98318389    0.0020868177      0.00000      0.00000       1.0520000
     -0.16326788      0.98718141    0.0020830611      0.00000      0.00000       1.0540000
     -0.14198078      0.99010387    0.0020945310      0.00000      0.00000       1.0560000
     -0.12069470      0.99410680    0.0020974178      0.00000      0.00000       1.0570000
    -0.099403773      0.98810108    0.0020809308      0.00000      0.00000       1.0590000
    -0.078121606      0.98962924    0.0020752708      0.00000      0.00000       1.0610000
    -0.056835741      0.99470531    0.0020924703      0.00000      0.00000       1.0630000
    -0.035551451      0.99541075    0.0020945385      0.00000      0.00000       1.0650001
    -0.014262501      0.99574235    0.0020867568      0.00000      0.00000       1.0670000
    0.0070317909      0.99686277    0.0020899903      0.00000      0.00000       1.0690000
     0.028319634      0.99111672    0.0021137176      0.00000      0.00000       1.0710000
     0.049611636      0.99109079    0.0021139247      0.00000      0.00000       1.0730000
     0.070890438      0.99732420    0.0021326251      0.00000      0.00000       1.0760000
     0.092175856      0.99452389    0.0021141053      0.00000      0.00000       1.0779999
      0.11345667      0.98987416    0.0021012928      0.00000      0.00000       1.0800000
      0.13474718      0.99574684    0.0020928137      0.00000      0.00000       1.0820000
      0.15603294      0.99841998    0.0020767234      0.00000      0.00000       1.0850000
      0.17732018      0.99870814    0.0020900320      0.00000      0.00000       1.0870000
      0.19860030       1.0114331    0.0021211785      0.00000      0.00000       1.0890000
      0.21991114      0.99269060    0.0020669010      0.00000      0.00000       1.0920000
      0.24119604       1.0062817    0.0020939141      0.00000      0.00000       1.0940000
      0.26248111       1.0002199    0.0020937858      0.00000      0.00000       1.0970000
      0.28376437       1.0005662    0.0020873681      0.00000      0.00000       1.1000000
      0.30505269       1.0033260    0.0021023338      0.00000      0.00000       1.1020000
      0.32633759       1.0053788    0.0020965058      0.00000      0.00000       1.1050000
      0.34762360       1.0035865    0.0020893514      0.00000      0.00000       1.1080000
      0.36890593       1.0064425    0.0021078716      0.00000      0.00000       1.1100000
      0.39019101       1.0002168    0.0021144981      0.00000      0.00000       1.1130000
      0.41147520      0.99978504    0.0022074708      0.00000      0.00000       1.1160001
      0.43276212       1.0062232    0.0021201860      0.00000      0.00000       1.1190000
      0.45407556       1.0103223    0.0021359760      0.00000      0.00000       1.1220000
      0.47536588       1.0141199    0.0021578339      0.00000      0.00000       1.1250000
      0.49665185       1.0107451    0.0021242831      0.00000      0.00000       1.1280000
      0.51793963       1.0066838    0.0021222143      0.00000      0.00000       1.1310000
      0.53922379       1.0080240    0.0020964464      0.00000      0.00000       1.1339999
      0.56051090       1.0089375    0.0021117319      0.00000      0.00000       1.1370000
      0.58182743       1.0093036    0.0021297061      0.00000      0.00000       1.1400000
      0.60311656       1.0038858    0.0021505393      0.00000      0.00000       1.1440001
      0.62439974       1.0258992    0.0021746286      0.00000      0.00000       1.1470000
      0.64568509       1.0139079    0.0021595920      0.00000      0.00000       1.1500000
      0.66694215       1.0116468    0.0021531443      0.00000      0.00000       1.1540000
      0.68823010       1.0095503    0.0021499454      0.00000      0.00000       1.1569999
      0.70951850       1.0074976    0.0021789172      0.00000      0.00000       1.1610000
      0.73080416       1.0068251    0.0021490010      0.00000      0.00000       1.1650000
      0.75209593       1.0080649    0.0021488493      0.00000      0.00000       1.1680000
      0.77338417       1.0033882    0.0021403062      0.00000      0.00000       1.1720001
      0.79466857       1.0026006    0.0021302983      0.00000      0.00000       1.1760000
      0.81595929       1.0046851    0.0021354709      0.00000      0.00000       1.1799999
      0.83724816       1.0135083    0.0021717099      0.00000      0.00000       1.1830000
      0.85853855       1.0072194    0.0021598939      0.00000      0.00000       1.1870000
      0.87982589       1.0004844    0.0021885796      0.00000      0.00000       1.1910000
      0.90109129      0.99630851    0.0021876449      0.00000      0.00000       1.1950001
      0.92238396       1.0022034    0.0023007845      0.00000      0.00000       1.2000000
      0.94367310      0.99493218    0.0021755393      0.00000      0.00000       1.2040000
      0.96495920       1.0059135    0.0021662220      0.00000      0.00000       1.2079999
      0.98624663      0.99809891    0.0021692888      0.00000      0.00000       1.2120000
       1.0075327      0.99834732    0.0021446328      0.00000      0.00000       1.2170000
       1.0288198       1.0033810    0.0021595285      0.00000      0.00000       1.2210000
       1.0501104       1.0036462    0.0021701014      0.00000      0.00000       1.2260000
       1.0713952      0.99231878    0.0021556819      0.00000      0.00000       1.2300000
       1.0926827       1.0028032    0.0021473773      0.00000      0.00000       1.2350000
       1.1139714      0.99757737    0.0021564413      0.00000      0.00000       1.2400000
       1.1352604      0.99924536    0.0021840396      0.00000      0.00000       1.2440000
       1.1565445      0.99680294    0.0021409152      0.00000      0.00000       1.2490000
       1.1778304      0.98938881    0.0021466017      0.00000      0.00000       1.2539999
       1.1991148      0.99152969    0.0021713540      0.00000      0.00000       1.2589999
       1.2204035      0.99825505    0.0021751952      0.00000      0.00000       1.2640001
       1.2416932      0.98973699    0.0021939604      0.00000      0.00000       1.2700000
       1.2629996      0.98401230    0.0023111570      0.00000      0.00000       1.2750000
       1.2842866      0.98778542    0.0023304589      0.00000      0.00000       1.2800000
       1.3055758      0.98811876    0.0023932939      0.00000      0.00000       1.2850000
       1.3268633      0.97405331    0.0022498570      0.00000      0.00000       1.2910000
       1.3481439      0.99472986    0.0022344663      0.00000      0.00000       1.2970001
       1.3694396       1.0032169    0.0022341449      0.00000      0.00000       1.3020000
       1.3907259      0.99113367    0.0023397131      0.00000      0.00000       1.3080000
       1.4120099      0.99662325    0.0023036799      0.00000      0.00000       1.3140000
       1.4332928      0.98571024    0.0023479132      0.00000      0.00000       1.3200001
       1.4545817      0.99586999    0.0023793184      0.00000      0.00000       1.3260000
       1.4758677      0.98592374    0.0022712202      0.00000      0.00000       1.3320000
       1.4971568      0.98843094    0.0022486691      0.00000      0.00000       1.3380001
       1.5184443      0.98312388    0.0022237720      0.00000      0.00000       1.3440000
       1.5397365      0.99644843    0.0036335202      0.00000      0.00000       1.3510000
       1.5610209      0.99592808    0.0021791969      0.00000      0.00000       1.3570000
       1.5823297      0.98634321    0.0022351090      0.00000      0.00000       1.3640000
       1.6036168      0.99454294    0.0021947712      0.00000      0.00000       1.3700000
       1.6248999      0.99567399    0.0021995675      0.00000      0.00000       1.3770000
       1.6461870      0.99968104    0.0021970345      0.00000      0.00000       1.3839999
       1.6674712       1.0050968    0.0021932902      0.00000      0.00000       1.3910000
       1.6887611       1.0008704    0.0022092813      0.00000      0.00000       1.3980000
       1.7100477       1.0002169    0.0021932177      0.00000      0.00000       1.4050000
       1.7313302      0.99620103    0.0021937630      0.00000      0.00000       1.4130000
       1.7526195       1.0008613    0.0022087911      0.00000      0.00000       1.4200000
       1.7739096       1.0027332    0.0022160918      0.00000      0.00000       1.4280000
       1.7951940      0.99478292    0.0022127576      0.00000      0.00000       1.4349999
       1.8164771      0.99518580    0.0022457472      0.00000      0.00000       1.4430000
       1.8377657      0.99915620    0.0022234164      0.00000      0.00000       1.4510000
       1.8590505      0.99462504    0.0021830220      0.00000      0.00000       1.4590000
       1.8803402      0.99617391    0.0021804160      0.00000      0.00000       1.4670000
       1.9016242      0.99709211    0.0021813194      0.00000      0.00000       1.4760000
       1.9229171      0.98875988    0.0021783569      0.00000      0.00000       1.4840000
       1.9442026       1.0137585    0.0022085086      0.00000      0.00000       1.4930000
       1.9654895      0.99444848    0.0021780600      0.00000      0.00000       1.5020000
       1.9867744      0.99335509    0.0021996182      0.00000      0.00000       1.5110000
       2.0080604       1.0009584    0.0021893935      0.00000      0.00000       1.5200000
       2.0293426       1.0088870    0.0022092145      0.00000      0.00000       1.5290000
       2.0506265       1.0032970    0.0022026319      0.00000      0.00000       1.5380000
       2.0719079       1.0020019    0.0022084577      0.00000      0.00000       1.5480000
       2.0931978      0.99862861    0.0022677231      0.00000      0.00000       1.5570000
       2.1144856       1.0015799    0.0022755494      0.00000      0.00000       1.5670000
       2.1357764      0.98966699    0.0022478269      0.00000      0.00000       1.5770000
       2.1570659      0.99564623    0.0023007656      0.00000      0.00000       1.5870000
       2.1783537       1.0029110    0.0022510215      0.00000      0.00000       1.5970000
       2.1996406      0.99495747    0.0022256329      0.00000      0.00000       1.6080000
       2.2209243      0.99345240    0.0022582855      0.00000      0.00000       1.6190000
       2.2422080      0.98722026    0.0022416453      0.00000      0.00000       1.6300000
       2.2634933      0.99784401    0.0022558764      0.00000      0.00000       1.6410000
       2.2847803      0.99610913    0.0022263594      0.00000      0.00000       1.6520000
       2.3060650      0.99599826    0.0022607374      0.00000      0.00000       1.6630000
       2.3273491       1.0020356    0.0022838923      0.00000      0.00000       1.6750000
       2.3486363       1.0016491    0.0022672276      0.00000      0.00000       1.6870000
       2.3699216      0.99463448    0.0022729869      0.00000      0.00000       1.6990000
       2.3912100      0.99613241    0.0023108857      0.00000      0.00000       1.7110000
       2.4124989      0.99703631    0.0023074735      0.00000      0.00000       1.7240000
       2.4337846      0.99532233    0.0022893989      0.00000      0.00000       1.7370000
       2.4550720      0.99327491    0.0023466317      0.00000      0.00000       1.7500000
       2.4763804      0.98871746    0.0023541509      0.00000      0.00000       1.7630000
       2.4976665      0.97680167    0.0024796098      0.00000      0.00000       1.7760000
       2.5189524      0.98317436    0.0025215594      0.00000      0.00000       1.7900000
       2.5402373      0.98710106    0.0025035450      0.00000      0.00000       1.8040000
       2.5615239      0.99598324    0.0024282412      0.00000      0.00000       1.8180000
       2.5828096      0.99175060    0.0023794340      0.00000      0.00000       1.8329999
       2.6040757      0.98355828    0.0024397252      0.00000      0.00000       1.8480000
       2.6253590      0.99079117    0.0024254059      0.00000      0.00000       1.8630000
       2.6466481      0.96043811    0.0025428401      0.00000      0.00000       1.8780000
       2.6679351      0.98351228    0.0024699170      0.00000      0.00000       1.8940001
       2.6893067      0.98174928    0.0024336384      0.00000      0.00000       1.9100000
       2.7106012      0.97652056    0.0024555198      0.00000      0.00000       1.9270000
       2.7318859      0.97696734    0.0024440163      0.00000      0.00000       1.9430000
       2.7531718      0.98194426    0.0024858363      0.00000      0.00000       1.9600000
       2.7744564      0.97283182    0.0024683126      0.00000      0.00000       1.9780000
       2.7957372      0.98389776    0.0024772085      0.00000      0.00000       1.9960001
       2.8170511      0.98391664    0.0025230177      0.00000      0.00000       2.0139999
       2.8383384      0.99270921    0.0025266599      0.00000      0.00000       2.0320001
       2.8596192      0.98097430    0.0025114500      0.00000      0.00000       2.0510001
       2.8809043      0.98891830    0.0025447564      0.00000      0.00000       2.0699999
       2.9021905      0.98160139    0.0024791032      0.00000      0.00000       2.0899999
       2.9234769      0.97285061    0.0025032411      0.00000      0.00000       2.1099999
       2.9447625      0.98237372    0.0024725241      0.00000      0.00000       2.1310000
       2.9660517      0.97413440    0.0024644673      0.00000      0.00000       2.1520000
