#JD -  2457388 (hr) Flux  Fl_err  Model_fl   Residual for 2.35um (%)
      -2.4139274       1.0019709    0.0036596804      0.00000      0.00000
      -2.3967685      0.99764601    0.0036437628      0.00000      0.00000
      -2.3796119      0.98667750    0.0035505668      0.00000      0.00000
      -2.3624283      0.99143520    0.0036831070      0.00000      0.00000
      -2.3452542      0.98482462    0.0035061079      0.00000      0.00000
      -2.3280954      0.98948561    0.0034058457      0.00000      0.00000
      -2.3108841      0.99980260    0.0035807434      0.00000      0.00000
      -2.2937279       1.0027063    0.0036962257      0.00000      0.00000
      -2.2765756       1.0038775    0.0035860807      0.00000      0.00000
      -2.2594209      0.99346412    0.0036328828      0.00000      0.00000
      -2.2422617       1.0039248    0.0034548962      0.00000      0.00000
      -2.2251076      0.99713321    0.0033656818      0.00000      0.00000
      -2.2079540      0.98784027    0.0033865849      0.00000      0.00000
      -2.1907916      0.99813051    0.0033491452      0.00000      0.00000
      -2.1564684      0.99903536    0.0033366806      0.00000      0.00000
      -2.1393057      0.99467509    0.0033928056      0.00000      0.00000
      -2.1221514       1.0066092    0.0033641764      0.00000      0.00000
      -2.1049994      0.99718823    0.0033321887      0.00000      0.00000
      -2.0878427       1.0094646    0.0033987338      0.00000      0.00000
      -2.0706809      0.99485075    0.0033526798      0.00000      0.00000
      -2.0535003      0.99336492    0.0033554381      0.00000      0.00000
      -2.0363209       1.0065150    0.0032873929      0.00000      0.00000
      -2.0191896      0.99709400    0.0033109407      0.00000      0.00000
      -2.0020402       1.0080425    0.0035344654      0.00000      0.00000
      -1.9848875      0.99988801    0.0033792298      0.00000      0.00000
      -1.9677348      0.99472111    0.0033909757      0.00000      0.00000
      -1.9505772       1.0016252    0.0033977094      0.00000      0.00000
      -1.9334253      0.99253802    0.0033403841      0.00000      0.00000
      -1.9162731       1.0148558    0.0035591036      0.00000      0.00000
      -1.8991183       1.0091555    0.0035068495      0.00000      0.00000
      -1.8819675       1.0026425    0.0034768441      0.00000      0.00000
      -1.8648166      0.99719063    0.0034934526      0.00000      0.00000
      -1.8476630      0.99944888    0.0034800654      0.00000      0.00000
      -1.8305127       1.0029350    0.0034993287      0.00000      0.00000
      -1.8133558      0.99300156    0.0037857555      0.00000      0.00000
      -1.7961718       1.0023593    0.0034363551      0.00000      0.00000
      -1.7789818      0.99025602    0.0033578713      0.00000      0.00000
      -1.7618224       1.0026269    0.0034621009      0.00000      0.00000
      -1.7446703      0.99912680    0.0034068832      0.00000      0.00000
      -1.7275163      0.99563235    0.0033665106      0.00000      0.00000
      -1.7103350      0.99191694    0.0032558213      0.00000      0.00000
      -1.6931812       1.0098762    0.0034768587      0.00000      0.00000
      -1.6760198       1.0000377    0.0033405574      0.00000      0.00000
      -1.6588624      0.99631759    0.0034273136      0.00000      0.00000
      -1.6417030       1.0017615    0.0034749646      0.00000      0.00000
      -1.6245494       1.0087852    0.0033763002      0.00000      0.00000
      -1.6073352      0.99786514    0.0034149667      0.00000      0.00000
      -1.5901794       1.0027553    0.0033283387      0.00000      0.00000
      -1.5730222      0.99519577    0.0032927626      0.00000      0.00000
      -1.5558700       1.0023858    0.0033591638      0.00000      0.00000
      -1.5387079      0.99225921    0.0032820257      0.00000      0.00000
      -1.5215525      0.99459622    0.0033429461      0.00000      0.00000
      -1.5043944       1.0041586    0.0033605612      0.00000      0.00000
      -1.4872407      0.99695727    0.0033601499      0.00000      0.00000
      -1.4700676       1.0115506    0.0034468950      0.00000      0.00000
      -1.4528847       1.0011733    0.0033053355      0.00000      0.00000
      -1.4357223       1.0017863    0.0033540807      0.00000      0.00000
      -1.4185246      0.99359390    0.0033164250      0.00000      0.00000
      -1.4013444       1.0044825    0.0033103961      0.00000      0.00000
      -1.3841855      0.99476542    0.0034008213      0.00000      0.00000
      -1.3669997       1.0065132    0.0032778314      0.00000      0.00000
      -1.3498463       1.0028300    0.0032167255      0.00000      0.00000
      -1.3326628      0.99445536    0.0034510017      0.00000      0.00000
      -1.3154663       1.0100002    0.0033046638      0.00000      0.00000
      -1.2982878      0.99737959    0.0032501568      0.00000      0.00000
      -1.2811327      0.99455231    0.0032438385      0.00000      0.00000
      -1.2639686      0.99908245    0.0032004081      0.00000      0.00000
      -1.2468145       1.0018744    0.0031881908      0.00000      0.00000
      -1.2296646       1.0033614    0.0033132777      0.00000      0.00000
      -1.2125125       1.0039011    0.0031866972      0.00000      0.00000
      -1.1953755      0.99993630    0.0032101280      0.00000      0.00000
      -1.1782241      0.99477109    0.0031844999      0.00000      0.00000
      -1.1610706      0.99740710    0.0031615093      0.00000      0.00000
      -1.1267321       1.0035022    0.0032332114      0.00000      0.00000
      -1.1095584       1.0050431    0.0032888292      0.00000      0.00000
      -1.0924102       1.0075337    0.0032844043      0.00000      0.00000
      -1.0752579       1.0062894    0.0032341155      0.00000      0.00000
      -1.0580962       1.0018301    0.0032266854      0.00000      0.00000
      -1.0409426       1.0062674    0.0031332208      0.00000      0.00000
      -1.0237881       1.0136158    0.0032607822      0.00000      0.00000
      -1.0066325       1.0094111    0.0031729874      0.00000      0.00000
     -0.98947485       1.0067209    0.0032683231      0.00000      0.00000
     -0.95515907       1.0094260    0.0033314346      0.00000      0.00000
     -0.93798331       1.0049691    0.0032652869      0.00000      0.00000
     -0.92082277       1.0021177    0.0032023394      0.00000      0.00000
     -0.90363025      0.99804713    0.0031892221      0.00000      0.00000
     -0.88647098      0.99707967    0.0032418260      0.00000      0.00000
     -0.86930338       1.0045213    0.0033580516      0.00000      0.00000
     -0.85214707      0.99981243    0.0033532290      0.00000      0.00000
     -0.83499177       1.0106481    0.0033545837      0.00000      0.00000
     -0.81781283       1.0025778    0.0032760895      0.00000      0.00000
     -0.80065585      0.99957153    0.0032357047      0.00000      0.00000
     -0.78350712       1.0086551    0.0033980609      0.00000      0.00000
     -0.76631989       1.0089847    0.0035681673      0.00000      0.00000
     -0.74916646       1.0044601    0.0032292193      0.00000      0.00000
     -0.73201772       1.0051048    0.0032151763      0.00000      0.00000
     -0.71485827      0.99728221    0.0031832821      0.00000      0.00000
     -0.69768679       1.0007811    0.0032313666      0.00000      0.00000
     -0.68053768       1.0021416    0.0032674294      0.00000      0.00000
     -0.66338503       1.0045856    0.0032776744      0.00000      0.00000
     -0.64623282       1.0009817    0.0033149331      0.00000      0.00000
     -0.62907667      0.99897109    0.0033073915      0.00000      0.00000
     -0.61190716       1.0072332    0.0033804695      0.00000      0.00000
     -0.59474967       1.0061144    0.0032668351      0.00000      0.00000
     -0.57759460      0.99594518    0.0031936109      0.00000      0.00000
     -0.56041372       1.0023604    0.0032196776      0.00000      0.00000
     -0.54326313       1.0070640    0.0032514020      0.00000      0.00000
     -0.52607189       1.0137960    0.0032454988      0.00000      0.00000
     -0.50891352      0.99962244    0.0031394401      0.00000      0.00000
     -0.49168405       1.0060135    0.0031613783      0.00000      0.00000
     -0.47451943       1.0049955    0.0032810885      0.00000      0.00000
     -0.45732503       1.0022714    0.0032491762      0.00000      0.00000
     -0.44017357       1.0063755    0.0032058059      0.00000      0.00000
     -0.42301279      0.99679750    0.0032169447      0.00000      0.00000
     -0.40583064      0.99741966    0.0032064423      0.00000      0.00000
     -0.38865100       1.0027948    0.0031538978      0.00000      0.00000
     -0.37149500       1.0022418    0.0031744984      0.00000      0.00000
     -0.35434107       1.0026043    0.0031839803      0.00000      0.00000
     -0.33717167       1.0164678    0.0032035888      0.00000      0.00000
     -0.32001138       1.0017680    0.0031607534      0.00000      0.00000
     -0.30285690       1.0051676    0.0032284687      0.00000      0.00000
     -0.28569942       1.0126839    0.0033114760      0.00000      0.00000
     -0.26853983       1.0028582    0.0032515608      0.00000      0.00000
     -0.25137686       1.0010827    0.0031840779      0.00000      0.00000
     -0.23421697      0.99617303    0.0031409834      0.00000      0.00000
     -0.21703383      0.99297155    0.0031109586      0.00000      0.00000
     -0.19983917      0.99906463    0.0032182493      0.00000      0.00000
     -0.18265923       1.0021831    0.0032018156      0.00000      0.00000
     -0.16550921       1.0005912    0.0031625374      0.00000      0.00000
     -0.14835759      0.98428936    0.0031268185      0.00000      0.00000
     -0.13120325      0.99868067    0.0031472951      0.00000      0.00000
     -0.11404668       1.0054133    0.0031355192      0.00000      0.00000
    -0.096892018       1.0090250    0.0031690933      0.00000      0.00000
    -0.079706144      0.99673310    0.0031880585      0.00000      0.00000
    -0.062549081      0.99990383    0.0031646656      0.00000      0.00000
    -0.045385737      0.99598986    0.0031937713      0.00000      0.00000
    -0.028229568       1.0011240    0.0033022320      0.00000      0.00000
    -0.011077188      0.99213977    0.0032427947      0.00000      0.00000
    0.0060829930       1.0039952    0.0033012806      0.00000      0.00000
     0.023241006       1.0012440    0.0032154952      0.00000      0.00000
     0.040394884      0.99868962    0.0033041542      0.00000      0.00000
     0.057586715      0.99361687    0.0032263412      0.00000      0.00000
     0.074738078      0.99560660    0.0032833136      0.00000      0.00000
     0.091926958       1.0012090    0.0032091099      0.00000      0.00000
      0.10908441      0.99542884    0.0031618142      0.00000      0.00000
      0.12624985      0.99224861    0.0031381393      0.00000      0.00000
      0.14343952      0.99709979    0.0031364383      0.00000      0.00000
      0.16059910       1.0029754    0.0031298974      0.00000      0.00000
      0.17781410      0.99780608    0.0030596208      0.00000      0.00000
      0.19497075      0.99553913    0.0030874556      0.00000      0.00000
      0.21213238      0.99873244    0.0030923063      0.00000      0.00000
      0.22931802      0.99743789    0.0031066125      0.00000      0.00000
      0.24653504      0.99696499    0.0031016121      0.00000      0.00000
      0.26378680       1.0016800    0.0032487938      0.00000      0.00000
      0.28097971       1.0016589    0.0031134678      0.00000      0.00000
      0.29821431      0.99569072    0.0031215079      0.00000      0.00000
      0.31541125      0.99513578    0.0031055201      0.00000      0.00000
      0.33270907       1.0054180    0.0031286841      0.00000      0.00000
      0.35002717      0.99809537    0.0031015385      0.00000      0.00000
      0.36729911      0.99795640    0.0031027070      0.00000      0.00000
      0.38443540      0.99867588    0.0031518474      0.00000      0.00000
      0.40167135      0.99288033    0.0031464937      0.00000      0.00000
      0.41898493       1.0015118    0.0031773414      0.00000      0.00000
      0.43629516       1.0064560    0.0032279786      0.00000      0.00000
      0.45350696      0.99609996    0.0030691524      0.00000      0.00000
      0.47090033      0.99906385    0.0030960122      0.00000      0.00000
      0.48835700       1.0002978    0.0031231620      0.00000      0.00000
      0.50571612      0.98577834    0.0030937565      0.00000      0.00000
      0.52294159       1.0015623    0.0031474819      0.00000      0.00000
      0.54011025       1.0087852    0.0031592310      0.00000      0.00000
      0.55726436      0.99255520    0.0031256295      0.00000      0.00000
      0.57441739      0.99618297    0.0030797642      0.00000      0.00000
      0.59157442      0.98723550    0.0031120809      0.00000      0.00000
      0.60873171      0.99647693    0.0031476768      0.00000      0.00000
      0.62589252      0.99636898    0.0030929687      0.00000      0.00000
      0.64305001      0.99788958    0.0031328096      0.00000      0.00000
      0.66020143      0.99859634    0.0031114077      0.00000      0.00000
      0.67735273       1.0073946    0.0031444770      0.00000      0.00000
      0.69450846      0.99610805    0.0031272148      0.00000      0.00000
      0.71166889      0.98392110    0.0030515033      0.00000      0.00000
      0.72882775      0.99869930    0.0032296782      0.00000      0.00000
      0.74599063      0.99664399    0.0030753012      0.00000      0.00000
      0.76317700      0.98475926    0.0030196198      0.00000      0.00000
      0.78036917      0.99276412    0.0031630772      0.00000      0.00000
      0.79755127      0.99873985    0.0031116335      0.00000      0.00000
      0.81470158      0.99450324    0.0030921000      0.00000      0.00000
      0.83185868      0.99254136    0.0031418782      0.00000      0.00000
      0.84901674      0.99505452    0.0031140590      0.00000      0.00000
      0.86617046      0.99220761    0.0031014746      0.00000      0.00000
      0.88332214      0.99020306    0.0030743720      0.00000      0.00000
      0.90048270       1.0013244    0.0030859259      0.00000      0.00000
      0.91763412      0.99930071    0.0031538909      0.00000      0.00000
      0.93478792      0.99836090    0.0031050158      0.00000      0.00000
      0.95194602      0.99917798    0.0031265177      0.00000      0.00000
      0.96910892      0.99528846    0.0031109739      0.00000      0.00000
      0.98628861       1.0037697    0.0031527050      0.00000      0.00000
       1.0035013      0.99003000    0.0032511061      0.00000      0.00000
       1.0206516      0.99262760    0.0030923779      0.00000      0.00000
       1.0378065      0.99934924    0.0031498095      0.00000      0.00000
       1.0549635      0.99494011    0.0031638702      0.00000      0.00000
       1.0721177       1.0105571    0.0032215766      0.00000      0.00000
       1.0893100       1.0001044    0.0031361170      0.00000      0.00000
       1.1064706      0.99635939    0.0031621793      0.00000      0.00000
       1.1236278      0.99399370    0.0031101875      0.00000      0.00000
       1.1408128      0.99559553    0.0031104323      0.00000      0.00000
       1.1579989       1.0086168    0.0032232578      0.00000      0.00000
       1.1751856      0.99535449    0.0031041141      0.00000      0.00000
       1.1923734      0.99522682    0.0031239810      0.00000      0.00000
       1.2095557      0.99954530    0.0031286779      0.00000      0.00000
       1.2267322      0.99267017    0.0031136543      0.00000      0.00000
       1.2438903      0.99491027    0.0031147836      0.00000      0.00000
       1.2610724      0.99670978    0.0031455878      0.00000      0.00000
       1.2782571      0.99866617    0.0031221776      0.00000      0.00000
       1.2954189      0.99389759    0.0030414489      0.00000      0.00000
       1.3126110      0.98737285    0.0030625524      0.00000      0.00000
       1.3297718      0.99890782    0.0031383606      0.00000      0.00000
       1.3469247       1.0000731    0.0031405360      0.00000      0.00000
       1.3640834      0.98584055    0.0030450509      0.00000      0.00000
       1.3812403      0.99155007    0.0030820741      0.00000      0.00000
       1.3984073      0.99719087    0.0031299360      0.00000      0.00000
       1.4155817       1.0062002    0.0031033398      0.00000      0.00000
       1.4327269       1.0009911    0.0031136787      0.00000      0.00000
       1.4498929      0.99752576    0.0032957241      0.00000      0.00000
       1.4670406       1.0017227    0.0031843422      0.00000      0.00000
       1.4842200      0.99176032    0.0030741855      0.00000      0.00000
       1.5013747      0.99218008    0.0030451430      0.00000      0.00000
       1.5185259      0.99049729    0.0030611724      0.00000      0.00000
       1.5357130       1.0000278    0.0031387975      0.00000      0.00000
       1.5529072      0.99146356    0.0031046893      0.00000      0.00000
       1.5700583      0.99241467    0.0031088033      0.00000      0.00000
       1.5872133      0.99695883    0.0031853936      0.00000      0.00000
       1.6043720       1.0019906    0.0032037305      0.00000      0.00000
       1.6215549       1.0084394    0.0032719060      0.00000      0.00000
       1.6387078      0.99591308    0.0031264295      0.00000      0.00000
       1.6558656      0.99550498    0.0031027104      0.00000      0.00000
       1.6730446      0.99694610    0.0030855827      0.00000      0.00000
       1.6902109       1.0010443    0.0031815433      0.00000      0.00000
       1.7073672       1.0029508    0.0031500342      0.00000      0.00000
       1.7245177      0.99958051    0.0031027122      0.00000      0.00000
       1.7416723      0.99626412    0.0031391820      0.00000      0.00000
       1.7588465      0.99577682    0.0031084170      0.00000      0.00000
       1.7760022       1.0024337    0.0031492103      0.00000      0.00000
       1.7931647       1.0064414    0.0031703156      0.00000      0.00000
       1.8103677       1.0008353    0.0032095371      0.00000      0.00000
       1.8275192       1.0040992    0.0031634273      0.00000      0.00000
       1.8446959       1.0030932    0.0031419518      0.00000      0.00000
       1.8618395       1.0031205    0.0032020990      0.00000      0.00000
       1.8790021       1.0026277    0.0031918328      0.00000      0.00000
       1.8961957       1.0119710    0.0032864210      0.00000      0.00000
       1.9133663       1.0043509    0.0031574970      0.00000      0.00000
       1.9305401       1.0045850    0.0031745716      0.00000      0.00000
       1.9476975      0.99841172    0.0032051185      0.00000      0.00000
       1.9648636       1.0016599    0.0031827444      0.00000      0.00000
       1.9820230       1.0048915    0.0032572236      0.00000      0.00000
       1.9991862       1.0062033    0.0032195776      0.00000      0.00000
       2.0163497       1.0152099    0.0033086055      0.00000      0.00000
       2.0335066       1.0139270    0.0032768853      0.00000      0.00000
       2.0506635       1.0143038    0.0032152031      0.00000      0.00000
       2.0678104      0.99914057    0.0031660498      0.00000      0.00000
       2.0849738       1.0049919    0.0032232682      0.00000      0.00000
       2.1021310       1.0029804    0.0032384501      0.00000      0.00000
       2.1192868       1.0141005    0.0032261988      0.00000      0.00000
       2.1364658      0.99893376    0.0031882360      0.00000      0.00000
       2.1536434       1.0003583    0.0031849612      0.00000      0.00000
       2.1708035       1.0099588    0.0032346025      0.00000      0.00000
       2.1879862       1.0094914    0.0032306771      0.00000      0.00000
       2.2051383       1.0111286    0.0031863165      0.00000      0.00000
       2.2222890      0.99596121    0.0031958478      0.00000      0.00000
       2.2394492       1.0061982    0.0032742176      0.00000      0.00000
