#JD -  2457565 (hr) Flux  Fl_err  Model_fl   Residual for 0.90um (%) Airmass
      -4.5079613      0.97301752    0.0081346466      0.00000      0.00000       1.4160000
      -4.4866787       1.0000460    0.0077964591      0.00000      0.00000       1.4080000
      -4.4653956      0.97753442    0.0077593988      0.00000      0.00000       1.4010000
      -4.4441073       1.0322819    0.0079892776      0.00000      0.00000       1.3940001
      -4.4228128       1.0537476    0.0082591260      0.00000      0.00000       1.3870000
      -4.4015156       1.0097674    0.0076827539      0.00000      0.00000       1.3800000
      -4.3802279      0.99673646    0.0076287866      0.00000      0.00000       1.3730000
      -4.3589434       1.0116982    0.0078187103      0.00000      0.00000       1.3660001
      -4.3376587       1.0167365    0.0080070876      0.00000      0.00000       1.3600000
      -4.3163706       1.0003142    0.0078376407      0.00000      0.00000       1.3530000
      -4.2950823       1.0443720    0.0082847918      0.00000      0.00000       1.3470000
      -4.2737971       1.0337816    0.0083351449      0.00000      0.00000       1.3410000
      -4.2525150       1.0012443    0.0081208438      0.00000      0.00000       1.3340000
      -4.2312308       1.0291785    0.0079195123      0.00000      0.00000       1.3279999
      -4.2099406      0.98920341    0.0076655638      0.00000      0.00000       1.3220000
      -4.1886509       1.0000643    0.0076051281      0.00000      0.00000       1.3160000
      -4.1673621       1.0436332    0.0076768851      0.00000      0.00000       1.3099999
      -4.1460789       1.0208052    0.0075544042      0.00000      0.00000       1.3049999
      -4.1247933       1.0339451    0.0075948225      0.00000      0.00000       1.2990000
      -4.1035074       1.0448957    0.0080047807      0.00000      0.00000       1.2930000
      -4.0822223       1.0429710    0.0076470056      0.00000      0.00000       1.2880000
      -4.0609334       1.0615181    0.0078013711      0.00000      0.00000       1.2819999
      -4.0396478       1.0387133    0.0075761171      0.00000      0.00000       1.2770000
      -4.0183600       1.0179172    0.0075706489      0.00000      0.00000       1.2720000
      -3.9970688       1.0375923    0.0075517349      0.00000      0.00000       1.2660000
      -3.9757763      0.99434718    0.0074276302      0.00000      0.00000       1.2610000
      -3.9544877       1.0243424    0.0075526162      0.00000      0.00000       1.2560000
      -3.9332025       1.0426984    0.0075383444      0.00000      0.00000       1.2510000
      -3.9119164       1.0181726    0.0073835717      0.00000      0.00000       1.2460001
      -3.8906290       1.0691055    0.0078748921      0.00000      0.00000       1.2420000
      -3.8693396       1.0421061    0.0076500546      0.00000      0.00000       1.2370000
      -3.8480549       1.0261090    0.0080379852      0.00000      0.00000       1.2320000
      -3.8267708       1.0643541    0.0079118924      0.00000      0.00000       1.2280000
      -3.8054845       1.0268026    0.0077381214      0.00000      0.00000       1.2230000
      -3.7841999       1.0162754    0.0076316704      0.00000      0.00000       1.2190000
      -3.7629137       1.0123900    0.0074509744      0.00000      0.00000       1.2140000
      -3.7416330       1.0209917    0.0076474887      0.00000      0.00000       1.2100000
      -3.7203483       1.0559974    0.0077203539      0.00000      0.00000       1.2060000
      -3.6990596       1.0129291    0.0075857023      0.00000      0.00000       1.2010000
      -3.6777688       1.0399310    0.0078673500      0.00000      0.00000       1.1970000
      -3.6351994       1.0440932    0.0076256748      0.00000      0.00000       1.1890000
      -3.6139144       1.0288334    0.0074541805      0.00000      0.00000       1.1849999
      -3.5926299       1.0576755    0.0076738460      0.00000      0.00000       1.1810000
      -3.5713435      0.98453372    0.0074406772      0.00000      0.00000       1.1770000
      -3.5500550       1.0174966    0.0077504377      0.00000      0.00000       1.1730000
      -3.5287660       1.0232699    0.0077042200      0.00000      0.00000       1.1700000
      -3.5074870       1.0363965    0.0078444421      0.00000      0.00000       1.1660000
      -3.4862004       1.0334599    0.0076563097      0.00000      0.00000       1.1619999
      -3.4649138       1.0431631    0.0075646895      0.00000      0.00000       1.1590000
      -3.4436293       1.0085300    0.0076342269      0.00000      0.00000       1.1550000
      -3.4223535       1.0375446    0.0077315134      0.00000      0.00000       1.1520000
      -3.4010635       1.0390529    0.0075416746      0.00000      0.00000       1.1480000
      -3.3797848       1.0143938    0.0073621202      0.00000      0.00000       1.1450000
      -3.3584981       1.0133851    0.0073479584      0.00000      0.00000       1.1420000
      -3.3372108       1.0245588    0.0072924757      0.00000      0.00000       1.1390001
      -3.3159238       1.0099229    0.0071752969      0.00000      0.00000       1.1350000
      -3.2946643       1.0126496    0.0072694641      0.00000      0.00000       1.1320000
      -3.2733795       1.0562050    0.0078034747      0.00000      0.00000       1.1289999
      -3.2520884       1.0250746    0.0073914610      0.00000      0.00000       1.1260000
      -3.2307875       1.0263563    0.0075361210      0.00000      0.00000       1.1230000
      -3.2095167      0.99450859    0.0073925093      0.00000      0.00000       1.1200000
      -3.1882283       1.0347948    0.0075842469      0.00000      0.00000       1.1170000
      -3.1669402       1.0178647    0.0075841347      0.00000      0.00000       1.1140000
      -3.1456558       1.0253218    0.0074510621      0.00000      0.00000       1.1109999
      -3.1243688       1.0071344    0.0073733378      0.00000      0.00000       1.1090000
      -3.1030767       1.0021527    0.0074486552      0.00000      0.00000       1.1059999
      -3.0817351       1.0387247    0.0075677367      0.00000      0.00000       1.1030000
      -3.0604299       1.0201480    0.0073334163      0.00000      0.00000       1.1010000
      -3.0391400       1.0316423    0.0075586750      0.00000      0.00000       1.0980000
      -3.0178195      0.99138786    0.0074579772      0.00000      0.00000       1.0950000
      -2.9965365       1.0147083    0.0075852377      0.00000      0.00000       1.0930001
      -2.9752419       1.0149015    0.0075674163      0.00000      0.00000       1.0900000
      -2.9539556       1.0273236    0.0074242566      0.00000      0.00000       1.0880001
      -2.9326723       1.0389282    0.0076831086      0.00000      0.00000       1.0860000
      -2.9113919       1.0527288    0.0077531447      0.00000      0.00000       1.0829999
      -2.8901050       1.0284595    0.0076196688      0.00000      0.00000       1.0810000
      -2.8688100      0.98954308    0.0074383208      0.00000      0.00000       1.0790000
      -2.8475259       1.0169384    0.0075400560      0.00000      0.00000       1.0760000
      -2.8262412       1.0008597    0.0074220369      0.00000      0.00000       1.0740000
      -2.8049542       1.0171614    0.0075240519      0.00000      0.00000       1.0720000
      -2.7836670       1.0174788    0.0073655320      0.00000      0.00000       1.0700001
      -2.7623799       1.0149337    0.0074580777      0.00000      0.00000       1.0680000
      -2.7410997       1.0080047    0.0074467573      0.00000      0.00000       1.0660000
      -2.7198104       1.0322552    0.0075442693      0.00000      0.00000       1.0640000
      -2.6985222       1.0400742    0.0077223721      0.00000      0.00000       1.0620000
      -2.6772096       1.0088571    0.0074367404      0.00000      0.00000       1.0599999
      -2.6559244       1.0238153    0.0074707233      0.00000      0.00000       1.0580000
      -2.6346418       1.0312595    0.0075482897      0.00000      0.00000       1.0560000
      -2.6133788       1.0117322    0.0077225815      0.00000      0.00000       1.0549999
      -2.5920948       1.0293930    0.0077681680      0.00000      0.00000       1.0530000
      -2.5708120       1.0162994    0.0074548754      0.00000      0.00000       1.0510000
      -2.5494897       1.0475048    0.0075640027      0.00000      0.00000       1.0490000
      -2.5282015       1.0515247    0.0077949688      0.00000      0.00000       1.0480000
      -2.5069191       1.0046787    0.0074735506      0.00000      0.00000       1.0460000
      -2.4856354       1.0219891    0.0075116450      0.00000      0.00000       1.0440000
      -2.4643516       1.0247895    0.0076405363      0.00000      0.00000       1.0430000
      -2.4430683       1.0111159    0.0073832401      0.00000      0.00000       1.0410000
      -2.4217818       1.0247845    0.0075328026      0.00000      0.00000       1.0400000
      -2.4004989       1.0342629    0.0074604502      0.00000      0.00000       1.0380000
      -2.3792167       1.0090675    0.0074137504      0.00000      0.00000       1.0369999
      -2.3579327       1.0326637    0.0075305334      0.00000      0.00000       1.0360000
      -2.3366460      0.99971945    0.0073359289      0.00000      0.00000       1.0340000
      -2.3153603       1.0066761    0.0073719234      0.00000      0.00000       1.0330000
      -2.2940740       1.0362173    0.0075351364      0.00000      0.00000       1.0319999
      -2.2727892       1.0429582    0.0076490794      0.00000      0.00000       1.0300000
      -2.2515030       1.0137303    0.0073122303      0.00000      0.00000       1.0290000
      -2.2302154       1.0356280    0.0076055532      0.00000      0.00000       1.0280000
      -2.2089278       1.0246870    0.0074608423      0.00000      0.00000       1.0270000
      -2.1876383       1.0312627    0.0076156083      0.00000      0.00000       1.0260000
      -2.1663489       1.0101807    0.0075156484      0.00000      0.00000       1.0240000
      -2.1450635      0.98649324    0.0074476942      0.00000      0.00000       1.0230000
      -2.1237799       1.0274325    0.0075118488      0.00000      0.00000       1.0220000
      -2.1024884       1.0361668    0.0076107614      0.00000      0.00000       1.0210000
      -2.0811985       1.0267187    0.0076108732      0.00000      0.00000       1.0200000
      -2.0599118       1.0055420    0.0073655320      0.00000      0.00000       1.0190001
      -2.0386263       1.0231116    0.0074962231      0.00000      0.00000       1.0180000
      -2.0173329       1.0106118    0.0074167489      0.00000      0.00000       1.0180000
      -1.9960691      0.99475490    0.0073703487      0.00000      0.00000       1.0170000
      -1.9747869       1.0373032    0.0075744862      0.00000      0.00000       1.0160000
      -1.9534993       1.0316989    0.0077424215      0.00000      0.00000       1.0150000
      -1.9322144      0.99139281    0.0073107679      0.00000      0.00000       1.0140001
      -1.9109266       1.0313112    0.0076105081      0.00000      0.00000       1.0140001
      -1.8896425       1.0453892    0.0077875994      0.00000      0.00000       1.0130000
      -1.8683515       1.0105763    0.0074335310      0.00000      0.00000       1.0120000
      -1.8470625       1.0218356    0.0075310415      0.00000      0.00000       1.0120000
      -1.8257635       1.0105028    0.0074744328      0.00000      0.00000       1.0110000
      -1.8044778      0.99352454    0.0075066037      0.00000      0.00000       1.0100000
      -1.7832113      0.99076957    0.0074226309      0.00000      0.00000       1.0100000
      -1.7619204      0.99744110    0.0074183638      0.00000      0.00000       1.0089999
      -1.7406241       1.0105442    0.0074063135      0.00000      0.00000       1.0089999
      -1.7193345       1.0477809    0.0079469557      0.00000      0.00000       1.0080000
      -1.6980541       1.0282789    0.0080895546      0.00000      0.00000       1.0080000
      -1.6767681      0.99770420    0.0074408692      0.00000      0.00000       1.0070000
      -1.6554749       1.0137347    0.0075531729      0.00000      0.00000       1.0070000
      -1.6341845      0.98902883    0.0072428425      0.00000      0.00000       1.0070000
      -1.6128945      0.99838511    0.0074668615      0.00000      0.00000       1.0060000
      -1.5916034      0.99610953    0.0073741421      0.00000      0.00000       1.0060000
      -1.5703135      0.99225143    0.0074459699      0.00000      0.00000       1.0060000
      -1.5490272      0.99974717    0.0075042822      0.00000      0.00000       1.0060000
      -1.5277421      0.98862920    0.0073749743      0.00000      0.00000       1.0050000
      -1.5064534      0.98546723    0.0074674271      0.00000      0.00000       1.0050000
      -1.4851331      0.98758302    0.0073557094      0.00000      0.00000       1.0050000
      -1.4637620      0.99900949    0.0074698341      0.00000      0.00000       1.0050000
      -1.4424256       1.0060546    0.0075071000      0.00000      0.00000       1.0050000
      -1.4210700       1.0202460    0.0075620873      0.00000      0.00000       1.0050000
      -1.3997464      0.99844024    0.0074633719      0.00000      0.00000       1.0050000
      -1.3784496      0.97610739    0.0071865131      0.00000      0.00000       1.0050000
      -1.3571502      0.99387074    0.0072729735      0.00000      0.00000       1.0050000
      -1.3358176      0.98772643    0.0073551933      0.00000      0.00000       1.0050000
      -1.3144943       1.0242758    0.0073532180      0.00000      0.00000       1.0050000
      -1.2931982       1.0042676    0.0073173320      0.00000      0.00000       1.0050000
      -1.2718925       1.0157734    0.0074367757      0.00000      0.00000       1.0050000
      -1.2505543      0.95139649    0.0072739081      0.00000      0.00000       1.0050000
      -1.2292571      0.95894096    0.0073047279      0.00000      0.00000       1.0060000
      -1.2079121      0.98597875    0.0077022372      0.00000      0.00000       1.0060000
      -1.1864119      0.99255819    0.0074040991      0.00000      0.00000       1.0060000
      -1.1648556      0.96840888    0.0071629763      0.00000      0.00000       1.0060000
      -1.1432757      0.98072279    0.0072921818      0.00000      0.00000       1.0070000
      -1.1217138      0.98563975    0.0076129240      0.00000      0.00000       1.0070000
      -1.1001447      0.98243116    0.0074254270      0.00000      0.00000       1.0070000
      -1.0786917      0.98605768    0.0078022415      0.00000      0.00000       1.0080000
      -1.0572883      0.99637541    0.0075420223      0.00000      0.00000       1.0080000
      -1.0359918      0.99033618    0.0073871930      0.00000      0.00000       1.0089999
      -1.0146990      0.95056003    0.0072599618      0.00000      0.00000       1.0089999
     -0.99341132      0.99062138    0.0076115375      0.00000      0.00000       1.0100000
     -0.97212387      0.99467652    0.0074852989      0.00000      0.00000       1.0100000
     -0.95083896       1.0054958    0.0074468710      0.00000      0.00000       1.0110000
     -0.92955304      0.97953729    0.0074245118      0.00000      0.00000       1.0110000
     -0.90826621       1.0223571    0.0075623543      0.00000      0.00000       1.0120000
     -0.88698229      0.98656268    0.0075131811      0.00000      0.00000       1.0130000
     -0.86567354      0.97277338    0.0073557443      0.00000      0.00000       1.0130000
     -0.84438941      0.99285155    0.0073052138      0.00000      0.00000       1.0140001
     -0.82310593      0.98834696    0.0073010939      0.00000      0.00000       1.0150000
     -0.80182615      0.98403162    0.0072988828      0.00000      0.00000       1.0160000
     -0.78054763      0.97214355    0.0072732443      0.00000      0.00000       1.0160000
     -0.75925862      0.97797482    0.0074211278      0.00000      0.00000       1.0170000
     -0.73797115      0.98236298    0.0073852923      0.00000      0.00000       1.0180000
     -0.71670296      0.99506202    0.0074196182      0.00000      0.00000       1.0190001
     -0.69542237      0.96236464    0.0072101644      0.00000      0.00000       1.0200000
     -0.67411321      0.99821476    0.0073871260      0.00000      0.00000       1.0210000
     -0.65283032       1.0250675    0.0075005454      0.00000      0.00000       1.0220000
     -0.63155042      0.96856106    0.0072628174      0.00000      0.00000       1.0230000
     -0.61026839      0.94213080    0.0072290298      0.00000      0.00000       1.0240000
     -0.58898444      0.98314045    0.0073735076      0.00000      0.00000       1.0250000
     -0.56766572       1.0057506    0.0075350921      0.00000      0.00000       1.0260000
     -0.54637922      0.96592957    0.0073661085      0.00000      0.00000       1.0270000
     -0.52509350      0.96340255    0.0072793272      0.00000      0.00000       1.0290000
     -0.50380809      0.97855736    0.0074933288      0.00000      0.00000       1.0300000
     -0.48252201      0.99459826    0.0075471933      0.00000      0.00000       1.0310000
     -0.46121979      0.98954845    0.0074549646      0.00000      0.00000       1.0319999
     -0.43993957      0.95797110    0.0072148679      0.00000      0.00000       1.0340000
     -0.41866070      0.97561790    0.0072034555      0.00000      0.00000       1.0350000
     -0.39737700       1.0091313    0.0074575012      0.00000      0.00000       1.0360000
     -0.37609053      0.96288335    0.0074291233      0.00000      0.00000       1.0380000
     -0.35480246      0.97559484    0.0072865811      0.00000      0.00000       1.0390000
     -0.33352101      0.97761933    0.0072331209      0.00000      0.00000       1.0410000
     -0.31223339       1.0180539    0.0075625963      0.00000      0.00000       1.0420001
     -0.29094817      0.98406719    0.0075601682      0.00000      0.00000       1.0440000
     -0.26966213       1.0017102    0.0076845466      0.00000      0.00000       1.0450000
     -0.24837996      0.96183017    0.0072608072      0.00000      0.00000       1.0470001
     -0.22709475      0.97326184    0.0073978077      0.00000      0.00000       1.0490000
     -0.20581328      0.98958432    0.0074593100      0.00000      0.00000       1.0500000
     -0.18454986      0.96973296    0.0074312547      0.00000      0.00000       1.0520000
     -0.16326788      0.99977549    0.0074827396      0.00000      0.00000       1.0540000
     -0.14198078      0.97265738    0.0073494369      0.00000      0.00000       1.0560000
     -0.12069470      0.99707057    0.0074755212      0.00000      0.00000       1.0570000
    -0.099403773      0.96677563    0.0073195983      0.00000      0.00000       1.0590000
    -0.078121606      0.98595466    0.0073367488      0.00000      0.00000       1.0610000
    -0.056835741       1.0104918    0.0075038982      0.00000      0.00000       1.0630000
    -0.035551451       1.0288845    0.0076411062      0.00000      0.00000       1.0650001
    -0.014262501      0.96958308    0.0071857767      0.00000      0.00000       1.0670000
    0.0070317909      0.97637007    0.0072569204      0.00000      0.00000       1.0690000
     0.028319634      0.97624561    0.0077976753      0.00000      0.00000       1.0710000
     0.049611636       1.0070299    0.0075798270      0.00000      0.00000       1.0730000
     0.070890438      0.98325735    0.0074435536      0.00000      0.00000       1.0760000
     0.092175856      0.99735885    0.0076366744      0.00000      0.00000       1.0779999
      0.11345667      0.96421323    0.0075095065      0.00000      0.00000       1.0800000
      0.13474718       1.0054441    0.0076484487      0.00000      0.00000       1.0820000
      0.15603294      0.99794622    0.0074137580      0.00000      0.00000       1.0850000
      0.17732018      0.98750669    0.0073359289      0.00000      0.00000       1.0870000
      0.19860030      0.99451988    0.0075128706      0.00000      0.00000       1.0890000
      0.21991114      0.95713494    0.0072778355      0.00000      0.00000       1.0920000
      0.24119604       1.0106784    0.0074236004      0.00000      0.00000       1.0940000
      0.26248111      0.99352213    0.0075378226      0.00000      0.00000       1.0970000
      0.28376437      0.99426584    0.0074296918      0.00000      0.00000       1.1000000
      0.30505269       1.0264983    0.0076355460      0.00000      0.00000       1.1020000
      0.32633759      0.99706369    0.0074104325      0.00000      0.00000       1.1050000
      0.34762360      0.99708476    0.0074279906      0.00000      0.00000       1.1080000
      0.36890593      0.99355166    0.0074970722      0.00000      0.00000       1.1100000
      0.39019101      0.98693188    0.0075980408      0.00000      0.00000       1.1130000
      0.41147520       1.0241913    0.0081367941      0.00000      0.00000       1.1160001
      0.43276212      0.99880992    0.0075671871      0.00000      0.00000       1.1190000
      0.45407556      0.96644200    0.0075042143      0.00000      0.00000       1.1220000
      0.47536588       1.0000024    0.0075158168      0.00000      0.00000       1.1250000
      0.49665185      0.99202964    0.0074853796      0.00000      0.00000       1.1280000
      0.51793963      0.96235136    0.0074740271      0.00000      0.00000       1.1310000
      0.53922379       1.0004534    0.0074503054      0.00000      0.00000       1.1339999
      0.56051090      0.98394635    0.0073348080      0.00000      0.00000       1.1370000
      0.58182743       1.0015823    0.0077139034      0.00000      0.00000       1.1400000
      0.60311656       1.0164535    0.0079002021      0.00000      0.00000       1.1440001
      0.62439974       1.0240540    0.0078375884      0.00000      0.00000       1.1470000
      0.64568509       1.0128545    0.0078893398      0.00000      0.00000       1.1500000
      0.66694215      0.97383079    0.0075330041      0.00000      0.00000       1.1540000
      0.68823010       1.0363062    0.0081500506      0.00000      0.00000       1.1569999
      0.70951850       1.0197777    0.0078916628      0.00000      0.00000       1.1610000
      0.73080416       1.0113490    0.0077900413      0.00000      0.00000       1.1650000
      0.75209593       1.0121309    0.0077503891      0.00000      0.00000       1.1680000
      0.77338417       1.0150061    0.0078432934      0.00000      0.00000       1.1720001
      0.79466857      0.99437453    0.0076385162      0.00000      0.00000       1.1760000
      0.81595929       1.0232938    0.0077500056      0.00000      0.00000       1.1799999
      0.83724816      0.98962116    0.0078187608      0.00000      0.00000       1.1830000
      0.85853855       1.0275172    0.0079969192      0.00000      0.00000       1.1870000
      0.87982589       1.0218918    0.0081882209      0.00000      0.00000       1.1910000
      0.90109129      0.98688997    0.0080330619      0.00000      0.00000       1.1950001
      0.92238396       1.0113360    0.0087198864      0.00000      0.00000       1.2000000
      0.94367310      0.99603967    0.0081224883      0.00000      0.00000       1.2040000
      0.96495920       1.0114539    0.0079215909      0.00000      0.00000       1.2079999
      0.98624663       1.0156204    0.0080025870      0.00000      0.00000       1.2120000
       1.0075327      0.98019091    0.0078438930      0.00000      0.00000       1.2170000
       1.0288198      0.99631491    0.0078619120      0.00000      0.00000       1.2210000
       1.0501104      0.99951734    0.0079576261      0.00000      0.00000       1.2260000
       1.0713952       1.0219818    0.0082142434      0.00000      0.00000       1.2300000
       1.0926827       1.0081628    0.0079720743      0.00000      0.00000       1.2350000
       1.1139714      0.98646649    0.0080259562      0.00000      0.00000       1.2400000
       1.1352604      0.98644910    0.0080933324      0.00000      0.00000       1.2440000
       1.1565445      0.96315237    0.0078470514      0.00000      0.00000       1.2490000
       1.1778304      0.96444004    0.0079492315      0.00000      0.00000       1.2539999
       1.1991148      0.97615032    0.0081501101      0.00000      0.00000       1.2589999
       1.2204035      0.98460021    0.0079939792      0.00000      0.00000       1.2640001
       1.2416932      0.98278574    0.0082702445      0.00000      0.00000       1.2700000
       1.2629996      0.99792738    0.0088438308      0.00000      0.00000       1.2750000
       1.2842866       1.0372958    0.0093076285      0.00000      0.00000       1.2800000
       1.3055758       1.0027482    0.0094927228      0.00000      0.00000       1.2850000
       1.3268633       1.0068694    0.0087345007      0.00000      0.00000       1.2910000
       1.3481439       1.0200130    0.0082548461      0.00000      0.00000       1.2970001
       1.3694396       1.0202917    0.0086246035      0.00000      0.00000       1.3020000
       1.3907259      0.99831017    0.0093518308      0.00000      0.00000       1.3080000
       1.4120099       1.0018856    0.0089026247      0.00000      0.00000       1.3140000
       1.4332928       1.0154943    0.0092649773      0.00000      0.00000       1.3200001
       1.4545817      0.97331588    0.0090239942      0.00000      0.00000       1.3260000
       1.4758677      0.99662348    0.0088900183      0.00000      0.00000       1.3320000
       1.4971568      0.96794802    0.0085191296      0.00000      0.00000       1.3380001
       1.5184443      0.97331872    0.0084875300      0.00000      0.00000       1.3440000
       1.5610209      0.98788591    0.0081594330      0.00000      0.00000       1.3570000
       1.5823297      0.98030649    0.0085908300      0.00000      0.00000       1.3640000
       1.6036168      0.97807524    0.0082172240      0.00000      0.00000       1.3700000
       1.6248999       1.0171756    0.0084398036      0.00000      0.00000       1.3770000
       1.6461870      0.97064659    0.0079404973      0.00000      0.00000       1.3839999
       1.6674712       1.0221447    0.0082384562      0.00000      0.00000       1.3910000
       1.6887611       1.0297547    0.0086527348      0.00000      0.00000       1.3980000
       1.7100477       1.0283052    0.0082467016      0.00000      0.00000       1.4050000
       1.7313302      0.98154657    0.0086750359      0.00000      0.00000       1.4130000
       1.7526195      0.99862526    0.0083948691      0.00000      0.00000       1.4200000
       1.7739096      0.96999153    0.0082459959      0.00000      0.00000       1.4280000
       1.7951940       1.0000000    0.0083195862      0.00000      0.00000       1.4349999
       1.8164771       1.0030515    0.0088436968      0.00000      0.00000       1.4430000
       1.8377657      0.99946903    0.0085213337      0.00000      0.00000       1.4510000
       1.8590505       1.0106314    0.0085745919      0.00000      0.00000       1.4590000
       1.8803402      0.97930874    0.0081742332      0.00000      0.00000       1.4670000
       1.9016242      0.97174688    0.0082131951      0.00000      0.00000       1.4760000
       1.9229171      0.97318853    0.0081919205      0.00000      0.00000       1.4840000
       1.9442026      0.98312740    0.0081501827      0.00000      0.00000       1.4930000
       1.9654895      0.98194457    0.0082257686      0.00000      0.00000       1.5020000
       1.9867744      0.97501254    0.0085497263      0.00000      0.00000       1.5110000
       2.0080604      0.97035149    0.0080868891      0.00000      0.00000       1.5200000
       2.0293426      0.97987920    0.0081099083      0.00000      0.00000       1.5290000
       2.0506265       1.0232124    0.0083452227      0.00000      0.00000       1.5380000
       2.0719079      0.97136331    0.0082409744      0.00000      0.00000       1.5480000
       2.0931978      0.98409146    0.0084939582      0.00000      0.00000       1.5570000
       2.1144856      0.98718387    0.0085870720      0.00000      0.00000       1.5670000
       2.1357764       1.0192930    0.0086867139      0.00000      0.00000       1.5770000
       2.1570659      0.96759519    0.0085171520      0.00000      0.00000       1.5870000
       2.1783537       1.0075997    0.0086590847      0.00000      0.00000       1.5970000
       2.1996406      0.95748995    0.0084327111      0.00000      0.00000       1.6080000
       2.2209243      0.98400300    0.0085566593      0.00000      0.00000       1.6190000
       2.2422080      0.96959896    0.0087132733      0.00000      0.00000       1.6300000
       2.2634933      0.97909962    0.0085532664      0.00000      0.00000       1.6410000
       2.2847803      0.96612504    0.0083112690      0.00000      0.00000       1.6520000
       2.3060650      0.96770986    0.0086300062      0.00000      0.00000       1.6630000
       2.3273491      0.97496501    0.0087259797      0.00000      0.00000       1.6750000
       2.3486363      0.99517030    0.0087603703      0.00000      0.00000       1.6870000
       2.3699216      0.97330296    0.0086998827      0.00000      0.00000       1.6990000
       2.3912100      0.96005272    0.0087983548      0.00000      0.00000       1.7110000
       2.4124989      0.97228836    0.0086935432      0.00000      0.00000       1.7240000
       2.4337846      0.96068344    0.0087345781      0.00000      0.00000       1.7370000
       2.4550720      0.96706482    0.0090581235      0.00000      0.00000       1.7500000
       2.4763804      0.98313882    0.0092157923      0.00000      0.00000       1.7630000
       2.4976665      0.98271086     0.010088456      0.00000      0.00000       1.7760000
       2.5189524       1.0158991     0.010188308      0.00000      0.00000       1.7900000
       2.5402373      0.99822424    0.0097673067      0.00000      0.00000       1.8040000
       2.5615239      0.97335115    0.0094414308      0.00000      0.00000       1.8180000
       2.5828096      0.99163447    0.0093253224      0.00000      0.00000       1.8329999
       2.6040757       1.0086260    0.0097239102      0.00000      0.00000       1.8480000
       2.6253590      0.97671656    0.0094139233      0.00000      0.00000       1.8630000
       2.6466481      0.92318335     0.010249570      0.00000      0.00000       1.8780000
       2.6679351      0.97726698    0.0099824599      0.00000      0.00000       1.8940001
       2.6893067      0.96760237    0.0095718082      0.00000      0.00000       1.9100000
       2.7106012      0.92698269    0.0093259102      0.00000      0.00000       1.9270000
       2.7318859      0.91008437    0.0092846989      0.00000      0.00000       1.9430000
       2.7531718      0.97199048    0.0099618259      0.00000      0.00000       1.9600000
       2.7744564      0.94927122     0.010004960      0.00000      0.00000       1.9780000
       2.7957372      0.98477436    0.0098367898      0.00000      0.00000       1.9960001
       2.8170511      0.96285908    0.0098666515      0.00000      0.00000       2.0139999
       2.8383384      0.95581896     0.010095916      0.00000      0.00000       2.0320001
       2.8596192      0.98513233     0.010163126      0.00000      0.00000       2.0510001
       2.8809043      0.97236360     0.010255127      0.00000      0.00000       2.0699999
       2.9021905      0.94273230    0.0099472899      0.00000      0.00000       2.0899999
       2.9234769      0.97466176     0.010120969      0.00000      0.00000       2.1099999
       2.9447625      0.97110232     0.010024732      0.00000      0.00000       2.1310000
       2.9660517      0.92371656     0.010528989      0.00000      0.00000       2.1520000
