#JD -  2457565 (hr) Flux  Fl_err  Model_fl   Residual for 1.02um (%)
      -4.5079613      0.98285431    0.0029092430      0.00000      0.00000
      -4.4866787      0.98241787    0.0028868665      0.00000      0.00000
      -4.4653956      0.96987779    0.0028315542      0.00000      0.00000
      -4.4441073      0.98617464    0.0028841376      0.00000      0.00000
      -4.4228128      0.99990211    0.0029107236      0.00000      0.00000
      -4.4015156      0.98559172    0.0028143558      0.00000      0.00000
      -4.3802279      0.97726225    0.0028147089      0.00000      0.00000
      -4.3589434      0.99004861    0.0028535194      0.00000      0.00000
      -4.3376587      0.98967029    0.0028638647      0.00000      0.00000
      -4.3163706      0.98726150    0.0028999079      0.00000      0.00000
      -4.2950823      0.97451038    0.0029783647      0.00000      0.00000
      -4.2737971      0.98613207    0.0030022695      0.00000      0.00000
      -4.2525150      0.99564783    0.0029915927      0.00000      0.00000
      -4.2312308      0.98303702    0.0028577403      0.00000      0.00000
      -4.2099406      0.97945434    0.0028526318      0.00000      0.00000
      -4.1886509      0.98896341    0.0027961979      0.00000      0.00000
      -4.1673621      0.99191754    0.0027975601      0.00000      0.00000
      -4.1460789      0.99681224    0.0027669563      0.00000      0.00000
      -4.1247933      0.99633148    0.0027581965      0.00000      0.00000
      -4.1035074      0.99601145    0.0027862700      0.00000      0.00000
      -4.0822223       1.0020285    0.0027817674      0.00000      0.00000
      -4.0609334       1.0099396    0.0027791059      0.00000      0.00000
      -4.0396478      0.99552580    0.0027620598      0.00000      0.00000
      -4.0183600       1.0027655    0.0027904151      0.00000      0.00000
      -3.9970688       1.0020382    0.0027637040      0.00000      0.00000
      -3.9757763      0.99423303    0.0027990635      0.00000      0.00000
      -3.9544877       1.0088587    0.0027871923      0.00000      0.00000
      -3.9332025      0.99868135    0.0027581524      0.00000      0.00000
      -3.9119164      0.99960640    0.0027443121      0.00000      0.00000
      -3.8906290       1.0216682    0.0028760385      0.00000      0.00000
      -3.8693396      0.99122466    0.0028278524      0.00000      0.00000
      -3.8480549       1.0077146    0.0029405613      0.00000      0.00000
      -3.8267708       1.0066479    0.0028380338      0.00000      0.00000
      -3.8054845       1.0146955    0.0028643873      0.00000      0.00000
      -3.7841999      0.99752863    0.0028152872      0.00000      0.00000
      -3.7629137       1.0027737    0.0028024785      0.00000      0.00000
      -3.7416330       1.0067084    0.0028192412      0.00000      0.00000
      -3.7203483       1.0063908    0.0028061318      0.00000      0.00000
      -3.6990596       1.0186830    0.0028526293      0.00000      0.00000
      -3.6777688       1.0157449    0.0028572401      0.00000      0.00000
      -3.6564842       1.0337461    0.0044764796      0.00000      0.00000
      -3.6351994       1.0092379    0.0028163204      0.00000      0.00000
      -3.6139144       1.0114389    0.0027707242      0.00000      0.00000
      -3.5926299       1.0114945    0.0027974993      0.00000      0.00000
      -3.5713435      0.98224681    0.0027392760      0.00000      0.00000
      -3.5500550       1.0124368    0.0028826381      0.00000      0.00000
      -3.5287660       1.0075360    0.0028596966      0.00000      0.00000
      -3.5074870       1.0096048    0.0028901123      0.00000      0.00000
      -3.4862004      0.99959533    0.0028194859      0.00000      0.00000
      -3.4649138       1.0157655    0.0027781981      0.00000      0.00000
      -3.4436293       1.0055302    0.0028459989      0.00000      0.00000
      -3.4223535       1.0090724    0.0028753426      0.00000      0.00000
      -3.4010635       1.0170856    0.0028197777      0.00000      0.00000
      -3.3797848       1.0108639    0.0028091170      0.00000      0.00000
      -3.3584981       1.0067688    0.0027789312      0.00000      0.00000
      -3.3372108       1.0071889    0.0027519666      0.00000      0.00000
      -3.3159238       1.0064857    0.0027185968      0.00000      0.00000
      -3.2946643       1.0083701    0.0027612027      0.00000      0.00000
      -3.2733795       1.0194079    0.0028036732      0.00000      0.00000
      -3.2520884       1.0016781    0.0027461755      0.00000      0.00000
      -3.2307875       1.0193794    0.0028175819      0.00000      0.00000
      -3.2095167      0.99556175    0.0027708759      0.00000      0.00000
      -3.1882283       1.0143109    0.0028257163      0.00000      0.00000
      -3.1669402       1.0067169    0.0028179436      0.00000      0.00000
      -3.1456558       1.0005729    0.0028322269      0.00000      0.00000
      -3.1243688       1.0108792    0.0027807735      0.00000      0.00000
      -3.1030767      0.99398764    0.0027743509      0.00000      0.00000
      -3.0817351       1.0080828    0.0027993522      0.00000      0.00000
      -3.0604299       1.0140982    0.0028227872      0.00000      0.00000
      -3.0391400       1.0058874    0.0027941145      0.00000      0.00000
      -3.0178195      0.99701542    0.0028002664      0.00000      0.00000
      -2.9965365       1.0145388    0.0028214267      0.00000      0.00000
      -2.9752419       1.0119563    0.0028229683      0.00000      0.00000
      -2.9539556       1.0059663    0.0027925293      0.00000      0.00000
      -2.9326723       1.0045899    0.0027900135      0.00000      0.00000
      -2.9113919       1.0092179    0.0028147458      0.00000      0.00000
      -2.8901050       1.0040656    0.0028113227      0.00000      0.00000
      -2.8688100       1.0035782    0.0028381372      0.00000      0.00000
      -2.8475259      0.99368663    0.0027776625      0.00000      0.00000
      -2.8262412      0.99432685    0.0028176116      0.00000      0.00000
      -2.8049542      0.99775773    0.0027968530      0.00000      0.00000
      -2.7836670       1.0078827    0.0027746022      0.00000      0.00000
      -2.7623799       1.0024564    0.0027992754      0.00000      0.00000
      -2.7410997       1.0002933    0.0028023016      0.00000      0.00000
      -2.7198104       1.0127220    0.0028496578      0.00000      0.00000
      -2.6985222       1.0144718    0.0028630778      0.00000      0.00000
      -2.6772096      0.99350581    0.0027599697      0.00000      0.00000
      -2.6559244       1.0054187    0.0027870897      0.00000      0.00000
      -2.6346418       1.0092428    0.0028175426      0.00000      0.00000
      -2.6133788      0.99953811    0.0028469753      0.00000      0.00000
      -2.5920948       1.0038002    0.0028665151      0.00000      0.00000
      -2.5708120       1.0063243    0.0028008209      0.00000      0.00000
      -2.5494897       1.0070373    0.0027909704      0.00000      0.00000
      -2.5282015       1.0041202    0.0028427339      0.00000      0.00000
      -2.5069191       1.0022025    0.0028333311      0.00000      0.00000
      -2.4856354      0.99815842    0.0028469708      0.00000      0.00000
      -2.4643516       1.0025646    0.0028049841      0.00000      0.00000
      -2.4430683       1.0073172    0.0027861294      0.00000      0.00000
      -2.4217818       1.0061767    0.0027901036      0.00000      0.00000
      -2.4004989       1.0081609    0.0027921637      0.00000      0.00000
      -2.3792167       1.0079023    0.0027971740      0.00000      0.00000
      -2.3579327       1.0033029    0.0028178477      0.00000      0.00000
      -2.3366460       1.0045719    0.0027841436      0.00000      0.00000
      -2.3153603       1.0085038    0.0027787631      0.00000      0.00000
      -2.2940740       1.0120158    0.0028199912      0.00000      0.00000
      -2.2727892       1.0045093    0.0028029589      0.00000      0.00000
      -2.2515030       1.0072789    0.0027950301      0.00000      0.00000
      -2.2302154       1.0163698    0.0028093641      0.00000      0.00000
      -2.2089278       1.0115508    0.0028002498      0.00000      0.00000
      -2.1876383       1.0110903    0.0028033561      0.00000      0.00000
      -2.1663489       1.0122026    0.0028368200      0.00000      0.00000
      -2.1450635       1.0070727    0.0028464879      0.00000      0.00000
      -2.1237799       1.0007378    0.0027960095      0.00000      0.00000
      -2.1024884       1.0083455    0.0027918583      0.00000      0.00000
      -2.0811985       1.0037057    0.0028087500      0.00000      0.00000
      -2.0599118       1.0016070    0.0028123110      0.00000      0.00000
      -2.0386263       1.0090046    0.0028147852      0.00000      0.00000
      -2.0173329       1.0068125    0.0028026549      0.00000      0.00000
      -1.9960691       1.0052517    0.0028183087      0.00000      0.00000
      -1.9747869       1.0077591    0.0028027270      0.00000      0.00000
      -1.9534993       1.0107710    0.0028684445      0.00000      0.00000
      -1.9322144       1.0047591    0.0027926339      0.00000      0.00000
      -1.9109266       1.0007694    0.0028203679      0.00000      0.00000
      -1.8896425       1.0096123    0.0028732811      0.00000      0.00000
      -1.8683515       1.0083432    0.0028064775      0.00000      0.00000
      -1.8470625       1.0080243    0.0028025656      0.00000      0.00000
      -1.8257635       1.0017730    0.0028200115      0.00000      0.00000
      -1.8044778      0.99234061    0.0027796357      0.00000      0.00000
      -1.7832113       1.0016516    0.0028378241      0.00000      0.00000
      -1.7619204       1.0036189    0.0027884530      0.00000      0.00000
      -1.7406241       1.0039150    0.0027734519      0.00000      0.00000
      -1.7193345       1.0294374    0.0029974784      0.00000      0.00000
      -1.6980541       1.0144700    0.0029509876      0.00000      0.00000
      -1.6767681       1.0108857    0.0028247482      0.00000      0.00000
      -1.6554749      0.99634993    0.0027880014      0.00000      0.00000
      -1.6341845      0.99660138    0.0027485313      0.00000      0.00000
      -1.6128945       1.0007363    0.0027872522      0.00000      0.00000
      -1.5916034      0.99123375    0.0027450677      0.00000      0.00000
      -1.5703135       1.0002082    0.0027613949      0.00000      0.00000
      -1.5490272       1.0041996    0.0028182180      0.00000      0.00000
      -1.5277421       1.0043488    0.0028195577      0.00000      0.00000
      -1.5064534      0.99649311    0.0027975917      0.00000      0.00000
      -1.4851331      0.99376386    0.0027670129      0.00000      0.00000
      -1.4637620      0.99829653    0.0027972172      0.00000      0.00000
      -1.4424256       1.0075462    0.0028002054      0.00000      0.00000
      -1.4210700      0.99453045    0.0027933326      0.00000      0.00000
      -1.3997464      0.99745179    0.0027608679      0.00000      0.00000
      -1.3784496       1.0007552    0.0027307684      0.00000      0.00000
      -1.3571502      0.98950061    0.0027242628      0.00000      0.00000
      -1.3358176      0.99137336    0.0027513955      0.00000      0.00000
      -1.3144943      0.99480538    0.0027284129      0.00000      0.00000
      -1.2931982      0.99034461    0.0027219758      0.00000      0.00000
      -1.2718925      0.98869465    0.0027442242      0.00000      0.00000
      -1.2505543      0.99026037    0.0027656859      0.00000      0.00000
      -1.2292571      0.98281017    0.0027434675      0.00000      0.00000
      -1.2079121      0.99679617    0.0028493019      0.00000      0.00000
      -1.1864119      0.99161485    0.0027516953      0.00000      0.00000
      -1.1648556      0.98345099    0.0027411661      0.00000      0.00000
      -1.1432757      0.99662375    0.0027611502      0.00000      0.00000
      -1.1217138      0.99814665    0.0027844599      0.00000      0.00000
      -1.1001447      0.98424671    0.0027567280      0.00000      0.00000
      -1.0786917      0.99256407    0.0028916925      0.00000      0.00000
      -1.0572883      0.99043409    0.0028101974      0.00000      0.00000
      -1.0359918      0.98907132    0.0027907574      0.00000      0.00000
      -1.0146990      0.98254634    0.0027570919      0.00000      0.00000
     -0.99341132      0.99350896    0.0027929218      0.00000      0.00000
     -0.97212387      0.99268907    0.0027709303      0.00000      0.00000
     -0.95083896      0.99393755    0.0027868392      0.00000      0.00000
     -0.92955304      0.98983876    0.0027702976      0.00000      0.00000
     -0.90826621      0.98830908    0.0027534228      0.00000      0.00000
     -0.88698229      0.98308522    0.0027369902      0.00000      0.00000
     -0.86567354      0.98368354    0.0027467905      0.00000      0.00000
     -0.84438941      0.97860685    0.0027281582      0.00000      0.00000
     -0.82310593      0.98845501    0.0027504527      0.00000      0.00000
     -0.80182615      0.98775048    0.0027340833      0.00000      0.00000
     -0.78054763      0.99215825    0.0027522689      0.00000      0.00000
     -0.75925862      0.99446133    0.0027758886      0.00000      0.00000
     -0.73797115      0.97742324    0.0027449024      0.00000      0.00000
     -0.71670296      0.98240767    0.0027391063      0.00000      0.00000
     -0.69542237      0.98395766    0.0027179416      0.00000      0.00000
     -0.67411321      0.98480603    0.0027411067      0.00000      0.00000
     -0.65283032      0.98574449    0.0027453681      0.00000      0.00000
     -0.63155042      0.97424236    0.0027246802      0.00000      0.00000
     -0.61026839      0.96539926    0.0027228737      0.00000      0.00000
     -0.58898444      0.97398266    0.0027239746      0.00000      0.00000
     -0.56766572      0.98350790    0.0027638355      0.00000      0.00000
     -0.54637922      0.98508119    0.0027283868      0.00000      0.00000
     -0.52509350      0.97966243    0.0027477957      0.00000      0.00000
     -0.50380809      0.98360060    0.0027474123      0.00000      0.00000
     -0.48252201      0.97818105    0.0027367683      0.00000      0.00000
     -0.46121979      0.98723440    0.0027524528      0.00000      0.00000
     -0.43993957      0.98495856    0.0027126976      0.00000      0.00000
     -0.41866070      0.97990712    0.0026933111      0.00000      0.00000
     -0.39737700      0.98846691    0.0027537393      0.00000      0.00000
     -0.37609053      0.97434434    0.0027260108      0.00000      0.00000
     -0.35480246      0.97202679    0.0026620442      0.00000      0.00000
     -0.33352101      0.97626454    0.0026543256      0.00000      0.00000
     -0.31223339      0.98950535    0.0027183635      0.00000      0.00000
     -0.29094817      0.98368356    0.0027528658      0.00000      0.00000
     -0.26966213      0.99550102    0.0027956958      0.00000      0.00000
     -0.24837996      0.98712948    0.0027242020      0.00000      0.00000
     -0.22709475      0.97825146    0.0027119481      0.00000      0.00000
     -0.20581328      0.98829681    0.0027293443      0.00000      0.00000
     -0.18454986      0.98180959    0.0027312224      0.00000      0.00000
     -0.16326788      0.98057550    0.0027118543      0.00000      0.00000
     -0.14198078      0.98319068    0.0027014630      0.00000      0.00000
     -0.12069470      0.99016906    0.0027304208      0.00000      0.00000
    -0.099403773      0.98592290    0.0027055992      0.00000      0.00000
    -0.078121606      0.99232240    0.0027244175      0.00000      0.00000
    -0.056835741       1.0003256    0.0027246467      0.00000      0.00000
    -0.035551451       1.0096370    0.0027925654      0.00000      0.00000
    -0.014262501      0.99786213    0.0027113317      0.00000      0.00000
    0.0070317909      0.98818590    0.0027260646      0.00000      0.00000
     0.028319634      0.99050954    0.0027644413      0.00000      0.00000
     0.049611636       1.0040555    0.0027868880      0.00000      0.00000
     0.070890438      0.99563971    0.0027815338      0.00000      0.00000
     0.092175856      0.99495112    0.0027601902      0.00000      0.00000
      0.11345667      0.98720429    0.0027493404      0.00000      0.00000
      0.13474718      0.98996069    0.0027243485      0.00000      0.00000
      0.15603294      0.99137866    0.0027046387      0.00000      0.00000
      0.17732018      0.99518043    0.0027079505      0.00000      0.00000
      0.19860030       1.0059238    0.0027720714      0.00000      0.00000
      0.21991114      0.98899331    0.0026994589      0.00000      0.00000
      0.24119604      0.99718950    0.0027085461      0.00000      0.00000
      0.26248111       1.0015088    0.0027351423      0.00000      0.00000
      0.28376437       1.0037726    0.0027228886      0.00000      0.00000
      0.30505269       1.0030589    0.0027556601      0.00000      0.00000
      0.32633759      0.99979142    0.0027238961      0.00000      0.00000
      0.34762360       1.0044897    0.0027371408      0.00000      0.00000
      0.36890593       1.0021271    0.0027350746      0.00000      0.00000
      0.39019101       1.0012586    0.0027445309      0.00000      0.00000
      0.41147520       1.0039704    0.0029170070      0.00000      0.00000
      0.43276212       1.0052914    0.0027530447      0.00000      0.00000
      0.45407556      0.99594950    0.0027666953      0.00000      0.00000
      0.47536588       1.0069410    0.0027865801      0.00000      0.00000
      0.49665185       1.0036643    0.0027549928      0.00000      0.00000
      0.51793963       1.0022823    0.0027469394      0.00000      0.00000
      0.53922379       1.0082787    0.0027352508      0.00000      0.00000
      0.56051090       1.0019018    0.0027500560      0.00000      0.00000
      0.58182743       1.0127455    0.0027760839      0.00000      0.00000
      0.60311656       1.0087204    0.0028529641      0.00000      0.00000
      0.62439974       1.0154842    0.0028184673      0.00000      0.00000
      0.64568509       1.0143296    0.0028230751      0.00000      0.00000
      0.66694215       1.0042441    0.0027743256      0.00000      0.00000
      0.68823010       1.0229313    0.0028525888      0.00000      0.00000
      0.70951850       1.0191127    0.0028550752      0.00000      0.00000
      0.73080416       1.0110924    0.0027934957      0.00000      0.00000
      0.75209593       1.0107152    0.0028051807      0.00000      0.00000
      0.77338417       1.0138312    0.0028036072      0.00000      0.00000
      0.79466857       1.0022811    0.0027735806      0.00000      0.00000
      0.81595929       1.0149186    0.0027771116      0.00000      0.00000
      0.83724816       1.0152338    0.0028549363      0.00000      0.00000
      0.85853855       1.0097259    0.0028269678      0.00000      0.00000
      0.87982589       1.0159325    0.0028870223      0.00000      0.00000
      0.90109129       1.0108426    0.0028863994      0.00000      0.00000
      0.92238396       1.0088654    0.0030442424      0.00000      0.00000
      0.94367310      0.99881629    0.0028995226      0.00000      0.00000
      0.96495920       1.0151775    0.0028336911      0.00000      0.00000
      0.98624663       1.0053005    0.0028392795      0.00000      0.00000
       1.0075327      0.99779389    0.0028125093      0.00000      0.00000
       1.0288198       1.0088380    0.0028410275      0.00000      0.00000
       1.0501104       1.0042849    0.0028403621      0.00000      0.00000
       1.0713952       1.0063766    0.0028390756      0.00000      0.00000
       1.0926827       1.0092732    0.0028277689      0.00000      0.00000
       1.1139714       1.0014579    0.0028522180      0.00000      0.00000
       1.1352604      0.99894677    0.0028661792      0.00000      0.00000
       1.1778304      0.99064993    0.0028243874      0.00000      0.00000
       1.1991148      0.99804143    0.0028515312      0.00000      0.00000
       1.2204035       1.0073964    0.0028439275      0.00000      0.00000
       1.2416932       1.0410864    0.0030666947      0.00000      0.00000
       1.2629996      0.99912034    0.0030844554      0.00000      0.00000
       1.2842866       1.0036701    0.0031247526      0.00000      0.00000
       1.3055758       1.0095426    0.0032491799      0.00000      0.00000
       1.3268633      0.99657105    0.0029832970      0.00000      0.00000
       1.3481439       1.0163044    0.0029512994      0.00000      0.00000
       1.3694396       1.0141721    0.0029537006      0.00000      0.00000
       1.3907259       1.0025995    0.0031464851      0.00000      0.00000
       1.4120099       1.0055313    0.0030692535      0.00000      0.00000
       1.4332928      0.98980429    0.0031372351      0.00000      0.00000
       1.4545817       1.0057281    0.0031552480      0.00000      0.00000
       1.4758677      0.99696188    0.0030630355      0.00000      0.00000
       1.4971568      0.98750847    0.0030067744      0.00000      0.00000
       1.5184443      0.99536253    0.0029388296      0.00000      0.00000
       1.5397365       1.0116543    0.0049965876      0.00000      0.00000
       1.5610209       1.0006389    0.0028875324      0.00000      0.00000
       1.5823297      0.99154369    0.0029685172      0.00000      0.00000
       1.6036168       1.0044395    0.0029025291      0.00000      0.00000
       1.6248999       1.0019340    0.0028884947      0.00000      0.00000
       1.6461870       1.0084900    0.0029268589      0.00000      0.00000
       1.6674712       1.0178150    0.0028967929      0.00000      0.00000
       1.6887611       1.0130105    0.0029404803      0.00000      0.00000
       1.7100477       1.0089712    0.0028902732      0.00000      0.00000
       1.7313302       1.0054099    0.0028874939      0.00000      0.00000
       1.7526195       1.0110090    0.0029451552      0.00000      0.00000
       1.7739096       1.0013378    0.0029082039      0.00000      0.00000
       1.7951940       1.0040120    0.0029494196      0.00000      0.00000
       1.8164771       1.0085323    0.0030258526      0.00000      0.00000
       1.8377657       1.0064503    0.0029524416      0.00000      0.00000
       1.8590505       1.0086539    0.0029174675      0.00000      0.00000
       1.8803402       1.0002090    0.0028673855      0.00000      0.00000
       1.9016242      0.99618139    0.0028810793      0.00000      0.00000
       1.9229171       1.0036109    0.0028953317      0.00000      0.00000
       1.9442026       1.0131015    0.0028720620      0.00000      0.00000
       1.9654895       1.0119354    0.0029052365      0.00000      0.00000
       1.9867744      0.99575887    0.0029203061      0.00000      0.00000
       2.0080604       1.0018889    0.0028811073      0.00000      0.00000
       2.0293426       1.0068281    0.0028696336      0.00000      0.00000
       2.0506265       1.0174572    0.0029495860      0.00000      0.00000
       2.0719079       1.0034633    0.0029168012      0.00000      0.00000
       2.0931978       1.0304775    0.0030592160      0.00000      0.00000
       2.1144856       1.0058804    0.0030124132      0.00000      0.00000
       2.1357764      0.99621102    0.0029926737      0.00000      0.00000
       2.1570659      0.98671298    0.0030573998      0.00000      0.00000
       2.1783537       1.0110664    0.0029952774      0.00000      0.00000
       2.1996406      0.99086637    0.0029293863      0.00000      0.00000
       2.2209243       1.0067413    0.0029884087      0.00000      0.00000
       2.2422080       1.0020334    0.0030100702      0.00000      0.00000
       2.2634933      0.99996289    0.0029800691      0.00000      0.00000
       2.2847803      0.99336468    0.0029425553      0.00000      0.00000
       2.3060650      0.99833740    0.0029841064      0.00000      0.00000
       2.3273491       1.0054743    0.0030527629      0.00000      0.00000
       2.3699216       1.0058574    0.0030461472      0.00000      0.00000
       2.3912100       1.0068956    0.0030800545      0.00000      0.00000
       2.4124989       1.0048694    0.0030775215      0.00000      0.00000
       2.4337846      0.99534966    0.0030469873      0.00000      0.00000
       2.4550720      0.99381122    0.0031221786      0.00000      0.00000
       2.4763804      0.99889213    0.0031316973      0.00000      0.00000
       2.4976665      0.99871727    0.0034096358      0.00000      0.00000
       2.5189524       1.0051383    0.0034157403      0.00000      0.00000
       2.5402373       1.0163070    0.0033801834      0.00000      0.00000
       2.5615239       1.0026276    0.0032631092      0.00000      0.00000
       2.5828096       1.0074518    0.0032539200      0.00000      0.00000
       2.6040757       1.0067275    0.0033055167      0.00000      0.00000
       2.6253590       1.0010538    0.0032785713      0.00000      0.00000
       2.6466481      0.99075109    0.0034882463      0.00000      0.00000
       2.6679351      0.99084461    0.0033749427      0.00000      0.00000
       2.6893067      0.99678804    0.0032980778      0.00000      0.00000
       2.7106012      0.97942692    0.0033260556      0.00000      0.00000
       2.7318859      0.97938311    0.0033037748      0.00000      0.00000
       2.7531718      0.99528589    0.0033797549      0.00000      0.00000
       2.7744564      0.99255582    0.0034009720      0.00000      0.00000
       2.7957372       1.0179921    0.0034322584      0.00000      0.00000
       2.8170511      0.98846009    0.0033936004      0.00000      0.00000
       2.8383384      0.98714755    0.0033956727      0.00000      0.00000
       2.8596192       1.0048574    0.0034470795      0.00000      0.00000
       2.8809043       1.0054016    0.0034868958      0.00000      0.00000
       2.9021905      0.99605286    0.0034017880      0.00000      0.00000
       2.9234769      0.99144493    0.0034087457      0.00000      0.00000
       2.9447625      0.99060366    0.0034133907      0.00000      0.00000
       2.9660517      0.97298340    0.0034035299      0.00000      0.00000
