#JD -  2457565 (hr) Flux  Fl_err  Model_fl   Residual for 1.56um (%)
      -4.5079613      0.99388852    0.0018911001      0.00000      0.00000
      -4.4866787      0.99314595    0.0018701709      0.00000      0.00000
      -4.4653956      0.99119863    0.0018642459      0.00000      0.00000
      -4.4441073      0.99685100    0.0018921612      0.00000      0.00000
      -4.4228128      0.99113481    0.0018918175      0.00000      0.00000
      -4.4015156      0.99021958    0.0018361956      0.00000      0.00000
      -4.3802279       1.0019722    0.0018687898      0.00000      0.00000
      -4.3589434      0.99424311    0.0018522398      0.00000      0.00000
      -4.3376587       1.0001457    0.0018917774      0.00000      0.00000
      -4.3163706      0.99279609    0.0018801994      0.00000      0.00000
      -4.2950823       1.0080173    0.0019606897      0.00000      0.00000
      -4.2737971      0.99147725    0.0019467302      0.00000      0.00000
      -4.2525150      0.99286359    0.0019259153      0.00000      0.00000
      -4.2312308      0.99157532    0.0018455703      0.00000      0.00000
      -4.2099406      0.99486205    0.0018812747      0.00000      0.00000
      -4.1886509      0.99391658    0.0018309600      0.00000      0.00000
      -4.1673621      0.99931561    0.0018240774      0.00000      0.00000
      -4.1460789       1.0042091    0.0018008997      0.00000      0.00000
      -4.1247933      0.99308238    0.0017788852      0.00000      0.00000
      -4.1035074       1.0006855    0.0017744226      0.00000      0.00000
      -4.0822223      0.99896335    0.0017972583      0.00000      0.00000
      -4.0609334       1.0006323    0.0017696960      0.00000      0.00000
      -4.0396478       1.0016979    0.0017793666      0.00000      0.00000
      -4.0183600      0.99754255    0.0017833433      0.00000      0.00000
      -3.9970688       1.0028478    0.0017921463      0.00000      0.00000
      -3.9757763      0.99922462    0.0017885476      0.00000      0.00000
      -3.9544877       1.0055085    0.0017930689      0.00000      0.00000
      -3.9332025       1.0008922    0.0017965924      0.00000      0.00000
      -3.9119164      0.99812778    0.0017746908      0.00000      0.00000
      -3.8906290       1.0049572    0.0018408739      0.00000      0.00000
      -3.8693396       1.0086604    0.0018591456      0.00000      0.00000
      -3.8480549       1.0042200    0.0019019606      0.00000      0.00000
      -3.8267708       1.0090336    0.0018439827      0.00000      0.00000
      -3.8054845       1.0047288    0.0018825591      0.00000      0.00000
      -3.7841999       1.0006410    0.0018425049      0.00000      0.00000
      -3.7629137       1.0049102    0.0018253897      0.00000      0.00000
      -3.7416330       1.0023040    0.0018524565      0.00000      0.00000
      -3.7203483       1.0051207    0.0018409393      0.00000      0.00000
      -3.6990596       1.0091444    0.0018348478      0.00000      0.00000
      -3.6777688       1.0015783    0.0018389005      0.00000      0.00000
      -3.6351994       1.0096347    0.0018374288      0.00000      0.00000
      -3.6139144      0.99745956    0.0017769289      0.00000      0.00000
      -3.5926299      0.99759886    0.0018140082      0.00000      0.00000
      -3.5713435       1.0033700    0.0018208136      0.00000      0.00000
      -3.5500550       1.0051517    0.0018710985      0.00000      0.00000
      -3.5287660       1.0034366    0.0018558298      0.00000      0.00000
      -3.5074870       1.0064117    0.0018944810      0.00000      0.00000
      -3.4862004       1.0009206    0.0018647131      0.00000      0.00000
      -3.4649138       1.0002141    0.0017985261      0.00000      0.00000
      -3.4436293       1.0040451    0.0018536923      0.00000      0.00000
      -3.4223535      0.99995861    0.0018665852      0.00000      0.00000
      -3.4010635       1.0011227    0.0018096479      0.00000      0.00000
      -3.3797848       1.0032594    0.0018235024      0.00000      0.00000
      -3.3584981       1.0042037    0.0018108980      0.00000      0.00000
      -3.3372108       1.0067009    0.0017775031      0.00000      0.00000
      -3.3159238       1.0060896    0.0017662087      0.00000      0.00000
      -3.2946643       1.0055600    0.0017993904      0.00000      0.00000
      -3.2733795       1.0011710    0.0018264128      0.00000      0.00000
      -3.2520884      0.99878669    0.0017870950      0.00000      0.00000
      -3.2307875       1.0035560    0.0018121671      0.00000      0.00000
      -3.2095167      0.99699630    0.0018100204      0.00000      0.00000
      -3.1882283       1.0045717    0.0018248418      0.00000      0.00000
      -3.1669402      0.99584869    0.0018419798      0.00000      0.00000
      -3.1456558       1.0022256    0.0018126959      0.00000      0.00000
      -3.1243688       1.0043605    0.0018215215      0.00000      0.00000
      -3.1030767       1.0038696    0.0018327519      0.00000      0.00000
      -3.0817351       1.0044294    0.0018317895      0.00000      0.00000
      -3.0604299       1.0071113    0.0018500845      0.00000      0.00000
      -3.0391400       1.0015412    0.0018397940      0.00000      0.00000
      -3.0178195       1.0070637    0.0018632172      0.00000      0.00000
      -2.9965365       1.0020594    0.0018377214      0.00000      0.00000
      -2.9752419       1.0029661    0.0018497786      0.00000      0.00000
      -2.9539556       1.0180225    0.0018608833      0.00000      0.00000
      -2.9326723       1.0042953    0.0018453805      0.00000      0.00000
      -2.9113919       1.0023935    0.0018298077      0.00000      0.00000
      -2.8901050       1.0024824    0.0018453221      0.00000      0.00000
      -2.8688100      0.99855466    0.0018773328      0.00000      0.00000
      -2.8475259       1.0022978    0.0018621245      0.00000      0.00000
      -2.8262412       1.0058194    0.0018812628      0.00000      0.00000
      -2.8049542       1.0047728    0.0018682596      0.00000      0.00000
      -2.7836670       1.0113349    0.0018413167      0.00000      0.00000
      -2.7623799       1.0002208    0.0018464151      0.00000      0.00000
      -2.7410997      0.99702075    0.0018355267      0.00000      0.00000
      -2.7198104      0.99908936    0.0018643059      0.00000      0.00000
      -2.6985222       1.0047827    0.0018810461      0.00000      0.00000
      -2.6772096       1.0013623    0.0018453309      0.00000      0.00000
      -2.6559244       1.0034592    0.0018474004      0.00000      0.00000
      -2.6346418       1.0046650    0.0018499784      0.00000      0.00000
      -2.6133788      0.99777616    0.0018817698      0.00000      0.00000
      -2.5920948       1.0065166    0.0019115644      0.00000      0.00000
      -2.5708120       1.0051239    0.0018707190      0.00000      0.00000
      -2.5494897       1.0049917    0.0018494152      0.00000      0.00000
      -2.5282015       1.0076329    0.0018948355      0.00000      0.00000
      -2.5069191       1.0006085    0.0018994437      0.00000      0.00000
      -2.4856354       1.0018062    0.0018636154      0.00000      0.00000
      -2.4643516       1.0008854    0.0018636712      0.00000      0.00000
      -2.4430683       1.0041206    0.0018665962      0.00000      0.00000
      -2.4217818       1.0017627    0.0018555069      0.00000      0.00000
      -2.4004989       1.0073310    0.0018577431      0.00000      0.00000
      -2.3792167      0.99932095    0.0018455612      0.00000      0.00000
      -2.3579327       1.0082096    0.0018962544      0.00000      0.00000
      -2.3366460       1.0021089    0.0018467134      0.00000      0.00000
      -2.3153603       1.0014524    0.0018558008      0.00000      0.00000
      -2.2940740       1.0046472    0.0018670209      0.00000      0.00000
      -2.2727892       1.0057018    0.0018923709      0.00000      0.00000
      -2.2515030       1.0030545    0.0018668262      0.00000      0.00000
      -2.2302154       1.0043726    0.0018715850      0.00000      0.00000
      -2.2089278      0.99926483    0.0018529211      0.00000      0.00000
      -2.1876383       1.0117526    0.0018929713      0.00000      0.00000
      -2.1663489       1.0021940    0.0018849728      0.00000      0.00000
      -2.1450635       1.0060550    0.0019049721      0.00000      0.00000
      -2.1237799       1.0059853    0.0018925076      0.00000      0.00000
      -2.1024884       1.0027730    0.0018912427      0.00000      0.00000
      -2.0811985       1.0049649    0.0018954230      0.00000      0.00000
      -2.0599118       1.0016507    0.0018891167      0.00000      0.00000
      -2.0386263       1.0101877    0.0019108340      0.00000      0.00000
      -2.0173329       1.0089104    0.0018863310      0.00000      0.00000
      -1.9960691       1.0034297    0.0018950977      0.00000      0.00000
      -1.9747869      0.99821320    0.0018826775      0.00000      0.00000
      -1.9534993       1.0051511    0.0019107549      0.00000      0.00000
      -1.9322144       1.0026015    0.0018647819      0.00000      0.00000
      -1.9109266       1.0034286    0.0019091786      0.00000      0.00000
      -1.8896425      0.99897966    0.0019100185      0.00000      0.00000
      -1.8683515       1.0015355    0.0018517353      0.00000      0.00000
      -1.8470625       1.0067852    0.0018496739      0.00000      0.00000
      -1.8257635       1.0047083    0.0018765454      0.00000      0.00000
      -1.8044778       1.0003660    0.0018406081      0.00000      0.00000
      -1.7832113       1.0029877    0.0018955707      0.00000      0.00000
      -1.7619204      0.99991038    0.0018762985      0.00000      0.00000
      -1.7406241       1.0049970    0.0018436113      0.00000      0.00000
      -1.7193345       1.0058396    0.0019418747      0.00000      0.00000
      -1.6980541       1.0057819    0.0019593147      0.00000      0.00000
      -1.6767681       1.0062935    0.0018937840      0.00000      0.00000
      -1.6554749       1.0019639    0.0018759906      0.00000      0.00000
      -1.6341845      0.99985632    0.0018402506      0.00000      0.00000
      -1.6128945      0.99765626    0.0018371077      0.00000      0.00000
      -1.5916034       1.0049110    0.0018355153      0.00000      0.00000
      -1.5703135      0.99702801    0.0018263153      0.00000      0.00000
      -1.5490272      0.99539616    0.0018598560      0.00000      0.00000
      -1.5277421      0.99684166    0.0018450797      0.00000      0.00000
      -1.5064534       1.0007778    0.0018537014      0.00000      0.00000
      -1.4851331      0.99527980    0.0018337307      0.00000      0.00000
      -1.4637620       1.0028036    0.0018501569      0.00000      0.00000
      -1.4424256       1.0046758    0.0018734640      0.00000      0.00000
      -1.4210700      0.99779815    0.0018439933      0.00000      0.00000
      -1.3997464       1.0008794    0.0018395693      0.00000      0.00000
      -1.3784496      0.99540315    0.0017901089      0.00000      0.00000
      -1.3571502      0.99982918    0.0017985269      0.00000      0.00000
      -1.3144943       1.0006216    0.0017866135      0.00000      0.00000
      -1.2931982      0.99406554    0.0017926360      0.00000      0.00000
      -1.2718925      0.99996110    0.0018089465      0.00000      0.00000
      -1.2505543       1.0007020    0.0018141376      0.00000      0.00000
      -1.2292571      0.99521444    0.0017974604      0.00000      0.00000
      -1.2079121      0.99550684    0.0018619922      0.00000      0.00000
      -1.1864119      0.99907593    0.0017988362      0.00000      0.00000
      -1.1648556      0.99551311    0.0017840975      0.00000      0.00000
      -1.1432757      0.99297619    0.0017817603      0.00000      0.00000
      -1.1217138      0.98938531    0.0018005964      0.00000      0.00000
      -1.1001447      0.99419754    0.0018154675      0.00000      0.00000
      -1.0786917      0.99709491    0.0019068543      0.00000      0.00000
      -1.0572883      0.99306109    0.0018603449      0.00000      0.00000
      -1.0359918      0.99435213    0.0018164831      0.00000      0.00000
      -1.0146990      0.99342193    0.0018068990      0.00000      0.00000
     -0.99341132      0.99773179    0.0018441651      0.00000      0.00000
     -0.97212387      0.99681963    0.0018293578      0.00000      0.00000
     -0.95083896      0.99316945    0.0018017807      0.00000      0.00000
     -0.92955304       1.0023675    0.0018281243      0.00000      0.00000
     -0.90826621      0.99223872    0.0018143787      0.00000      0.00000
     -0.88698229      0.99052847    0.0018103131      0.00000      0.00000
     -0.86567354      0.99249429    0.0017993663      0.00000      0.00000
     -0.84438941      0.98982609    0.0017994422      0.00000      0.00000
     -0.82310593      0.99004314    0.0017932573      0.00000      0.00000
     -0.80182615      0.98928577    0.0017860681      0.00000      0.00000
     -0.78054763      0.99330825    0.0017984579      0.00000      0.00000
     -0.75925862      0.99199955    0.0017889538      0.00000      0.00000
     -0.73797115      0.98984278    0.0017847243      0.00000      0.00000
     -0.71670296      0.98871071    0.0017816186      0.00000      0.00000
     -0.69542237      0.98857659    0.0017820230      0.00000      0.00000
     -0.67411321      0.98656492    0.0017790109      0.00000      0.00000
     -0.65283032      0.99481039    0.0017999476      0.00000      0.00000
     -0.63155042      0.99279636    0.0017888935      0.00000      0.00000
     -0.61026839      0.98884002    0.0017972091      0.00000      0.00000
     -0.58898444      0.99794683    0.0017990671      0.00000      0.00000
     -0.56766572      0.99056100    0.0017882471      0.00000      0.00000
     -0.54637922      0.98729119    0.0017677018      0.00000      0.00000
     -0.52509350      0.99276018    0.0017825586      0.00000      0.00000
     -0.50380809      0.99693575    0.0017865052      0.00000      0.00000
     -0.48252201      0.99192447    0.0017899985      0.00000      0.00000
     -0.46121979      0.99206398    0.0017689838      0.00000      0.00000
     -0.43993957      0.99343244    0.0017534643      0.00000      0.00000
     -0.41866070      0.99235975    0.0017452386      0.00000      0.00000
     -0.39737700      0.99004832    0.0017647432      0.00000      0.00000
     -0.37609053      0.99857065    0.0017668476      0.00000      0.00000
     -0.35480246      0.99206555    0.0017187198      0.00000      0.00000
     -0.33352101      0.98809842    0.0017283010      0.00000      0.00000
     -0.31223339      0.98737278    0.0017301871      0.00000      0.00000
     -0.29094817      0.98944082    0.0017721676      0.00000      0.00000
     -0.26966213      0.99396322    0.0017841422      0.00000      0.00000
     -0.24837996      0.99043849    0.0017348357      0.00000      0.00000
     -0.22709475      0.98982005    0.0017663575      0.00000      0.00000
     -0.20581328      0.99120154    0.0017472049      0.00000      0.00000
     -0.18454986      0.99113883    0.0017561388      0.00000      0.00000
     -0.16326788      0.99503800    0.0017489858      0.00000      0.00000
     -0.14198078      0.99554619    0.0017523488      0.00000      0.00000
     -0.12069470      0.99359992    0.0017375245      0.00000      0.00000
    -0.099403773      0.99268178    0.0017282961      0.00000      0.00000
    -0.078121606      0.99266964    0.0017283670      0.00000      0.00000
    -0.056835741      0.99425310    0.0017372743      0.00000      0.00000
    -0.035551451      0.99446762    0.0017385848      0.00000      0.00000
    -0.014262501      0.99820371    0.0017380622      0.00000      0.00000
    0.0070317909      0.99315099    0.0017303187      0.00000      0.00000
     0.028319634      0.99421261    0.0017691715      0.00000      0.00000
     0.049611636      0.99674620    0.0017697802      0.00000      0.00000
     0.070890438      0.99093942    0.0017640120      0.00000      0.00000
     0.092175856      0.99301744    0.0017518999      0.00000      0.00000
      0.11345667       1.0011055    0.0017617078      0.00000      0.00000
      0.13474718      0.99608730    0.0017284697      0.00000      0.00000
      0.15603294       1.0050320    0.0017229456      0.00000      0.00000
      0.17732018       1.0011318    0.0017269390      0.00000      0.00000
      0.19860030      0.99656413    0.0017538105      0.00000      0.00000
      0.21991114      0.99754542    0.0017141620      0.00000      0.00000
      0.24119604       1.0014878    0.0017299185      0.00000      0.00000
      0.26248111       1.0002124    0.0017338946      0.00000      0.00000
      0.28376437       1.0021141    0.0017612279      0.00000      0.00000
      0.30505269       1.0007572    0.0017643628      0.00000      0.00000
      0.32633759      0.99911444    0.0017522446      0.00000      0.00000
      0.36890593       1.0008039    0.0017433015      0.00000      0.00000
      0.39019101      0.99914112    0.0017558024      0.00000      0.00000
      0.41147520       1.0004513    0.0018492321      0.00000      0.00000
      0.43276212      0.99649523    0.0017559894      0.00000      0.00000
      0.45407556       1.0011508    0.0017709490      0.00000      0.00000
      0.47536588      0.99749074    0.0017654160      0.00000      0.00000
      0.49665185       1.0019485    0.0017538788      0.00000      0.00000
      0.51793963      0.99517120    0.0017383518      0.00000      0.00000
      0.53922379       1.0035630    0.0017300577      0.00000      0.00000
      0.56051090      0.99622776    0.0017234452      0.00000      0.00000
      0.58182743       1.0002147    0.0017558060      0.00000      0.00000
      0.60311656       1.0007215    0.0018046090      0.00000      0.00000
      0.62439974       1.0088992    0.0017862604      0.00000      0.00000
      0.64568509       1.0004485    0.0017892226      0.00000      0.00000
      0.66694215       1.0045559    0.0017694106      0.00000      0.00000
      0.68823010      0.99982726    0.0017799293      0.00000      0.00000
      0.70951850       1.0019524    0.0017936802      0.00000      0.00000
      0.73080416      0.99498152    0.0017619663      0.00000      0.00000
      0.75209593      0.99620036    0.0017463797      0.00000      0.00000
      0.77338417       1.0030164    0.0017593238      0.00000      0.00000
      0.79466857       1.0003206    0.0017215799      0.00000      0.00000
      0.81595929      0.99717639    0.0017389857      0.00000      0.00000
      0.83724816      0.99919818    0.0017573828      0.00000      0.00000
      0.85853855       1.0042762    0.0017689186      0.00000      0.00000
      0.87982589       1.0019294    0.0018117289      0.00000      0.00000
      0.90109129      0.99775026    0.0017964413      0.00000      0.00000
      0.92238396       1.0049328    0.0018974366      0.00000      0.00000
      0.94367310      0.99808118    0.0017899439      0.00000      0.00000
      0.96495920      0.99984080    0.0017632380      0.00000      0.00000
      0.98624663       1.0016662    0.0017808629      0.00000      0.00000
       1.0075327      0.99215266    0.0017663006      0.00000      0.00000
       1.0288198      0.99414193    0.0017691150      0.00000      0.00000
       1.0501104      0.99582074    0.0017800343      0.00000      0.00000
       1.0713952      0.99835049    0.0017859184      0.00000      0.00000
       1.0926827       1.0067968    0.0017863184      0.00000      0.00000
       1.1139714       1.0018877    0.0017790447      0.00000      0.00000
       1.1352604       1.0019853    0.0017872993      0.00000      0.00000
       1.1565445      0.99485425    0.0017620394      0.00000      0.00000
       1.1778304      0.99543487    0.0017709135      0.00000      0.00000
       1.1991148      0.99832190    0.0017906493      0.00000      0.00000
       1.2204035       1.0017860    0.0018024932      0.00000      0.00000
       1.2416932      0.99579568    0.0018140510      0.00000      0.00000
       1.2629996      0.99875105    0.0019101654      0.00000      0.00000
       1.2842866       1.0028891    0.0019464998      0.00000      0.00000
       1.3055758       1.0043303    0.0020119060      0.00000      0.00000
       1.3268633      0.99702363    0.0018837839      0.00000      0.00000
       1.3481439      0.99610548    0.0018582433      0.00000      0.00000
       1.3694396      0.99940421    0.0018278715      0.00000      0.00000
       1.3907259      0.99946822    0.0019607519      0.00000      0.00000
       1.4120099      0.99849437    0.0019167019      0.00000      0.00000
       1.4332928      0.99868862    0.0019616334      0.00000      0.00000
       1.4545817       1.0003764    0.0019603000      0.00000      0.00000
       1.4758677      0.99419871    0.0018861000      0.00000      0.00000
       1.4971568      0.99811082    0.0018770965      0.00000      0.00000
       1.5184443       1.0009000    0.0018562543      0.00000      0.00000
       1.5397365      0.98356986    0.0028552619      0.00000      0.00000
       1.5610209      0.99737047    0.0018122558      0.00000      0.00000
       1.5823297      0.99162878    0.0018769543      0.00000      0.00000
       1.6036168       1.0051429    0.0018443626      0.00000      0.00000
       1.6248999       1.0014129    0.0018212042      0.00000      0.00000
       1.6461870      0.99724492    0.0018368091      0.00000      0.00000
       1.6674712      0.99809328    0.0018120835      0.00000      0.00000
       1.6887611       1.0004730    0.0018327341      0.00000      0.00000
       1.7100477       1.0014522    0.0018363700      0.00000      0.00000
       1.7313302       1.0051093    0.0018504514      0.00000      0.00000
       1.7526195       1.0012855    0.0018493610      0.00000      0.00000
       1.7739096       1.0003572    0.0018449810      0.00000      0.00000
       1.7951940       1.0020658    0.0018682014      0.00000      0.00000
       1.8164771      0.99683899    0.0018640177      0.00000      0.00000
       1.8377657       1.0042209    0.0018708272      0.00000      0.00000
       1.8590505       1.0111683    0.0018592425      0.00000      0.00000
       1.8803402       1.0029351    0.0018293461      0.00000      0.00000
       1.9016242       1.0056062    0.0018683918      0.00000      0.00000
       1.9229171       1.0038449    0.0018705144      0.00000      0.00000
       1.9442026       1.0004673    0.0018188875      0.00000      0.00000
       1.9654895      0.99730717    0.0018287493      0.00000      0.00000
       1.9867744      0.99807632    0.0018564967      0.00000      0.00000
       2.0080604      0.99674871    0.0018235774      0.00000      0.00000
       2.0293426       1.0024728    0.0018351048      0.00000      0.00000
       2.0506265       1.0038405    0.0018481266      0.00000      0.00000
       2.0719079       1.0035374    0.0018768562      0.00000      0.00000
       2.0931978       1.0003458    0.0019468648      0.00000      0.00000
       2.1144856       1.0071947    0.0019552703      0.00000      0.00000
       2.1357764       1.0036887    0.0019469041      0.00000      0.00000
       2.1570659       1.0061919    0.0019936156      0.00000      0.00000
       2.1783537       1.0028149    0.0019201390      0.00000      0.00000
       2.1996406       1.0016257    0.0019183288      0.00000      0.00000
       2.2209243       1.0003300    0.0019549828      0.00000      0.00000
       2.2422080      0.99865867    0.0019505173      0.00000      0.00000
       2.2634933       1.0048143    0.0019416978      0.00000      0.00000
       2.2847803       1.0083710    0.0019477198      0.00000      0.00000
       2.3060650       1.0024697    0.0019694978      0.00000      0.00000
       2.3273491       1.0037505    0.0019786779      0.00000      0.00000
       2.3486363       1.0013517    0.0019601457      0.00000      0.00000
       2.3699216       1.0033320    0.0019982438      0.00000      0.00000
       2.3912100       1.0081261    0.0020194220      0.00000      0.00000
       2.4124989       1.0021498    0.0020003434      0.00000      0.00000
       2.4337846       1.0046463    0.0020344438      0.00000      0.00000
       2.4550720       1.0022249    0.0020570077      0.00000      0.00000
       2.4763804       1.0031622    0.0021179995      0.00000      0.00000
       2.5189524       1.0019013    0.0023189295      0.00000      0.00000
       2.5402373       1.0057309    0.0022936272      0.00000      0.00000
       2.5615239       1.0146343    0.0022565398      0.00000      0.00000
       2.5828096       1.0126240    0.0022416685      0.00000      0.00000
       2.6253590       1.0008576    0.0022001433      0.00000      0.00000
       2.6466481      0.99916007    0.0023899135      0.00000      0.00000
       2.6679351       1.0024276    0.0022858492      0.00000      0.00000
       2.6893067       1.0079433    0.0022807600      0.00000      0.00000
       2.7106012       1.0078219    0.0023155324      0.00000      0.00000
       2.7318859      0.99710745    0.0023213496      0.00000      0.00000
       2.7531718       1.0006423    0.0023935390      0.00000      0.00000
       2.7744564       1.0056961    0.0023993955      0.00000      0.00000
       2.7957372       1.0132946    0.0023988302      0.00000      0.00000
       2.8170511      0.99954743    0.0024545485      0.00000      0.00000
       2.8383384       1.0098340    0.0024441840      0.00000      0.00000
       2.8596192       1.0074828    0.0024277353      0.00000      0.00000
       2.8809043       1.0086667    0.0024268205      0.00000      0.00000
       2.9021905       1.0031416    0.0023630243      0.00000      0.00000
       2.9234769       1.0027773    0.0024257214      0.00000      0.00000
       2.9447625       1.0017287    0.0023357647      0.00000      0.00000
       2.9660517       1.0048664    0.0023426750      0.00000      0.00000
