#JD -  2457565 (hr) Flux  Fl_err  Model_fl   Residual for 1.50um (%)
      -4.5079613       1.0099325    0.0022498835      0.00000      0.00000
      -4.4866787       1.0066069    0.0022239739      0.00000      0.00000
      -4.4653956      0.99959056    0.0021980829      0.00000      0.00000
      -4.4441073       1.0010889    0.0022325009      0.00000      0.00000
      -4.4228128       1.0067115    0.0022455849      0.00000      0.00000
      -4.4015156      0.99818264    0.0021568490      0.00000      0.00000
      -4.3802279       1.0113879    0.0022046132      0.00000      0.00000
      -4.3589434      0.99777081    0.0021887567      0.00000      0.00000
      -4.3376587       1.0066993    0.0022226655      0.00000      0.00000
      -4.3163706      0.99717487    0.0022155967      0.00000      0.00000
      -4.2950823       1.0075721    0.0022896896      0.00000      0.00000
      -4.2737971       1.0012545    0.0022901639      0.00000      0.00000
      -4.2525150      0.99289269    0.0022903069      0.00000      0.00000
      -4.2312308      0.99309206    0.0021642243      0.00000      0.00000
      -4.2099406      0.99991473    0.0021827950      0.00000      0.00000
      -4.1886509      0.99436399    0.0021427099      0.00000      0.00000
      -4.1673621       1.0032880    0.0021381959      0.00000      0.00000
      -4.1460789       1.0211486    0.0021294383      0.00000      0.00000
      -4.1247933       1.0010101    0.0020742706      0.00000      0.00000
      -4.1035074      0.99916209    0.0020846443      0.00000      0.00000
      -4.0822223       1.0052447    0.0021136348      0.00000      0.00000
      -4.0609334       1.0036038    0.0020579744      0.00000      0.00000
      -4.0396478       1.0125406    0.0021042278      0.00000      0.00000
      -4.0183600       1.0059559    0.0020951574      0.00000      0.00000
      -3.9970688       1.0138900    0.0020978625      0.00000      0.00000
      -3.9757763       1.0052742    0.0021095532      0.00000      0.00000
      -3.9544877       1.0070251    0.0021091537      0.00000      0.00000
      -3.9332025       1.0175938    0.0021142582      0.00000      0.00000
      -3.9119164       1.0059336    0.0020672508      0.00000      0.00000
      -3.8906290       1.0077341    0.0021387538      0.00000      0.00000
      -3.8693396       1.0121046    0.0021776148      0.00000      0.00000
      -3.8480549       1.0121684    0.0022508566      0.00000      0.00000
      -3.8267708       1.0144395    0.0021733460      0.00000      0.00000
      -3.8054845       1.0142755    0.0021999613      0.00000      0.00000
      -3.7841999       1.0054637    0.0021506579      0.00000      0.00000
      -3.7629137       1.0125051    0.0021446769      0.00000      0.00000
      -3.7416330       1.0055043    0.0021603335      0.00000      0.00000
      -3.7203483       1.0113174    0.0021581042      0.00000      0.00000
      -3.6990596       1.0079145    0.0021777022      0.00000      0.00000
      -3.6777688       1.0096638    0.0021472713      0.00000      0.00000
      -3.6351994       1.0092057    0.0021096098      0.00000      0.00000
      -3.6139144       1.0039556    0.0020770001      0.00000      0.00000
      -3.5926299      0.99603322    0.0020815568      0.00000      0.00000
      -3.5713435       1.0024912    0.0020990931      0.00000      0.00000
      -3.5500550       1.0051759    0.0021791526      0.00000      0.00000
      -3.5287660       1.0072582    0.0021619184      0.00000      0.00000
      -3.5074870       1.0112356    0.0021864000      0.00000      0.00000
      -3.4862004       1.0047519    0.0021674026      0.00000      0.00000
      -3.4649138       1.0068475    0.0020955383      0.00000      0.00000
      -3.4436293       1.0068742    0.0021530083      0.00000      0.00000
      -3.4223535       1.0068909    0.0021985592      0.00000      0.00000
      -3.4010635       1.0037385    0.0021085669      0.00000      0.00000
      -3.3797848      0.99915613    0.0020936418      0.00000      0.00000
      -3.3584981       1.0033782    0.0020955556      0.00000      0.00000
      -3.3372108       1.0059058    0.0020646164      0.00000      0.00000
      -3.3159238       1.0105097    0.0020477812      0.00000      0.00000
      -3.2946643      0.99857897    0.0020689594      0.00000      0.00000
      -3.2733795      0.99305032    0.0020946049      0.00000      0.00000
      -3.2520884      0.99771231    0.0020615868      0.00000      0.00000
      -3.2307875       1.0014839    0.0021281316      0.00000      0.00000
      -3.2095167      0.99701978    0.0021113093      0.00000      0.00000
      -3.1882283       1.0013634    0.0021155742      0.00000      0.00000
      -3.1669402      0.99657621    0.0021286360      0.00000      0.00000
      -3.1456558       1.0051351    0.0021158268      0.00000      0.00000
      -3.1243688       1.0010875    0.0021109721      0.00000      0.00000
      -3.1030767       1.0057323    0.0021245056      0.00000      0.00000
      -3.0817351       1.0037507    0.0021272844      0.00000      0.00000
      -3.0604299      0.99946809    0.0021150279      0.00000      0.00000
      -3.0391400       1.0005864    0.0021363395      0.00000      0.00000
      -3.0178195       1.0067992    0.0021781694      0.00000      0.00000
      -2.9965365      0.99884066    0.0021362404      0.00000      0.00000
      -2.9752419      0.99955167    0.0021451632      0.00000      0.00000
      -2.9539556       1.0085508    0.0021634310      0.00000      0.00000
      -2.9326723      0.99873055    0.0021315327      0.00000      0.00000
      -2.9113919       1.0031846    0.0021437892      0.00000      0.00000
      -2.8901050       1.0023658    0.0021551880      0.00000      0.00000
      -2.8688100       1.0003790    0.0021691334      0.00000      0.00000
      -2.8475259       1.0031862    0.0021622027      0.00000      0.00000
      -2.8262412       1.0136407    0.0022226408      0.00000      0.00000
      -2.8049542       1.0052421    0.0021748428      0.00000      0.00000
      -2.7836670       1.0181024    0.0021469831      0.00000      0.00000
      -2.7623799      0.99747479    0.0021408557      0.00000      0.00000
      -2.7410997       1.0007271    0.0021522979      0.00000      0.00000
      -2.7198104      0.99573834    0.0021676068      0.00000      0.00000
      -2.6985222       1.0040518    0.0022006528      0.00000      0.00000
      -2.6772096       1.0021358    0.0021507075      0.00000      0.00000
      -2.6559244       1.0025513    0.0021746422      0.00000      0.00000
      -2.6346418       1.0014759    0.0021676554      0.00000      0.00000
      -2.6133788      0.98935774    0.0021898423      0.00000      0.00000
      -2.5920948       1.0018454    0.0022129379      0.00000      0.00000
      -2.5708120       1.0083410    0.0021874100      0.00000      0.00000
      -2.5494897       1.0033381    0.0021661601      0.00000      0.00000
      -2.5282015       1.0069057    0.0022396237      0.00000      0.00000
      -2.5069191      0.99924765    0.0022396415      0.00000      0.00000
      -2.4856354       1.0005641    0.0021894380      0.00000      0.00000
      -2.4643516      0.99819496    0.0021589580      0.00000      0.00000
      -2.4430683       1.0027923    0.0021662592      0.00000      0.00000
      -2.4217818       1.0008921    0.0021768376      0.00000      0.00000
      -2.4004989       1.0007239    0.0021579386      0.00000      0.00000
      -2.3792167      0.99970568    0.0021623776      0.00000      0.00000
      -2.3579327       1.0052166    0.0022426182      0.00000      0.00000
      -2.3366460      0.99729117    0.0021674102      0.00000      0.00000
      -2.3153603      0.99999227    0.0021561302      0.00000      0.00000
      -2.2940740      0.99836177    0.0021657458      0.00000      0.00000
      -2.2727892      0.99774407    0.0022021096      0.00000      0.00000
      -2.2515030       1.0002458    0.0021939166      0.00000      0.00000
      -2.2302154       1.0117186    0.0022053996      0.00000      0.00000
      -2.2089278       1.0006823    0.0021923103      0.00000      0.00000
      -2.1876383       1.0028854    0.0021996004      0.00000      0.00000
      -2.1663489       1.0101215    0.0022492558      0.00000      0.00000
      -2.1450635      0.99928482    0.0022377340      0.00000      0.00000
      -2.1237799       1.0022576    0.0022370118      0.00000      0.00000
      -2.1024884      0.99882561    0.0022055416      0.00000      0.00000
      -2.0811985       1.0055714    0.0022255226      0.00000      0.00000
      -2.0599118       1.0052941    0.0022153566      0.00000      0.00000
      -2.0386263       1.0013227    0.0022348225      0.00000      0.00000
      -2.0173329       1.0017239    0.0022294068      0.00000      0.00000
      -1.9960691      0.99916632    0.0022366650      0.00000      0.00000
      -1.9747869       1.0006702    0.0022365328      0.00000      0.00000
      -1.9534993       1.0004699    0.0022756544      0.00000      0.00000
      -1.9322144      0.99862953    0.0022076394      0.00000      0.00000
      -1.9109266      0.99994554    0.0022359950      0.00000      0.00000
      -1.8896425       1.0044789    0.0022511972      0.00000      0.00000
      -1.8683515       1.0040897    0.0021896920      0.00000      0.00000
      -1.8470625      0.99642377    0.0021573288      0.00000      0.00000
      -1.8257635      0.99321693    0.0021888223      0.00000      0.00000
      -1.8044778      0.99403301    0.0021506167      0.00000      0.00000
      -1.7832113      0.99431400    0.0022144993      0.00000      0.00000
      -1.7619204      0.99653207    0.0021821556      0.00000      0.00000
      -1.7406241      0.99759443    0.0021720279      0.00000      0.00000
      -1.7193345       1.0069403    0.0023168016      0.00000      0.00000
      -1.6980541       1.0032220    0.0023034497      0.00000      0.00000
      -1.6767681      0.99826759    0.0022110551      0.00000      0.00000
      -1.6554749       1.0061113    0.0022121741      0.00000      0.00000
      -1.6341845      0.99156991    0.0021271756      0.00000      0.00000
      -1.6128945      0.99772654    0.0021639459      0.00000      0.00000
      -1.5916034       1.0022906    0.0021566968      0.00000      0.00000
      -1.5703135      0.99851260    0.0021536769      0.00000      0.00000
      -1.5490272      0.98815625    0.0021887167      0.00000      0.00000
      -1.5277421      0.99825303    0.0022054765      0.00000      0.00000
      -1.5064534      0.99704493    0.0021861228      0.00000      0.00000
      -1.4851331      0.99034285    0.0021729232      0.00000      0.00000
      -1.4637620      0.99857283    0.0021821769      0.00000      0.00000
      -1.4424256      0.99444661    0.0021968264      0.00000      0.00000
      -1.4210700      0.98572705    0.0021880305      0.00000      0.00000
      -1.3997464      0.99454440    0.0021471400      0.00000      0.00000
      -1.3784496      0.98998716    0.0020751771      0.00000      0.00000
      -1.3571502      0.98796027    0.0021046988      0.00000      0.00000
      -1.3358176       1.0014340    0.0021378797      0.00000      0.00000
      -1.3144943      0.99195945    0.0020991414      0.00000      0.00000
      -1.2931982      0.99200448    0.0020938636      0.00000      0.00000
      -1.2718925      0.99613366    0.0021058876      0.00000      0.00000
      -1.2505543      0.99725461    0.0021306003      0.00000      0.00000
      -1.2292571      0.98722209    0.0021077424      0.00000      0.00000
      -1.2079121      0.99087743    0.0022000357      0.00000      0.00000
      -1.1864119      0.98967916    0.0020607796      0.00000      0.00000
      -1.1648556      0.99709604    0.0021120919      0.00000      0.00000
      -1.1432757      0.98823926    0.0020893023      0.00000      0.00000
      -1.1217138      0.99015630    0.0021030163      0.00000      0.00000
      -1.1001447      0.99172232    0.0021274237      0.00000      0.00000
      -1.0786917      0.99997094    0.0022481898      0.00000      0.00000
      -1.0572883      0.99366549    0.0021812913      0.00000      0.00000
      -1.0359918      0.99114177    0.0021643007      0.00000      0.00000
      -1.0146990      0.98324605    0.0021248994      0.00000      0.00000
     -0.99341132      0.99301475    0.0021546210      0.00000      0.00000
     -0.97212387      0.98785612    0.0020921499      0.00000      0.00000
     -0.95083896      0.99391389    0.0021371774      0.00000      0.00000
     -0.92955304      0.99289256    0.0021259087      0.00000      0.00000
     -0.90826621      0.99148526    0.0021327288      0.00000      0.00000
     -0.88698229      0.98539108    0.0021141282      0.00000      0.00000
     -0.86567354      0.98945033    0.0021249099      0.00000      0.00000
     -0.84438941      0.98827893    0.0021075318      0.00000      0.00000
     -0.82310593      0.98809968    0.0021119609      0.00000      0.00000
     -0.80182615      0.97866392    0.0020778432      0.00000      0.00000
     -0.78054763      0.98847109    0.0021166852      0.00000      0.00000
     -0.75925862      0.99122028    0.0021075781      0.00000      0.00000
     -0.73797115      0.99178353    0.0021059215      0.00000      0.00000
     -0.71670296      0.99256897    0.0021213034      0.00000      0.00000
     -0.69542237      0.98570064    0.0020862924      0.00000      0.00000
     -0.67411321      0.98067629    0.0020810705      0.00000      0.00000
     -0.65283032      0.99219541    0.0021423168      0.00000      0.00000
     -0.63155042      0.98658060    0.0021084412      0.00000      0.00000
     -0.61026839      0.98979983    0.0021384953      0.00000      0.00000
     -0.58898444      0.98715406    0.0021034306      0.00000      0.00000
     -0.56766572      0.98214316    0.0020987944      0.00000      0.00000
     -0.54637922      0.98580894    0.0020926209      0.00000      0.00000
     -0.52509350      0.98656844    0.0021009681      0.00000      0.00000
     -0.50380809       1.0030858    0.0021039201      0.00000      0.00000
     -0.48252201      0.99307880    0.0021305654      0.00000      0.00000
     -0.46121979      0.98804950    0.0020989567      0.00000      0.00000
     -0.43993957      0.98263684    0.0020440355      0.00000      0.00000
     -0.41866070      0.99125861    0.0020588165      0.00000      0.00000
     -0.39737700      0.99160188    0.0020976168      0.00000      0.00000
     -0.37609053      0.99685475    0.0020789810      0.00000      0.00000
     -0.35480246      0.99393371    0.0020448199      0.00000      0.00000
     -0.33352101      0.97935798    0.0020164911      0.00000      0.00000
     -0.31223339      0.98281549    0.0020221704      0.00000      0.00000
     -0.29094817      0.98583950    0.0020583087      0.00000      0.00000
     -0.26966213      0.98559326    0.0020968686      0.00000      0.00000
     -0.24837996      0.98724842    0.0020445451      0.00000      0.00000
     -0.22709475      0.99195526    0.0020923200      0.00000      0.00000
     -0.20581328      0.99370421    0.0020928024      0.00000      0.00000
     -0.18454986       1.0025999    0.0020722658      0.00000      0.00000
     -0.16326788      0.98897053    0.0020443974      0.00000      0.00000
     -0.14198078      0.99205313    0.0020514249      0.00000      0.00000
     -0.12069470      0.99250517    0.0020440170      0.00000      0.00000
    -0.099403773      0.99523869    0.0020300448      0.00000      0.00000
    -0.078121606      0.98527966    0.0020113788      0.00000      0.00000
    -0.056835741      0.99131214    0.0020409566      0.00000      0.00000
    -0.035551451      0.99072456    0.0020509122      0.00000      0.00000
    -0.014262501      0.99617067    0.0020346194      0.00000      0.00000
    0.0070317909      0.99491725    0.0020478864      0.00000      0.00000
     0.028319634      0.98942284    0.0020727135      0.00000      0.00000
     0.049611636       1.0043972    0.0020984638      0.00000      0.00000
     0.070890438      0.99598655    0.0021027220      0.00000      0.00000
     0.092175856      0.99046838    0.0020652848      0.00000      0.00000
      0.11345667       1.0010541    0.0020762822      0.00000      0.00000
      0.13474718      0.99149390    0.0020464176      0.00000      0.00000
      0.15603294       1.0041919    0.0020223786      0.00000      0.00000
      0.17732018      0.99937692    0.0020226184      0.00000      0.00000
      0.19860030      0.99020481    0.0020605995      0.00000      0.00000
      0.21991114      0.99959848    0.0020193580      0.00000      0.00000
      0.24119604      0.99046855    0.0020194677      0.00000      0.00000
      0.26248111      0.99304575    0.0020456722      0.00000      0.00000
      0.28376437      0.99586210    0.0020567675      0.00000      0.00000
      0.30505269      0.99891155    0.0020866089      0.00000      0.00000
      0.32633759      0.99324597    0.0020477769      0.00000      0.00000
      0.36890593      0.99856974    0.0020500784      0.00000      0.00000
      0.39019101      0.99073142    0.0020598672      0.00000      0.00000
      0.41147520      0.99656978    0.0021682244      0.00000      0.00000
      0.43276212      0.99457155    0.0020739619      0.00000      0.00000
      0.45407556       1.0025208    0.0020941120      0.00000      0.00000
      0.47536588      0.99235199    0.0020655042      0.00000      0.00000
      0.49665185      0.99708288    0.0020592240      0.00000      0.00000
      0.51793963      0.99521854    0.0020473896      0.00000      0.00000
      0.53922379      0.99967940    0.0020325352      0.00000      0.00000
      0.56051090      0.99531992    0.0020295734      0.00000      0.00000
      0.58182743      0.99613297    0.0020557463      0.00000      0.00000
      0.60311656      0.99980329    0.0021333798      0.00000      0.00000
      0.62439974      0.99995362    0.0020956166      0.00000      0.00000
      0.64568509       1.0051832    0.0021319019      0.00000      0.00000
      0.66694215       1.0018392    0.0020977115      0.00000      0.00000
      0.68823010      0.99428645    0.0020912022      0.00000      0.00000
      0.70951850       1.0025449    0.0021141804      0.00000      0.00000
      0.73080416      0.99364529    0.0020637846      0.00000      0.00000
      0.75209593       1.0026995    0.0020732767      0.00000      0.00000
      0.77338417      0.99974361    0.0020657177      0.00000      0.00000
      0.79466857      0.99676144    0.0020264839      0.00000      0.00000
      0.81595929      0.99497870    0.0020326929      0.00000      0.00000
      0.83724816       1.0047954    0.0020977793      0.00000      0.00000
      0.85853855       1.0026152    0.0020744714      0.00000      0.00000
      0.87982589      0.99956771    0.0021409101      0.00000      0.00000
      0.90109129      0.99524211    0.0021126697      0.00000      0.00000
      0.92238396       1.0071137    0.0022551410      0.00000      0.00000
      0.94367310      0.99641861    0.0021124074      0.00000      0.00000
      0.96495920      0.99800819    0.0020701753      0.00000      0.00000
      0.98624663       1.0006175    0.0020818223      0.00000      0.00000
       1.0075327      0.98826886    0.0020785001      0.00000      0.00000
       1.0288198      0.99428781    0.0020937631      0.00000      0.00000
       1.0501104      0.99980198    0.0021045241      0.00000      0.00000
       1.0713952       1.0003989    0.0021085718      0.00000      0.00000
       1.0926827       1.0047107    0.0020840235      0.00000      0.00000
       1.1139714      0.99857377    0.0021186000      0.00000      0.00000
       1.1352604      0.99692065    0.0020732496      0.00000      0.00000
       1.1565445      0.99700293    0.0020795806      0.00000      0.00000
       1.1778304      0.99386539    0.0020876340      0.00000      0.00000
       1.1991148      0.98851589    0.0021306781      0.00000      0.00000
       1.2204035      0.99884965    0.0021207512      0.00000      0.00000
       1.2416932      0.99882333    0.0021522645      0.00000      0.00000
       1.2629996      0.99460751    0.0022611512      0.00000      0.00000
       1.2842866       1.0005874    0.0022988269      0.00000      0.00000
       1.3055758      0.99799986    0.0023961113      0.00000      0.00000
       1.3268633       1.0033351    0.0022424454      0.00000      0.00000
       1.3481439      0.99426551    0.0021799288      0.00000      0.00000
       1.3694396       1.0049127    0.0021800091      0.00000      0.00000
       1.3907259      0.99550185    0.0022979682      0.00000      0.00000
       1.4120099      0.99803921    0.0022490031      0.00000      0.00000
       1.4332928      0.99781922    0.0023203723      0.00000      0.00000
       1.4545817       1.0039731    0.0023482015      0.00000      0.00000
       1.4758677      0.99585387    0.0022274240      0.00000      0.00000
       1.4971568       1.0016286    0.0022231828      0.00000      0.00000
       1.5184443      0.99695526    0.0021950913      0.00000      0.00000
       1.5610209      0.99973619    0.0021471820      0.00000      0.00000
       1.5823297      0.99266018    0.0022106964      0.00000      0.00000
       1.6036168       1.0048903    0.0021901105      0.00000      0.00000
       1.6248999       1.0012523    0.0021573803      0.00000      0.00000
       1.6461870      0.99988466    0.0021767561      0.00000      0.00000
       1.6674712      0.99984768    0.0021497180      0.00000      0.00000
       1.6887611      0.99940480    0.0021708820      0.00000      0.00000
       1.7100477       1.0011028    0.0021766583      0.00000      0.00000
       1.7313302       1.0065476    0.0021858908      0.00000      0.00000
       1.7526195      0.99937997    0.0021969336      0.00000      0.00000
       1.7739096       1.0008048    0.0021802553      0.00000      0.00000
       1.7951940       1.0020667    0.0022287931      0.00000      0.00000
       1.8164771      0.99797876    0.0022105641      0.00000      0.00000
       1.8377657       1.0101164    0.0022240917      0.00000      0.00000
       1.8803402      0.99385635    0.0021426743      0.00000      0.00000
       1.9016242       1.0070390    0.0022252364      0.00000      0.00000
       1.9229171      0.99697025    0.0021881008      0.00000      0.00000
       1.9442026      0.99802914    0.0021665776      0.00000      0.00000
       1.9654895       1.0006227    0.0021840316      0.00000      0.00000
       1.9867744       1.0029239    0.0022310571      0.00000      0.00000
       2.0080604      0.99662646    0.0021825805      0.00000      0.00000
       2.0293426       1.0043970    0.0021929588      0.00000      0.00000
       2.0506265       1.0056577    0.0022034468      0.00000      0.00000
       2.0719079       1.0078496    0.0022336946      0.00000      0.00000
       2.0931978      0.99959880    0.0023177445      0.00000      0.00000
       2.1144856       1.0032352    0.0023449637      0.00000      0.00000
       2.1357764       1.0034680    0.0023321071      0.00000      0.00000
       2.1570659       1.0100874    0.0024127705      0.00000      0.00000
       2.1783537       1.0103105    0.0023308446      0.00000      0.00000
       2.1996406      0.99788171    0.0022864398      0.00000      0.00000
       2.2209243      0.99802291    0.0023418405      0.00000      0.00000
       2.2422080       1.0053272    0.0023620268      0.00000      0.00000
       2.2634933       1.0101980    0.0023565362      0.00000      0.00000
       2.2847803       1.0059729    0.0023142185      0.00000      0.00000
       2.3060650       1.0067695    0.0023653039      0.00000      0.00000
       2.3273491       1.0046700    0.0023871889      0.00000      0.00000
       2.3486363       1.0025606    0.0023478535      0.00000      0.00000
       2.3699216       1.0161758    0.0024271895      0.00000      0.00000
       2.3912100       1.0080484    0.0024307453      0.00000      0.00000
       2.4124989       1.0061629    0.0024327777      0.00000      0.00000
       2.4337846       1.0076328    0.0024250698      0.00000      0.00000
       2.4550720       1.0088848    0.0025141414      0.00000      0.00000
       2.4763804       1.0069325    0.0025557105      0.00000      0.00000
       2.4976665       1.0152659    0.0027778186      0.00000      0.00000
       2.5189524       1.0139154    0.0028632413      0.00000      0.00000
       2.5402373       1.0146959    0.0028355153      0.00000      0.00000
       2.5615239       1.0179202    0.0027383773      0.00000      0.00000
       2.5828096       1.0128017    0.0027026560      0.00000      0.00000
       2.6040757       1.0021911    0.0027847137      0.00000      0.00000
       2.6253590       1.0122507    0.0027544158      0.00000      0.00000
       2.6466481       1.0087009    0.0029423716      0.00000      0.00000
       2.6679351       1.0161346    0.0028545908      0.00000      0.00000
       2.6893067       1.0131577    0.0028082881      0.00000      0.00000
       2.7106012       1.0214789    0.0028983712      0.00000      0.00000
       2.7318859       1.0134740    0.0028936578      0.00000      0.00000
       2.7531718       1.0191090    0.0029695598      0.00000      0.00000
       2.7744564       1.0053499    0.0029530013      0.00000      0.00000
       2.7957372       1.0152853    0.0029804291      0.00000      0.00000
       2.8170511       1.0156903    0.0030468446      0.00000      0.00000
       2.8383384       1.0030013    0.0029935270      0.00000      0.00000
       2.8596192       1.0220483    0.0030159816      0.00000      0.00000
       2.8809043       1.0080810    0.0030435053      0.00000      0.00000
       2.9021905       1.0098142    0.0029576620      0.00000      0.00000
       2.9234769       1.0074097    0.0029830801      0.00000      0.00000
       2.9447625       1.0075679    0.0028709909      0.00000      0.00000
       2.9660517       1.0106065    0.0028818439      0.00000      0.00000
