#JD -  2457388 (hr) Flux  Fl_err  Model_fl   Residual for 2.11um (%)
      -2.4139274      0.99500284    0.0023129533      0.00000      0.00000
      -2.3967685      0.99849887    0.0023329848      0.00000      0.00000
      -2.3796119      0.99601241    0.0023207731      0.00000      0.00000
      -2.3624283      0.99874426    0.0023348418      0.00000      0.00000
      -2.3452542      0.99863329    0.0022910169      0.00000      0.00000
      -2.3280954      0.99305641    0.0022256226      0.00000      0.00000
      -2.3108841      0.99171670    0.0022695631      0.00000      0.00000
      -2.2937279       1.0006744    0.0023268009      0.00000      0.00000
      -2.2765756      0.99489536    0.0022428467      0.00000      0.00000
      -2.2594209      0.99885809    0.0023245335      0.00000      0.00000
      -2.2422617      0.99504523    0.0021984539      0.00000      0.00000
      -2.2251076       1.0024116    0.0021859146      0.00000      0.00000
      -2.2079540      0.99295209    0.0021632559      0.00000      0.00000
      -2.1907916      0.99200069    0.0021281280      0.00000      0.00000
      -2.1736349       1.0004282    0.0021720688      0.00000      0.00000
      -2.1564684      0.99521169    0.0021578314      0.00000      0.00000
      -2.1393057       1.0005857    0.0021863989      0.00000      0.00000
      -2.1221514      0.99641734    0.0021547565      0.00000      0.00000
      -2.1049994       1.0021758    0.0021639833      0.00000      0.00000
      -2.0878427       1.0000250    0.0021722551      0.00000      0.00000
      -2.0706809      0.99762594    0.0021719955      0.00000      0.00000
      -2.0535003      0.99908910    0.0021496895      0.00000      0.00000
      -2.0363209       1.0016509    0.0021305812      0.00000      0.00000
      -2.0191896      0.99513904    0.0021564585      0.00000      0.00000
      -2.0020402       1.0068660    0.0022595312      0.00000      0.00000
      -1.9677348       1.0015860    0.0021722344      0.00000      0.00000
      -1.9505772      0.99689228    0.0021589460      0.00000      0.00000
      -1.9334253       1.0014622    0.0021803505      0.00000      0.00000
      -1.9162731      0.99539888    0.0022301735      0.00000      0.00000
      -1.8991183       1.0017371    0.0022289227      0.00000      0.00000
      -1.8819675       1.0001072    0.0022230429      0.00000      0.00000
      -1.8648166       1.0034448    0.0022452244      0.00000      0.00000
      -1.8476630       1.0068508    0.0022462088      0.00000      0.00000
      -1.8305127       1.0019181    0.0022460278      0.00000      0.00000
      -1.8133558      0.99967574    0.0024533566      0.00000      0.00000
      -1.7961718      0.99899115    0.0021995262      0.00000      0.00000
      -1.7789818      0.99296609    0.0021804706      0.00000      0.00000
      -1.7618224       1.0022013    0.0022186397      0.00000      0.00000
      -1.7446703       1.0007181    0.0021817734      0.00000      0.00000
      -1.7275163       1.0015697    0.0021667034      0.00000      0.00000
      -1.7103350       1.0064344    0.0021486566      0.00000      0.00000
      -1.6931812      0.99828711    0.0021769326      0.00000      0.00000
      -1.6760198      0.99560622    0.0021529586      0.00000      0.00000
      -1.6588624      0.99484690    0.0021704781      0.00000      0.00000
      -1.6417030      0.99764995    0.0021934946      0.00000      0.00000
      -1.6245494      0.99700299    0.0021213121      0.00000      0.00000
      -1.6073352       1.0036128    0.0021633996      0.00000      0.00000
      -1.5901794       1.0036710    0.0021082172      0.00000      0.00000
      -1.5730222       1.0027340    0.0021253065      0.00000      0.00000
      -1.5558700      0.99195520    0.0021257036      0.00000      0.00000
      -1.5387079      0.99899252    0.0021035689      0.00000      0.00000
      -1.5215525      0.99430397    0.0020926948      0.00000      0.00000
      -1.5043944      0.99971427    0.0021211683      0.00000      0.00000
      -1.4872407      0.99796194    0.0021206010      0.00000      0.00000
      -1.4700676       1.0034341    0.0021686385      0.00000      0.00000
      -1.4528847      0.99855493    0.0020856009      0.00000      0.00000
      -1.4357223       1.0025979    0.0021314549      0.00000      0.00000
      -1.4185246      0.99557624    0.0020911985      0.00000      0.00000
      -1.4013444       1.0017474    0.0020950580      0.00000      0.00000
      -1.3841855      0.99829263    0.0021077817      0.00000      0.00000
      -1.3669997       1.0014446    0.0020851472      0.00000      0.00000
      -1.3498463       1.0016219    0.0020539388      0.00000      0.00000
      -1.3326628      0.99373864    0.0021416373      0.00000      0.00000
      -1.3154663      0.99424756    0.0020582797      0.00000      0.00000
      -1.2982878       1.0035750    0.0020988361      0.00000      0.00000
      -1.2811327       1.0044073    0.0020992846      0.00000      0.00000
      -1.2639686      0.99764060    0.0020510925      0.00000      0.00000
      -1.2468145       1.0053798    0.0020626413      0.00000      0.00000
      -1.2296646      0.99930314    0.0020920689      0.00000      0.00000
      -1.2125125       1.0035651    0.0020468039      0.00000      0.00000
      -1.1953755       1.0005797    0.0020555531      0.00000      0.00000
      -1.1782241      0.99787383    0.0020470870      0.00000      0.00000
      -1.1610706       1.0022325    0.0020601393      0.00000      0.00000
      -1.1439169       1.0012744    0.0020978654      0.00000      0.00000
      -1.1267321       1.0033054    0.0020912955      0.00000      0.00000
      -1.1095584      0.99797041    0.0020925670      0.00000      0.00000
      -1.0924102       1.0031007    0.0020923829      0.00000      0.00000
      -1.0752579       1.0105105    0.0021047368      0.00000      0.00000
      -1.0580962       1.0010531    0.0020838654      0.00000      0.00000
      -1.0409426       1.0004567    0.0020524327      0.00000      0.00000
      -1.0237881       1.0075931    0.0021021670      0.00000      0.00000
      -1.0066325       1.0049250    0.0020719198      0.00000      0.00000
     -0.98947485       1.0048386    0.0021116877      0.00000      0.00000
     -0.97231195      0.99616860    0.0020613305      0.00000      0.00000
     -0.95515907       1.0029103    0.0021033745      0.00000      0.00000
     -0.93798331       1.0065089    0.0020963432      0.00000      0.00000
     -0.92082277       1.0044988    0.0020771501      0.00000      0.00000
     -0.90363025      0.99867684    0.0020574722      0.00000      0.00000
     -0.88647098       1.0018657    0.0021139901      0.00000      0.00000
     -0.86930338       1.0082005    0.0021580007      0.00000      0.00000
     -0.85214707       1.0065519    0.0021548270      0.00000      0.00000
     -0.83499177      0.99132948    0.0020982359      0.00000      0.00000
     -0.81781283       1.0030757    0.0021223189      0.00000      0.00000
     -0.80065585       1.0003480    0.0020737690      0.00000      0.00000
     -0.78350712      0.99991517    0.0021432571      0.00000      0.00000
     -0.76631989      0.99900338    0.0021662720      0.00000      0.00000
     -0.74916646       1.0022187    0.0020701446      0.00000      0.00000
     -0.73201772       1.0027877    0.0020776390      0.00000      0.00000
     -0.71485827       1.0038641    0.0020798819      0.00000      0.00000
     -0.69768679       1.0032753    0.0020950964      0.00000      0.00000
     -0.68053768       1.0053657    0.0021045815      0.00000      0.00000
     -0.66338503       1.0030890    0.0021109212      0.00000      0.00000
     -0.64623282       1.0015723    0.0021295512      0.00000      0.00000
     -0.62907667      0.99426480    0.0021323270      0.00000      0.00000
     -0.61190716      0.99974330    0.0021549231      0.00000      0.00000
     -0.59474967       1.0036507    0.0021029442      0.00000      0.00000
     -0.57759460       1.0012423    0.0020740031      0.00000      0.00000
     -0.56041372       1.0019748    0.0021006948      0.00000      0.00000
     -0.54326313       1.0053270    0.0020876373      0.00000      0.00000
     -0.52607189       1.0024246    0.0020641652      0.00000      0.00000
     -0.50891352      0.99768410    0.0020259303      0.00000      0.00000
     -0.49168405       1.0035728    0.0020494086      0.00000      0.00000
     -0.47451943       1.0101050    0.0021302300      0.00000      0.00000
     -0.45732503       1.0038862    0.0020993749      0.00000      0.00000
     -0.44017357       1.0086116    0.0020970972      0.00000      0.00000
     -0.42301279       1.0023366    0.0020856363      0.00000      0.00000
     -0.40583064      0.99966222    0.0020701015      0.00000      0.00000
     -0.38865100       1.0015764    0.0020503519      0.00000      0.00000
     -0.37149500       1.0067022    0.0020760105      0.00000      0.00000
     -0.35434107       1.0093605    0.0020716584      0.00000      0.00000
     -0.33717167       1.0076642    0.0020513629      0.00000      0.00000
     -0.32001138      0.99972713    0.0020273724      0.00000      0.00000
     -0.30285690      0.99448284    0.0020379501      0.00000      0.00000
     -0.28569942       1.0073698    0.0021104783      0.00000      0.00000
     -0.26853983       1.0037876    0.0020854997      0.00000      0.00000
     -0.25137686       1.0062281    0.0020725191      0.00000      0.00000
     -0.23421697       1.0072678    0.0020508779      0.00000      0.00000
     -0.21703383       1.0048235    0.0020263364      0.00000      0.00000
     -0.19983917       1.0009867    0.0020633801      0.00000      0.00000
     -0.18265923      0.99873424    0.0020686359      0.00000      0.00000
     -0.16550921       1.0063402    0.0020449404      0.00000      0.00000
     -0.14835759       1.0099499    0.0020671106      0.00000      0.00000
     -0.13120325       1.0102716    0.0020463152      0.00000      0.00000
     -0.11404668       1.0006350    0.0020145194      0.00000      0.00000
    -0.096892018       1.0112478    0.0020447530      0.00000      0.00000
    -0.079706144       1.0073282    0.0020767489      0.00000      0.00000
    -0.062549081       1.0028618    0.0020459026      0.00000      0.00000
    -0.045385737      0.99723933    0.0020404583      0.00000      0.00000
    -0.028229568       1.0000866    0.0021017737      0.00000      0.00000
    -0.011077188       1.0010444    0.0020858153      0.00000      0.00000
    0.0060829930      0.99976504    0.0021040386      0.00000      0.00000
     0.023241006      0.99449235    0.0020428467      0.00000      0.00000
     0.040394884       1.0057158    0.0021064317      0.00000      0.00000
     0.057586715       1.0014358    0.0020834117      0.00000      0.00000
     0.074738078      0.99541729    0.0020811754      0.00000      0.00000
     0.091926958      0.99864067    0.0020485497      0.00000      0.00000
      0.10908441      0.99069062    0.0020103811      0.00000      0.00000
      0.12624985      0.98902820    0.0020126032      0.00000      0.00000
      0.14343952       1.0028902    0.0020358328      0.00000      0.00000
      0.16059910       1.0028632    0.0020371476      0.00000      0.00000
      0.17781410      0.99646899    0.0019850580      0.00000      0.00000
      0.19497075       1.0009489    0.0020257957      0.00000      0.00000
      0.21213238      0.99896916    0.0020214212      0.00000      0.00000
      0.22931802       1.0042642    0.0020450759      0.00000      0.00000
      0.24653504       1.0027060    0.0020345150      0.00000      0.00000
      0.26378680       1.0005624    0.0020823998      0.00000      0.00000
      0.28097971      0.99265206    0.0020162569      0.00000      0.00000
      0.29821431       1.0025108    0.0020460787      0.00000      0.00000
      0.31541125       1.0034069    0.0020542272      0.00000      0.00000
      0.33270907       1.0016728    0.0020314864      0.00000      0.00000
      0.35002717      0.99431683    0.0020148983      0.00000      0.00000
      0.36729911      0.99753817    0.0020171058      0.00000      0.00000
      0.38443540      0.99850966    0.0020535242      0.00000      0.00000
      0.40167135      0.98927951    0.0020344777      0.00000      0.00000
      0.41898493       1.0036243    0.0020628058      0.00000      0.00000
      0.43629516       1.0060837    0.0020914664      0.00000      0.00000
      0.45350696      0.99859589    0.0020201173      0.00000      0.00000
      0.47090033      0.99491878    0.0020186460      0.00000      0.00000
      0.48835700      0.99219175    0.0020189991      0.00000      0.00000
      0.50571612       1.0013451    0.0020563897      0.00000      0.00000
      0.52294159      0.99155081    0.0020344678      0.00000      0.00000
      0.54011025      0.99856151    0.0020509434      0.00000      0.00000
      0.55726436       1.0030567    0.0020715346      0.00000      0.00000
      0.57441739       1.0029538    0.0020557714      0.00000      0.00000
      0.59157442      0.99715037    0.0020683265      0.00000      0.00000
      0.60873171      0.99456533    0.0020656069      0.00000      0.00000
      0.62589252      0.99793031    0.0020432818      0.00000      0.00000
      0.64305001       1.0012980    0.0020767588      0.00000      0.00000
      0.66020143       1.0000217    0.0020342328      0.00000      0.00000
      0.67735273      0.99827880    0.0020477588      0.00000      0.00000
      0.69450846      0.99897606    0.0020562469      0.00000      0.00000
      0.71166889      0.99988754    0.0020376739      0.00000      0.00000
      0.72882775      0.99356313    0.0020752241      0.00000      0.00000
      0.74599063      0.99411270    0.0020102827      0.00000      0.00000
      0.76317700      0.98989681    0.0019951470      0.00000      0.00000
      0.78036917      0.99877986    0.0020544873      0.00000      0.00000
      0.79755127      0.99900244    0.0020363442      0.00000      0.00000
      0.81470158      0.98815746    0.0020055269      0.00000      0.00000
      0.83185868      0.99979108    0.0020426607      0.00000      0.00000
      0.84901674      0.99475913    0.0020261319      0.00000      0.00000
      0.86617046      0.99831268    0.0020503840      0.00000      0.00000
      0.88332214      0.99929086    0.0020383608      0.00000      0.00000
      0.90048270      0.98993073    0.0020084703      0.00000      0.00000
      0.91763412      0.99735405    0.0020526775      0.00000      0.00000
      0.93478792      0.99421987    0.0020184812      0.00000      0.00000
      0.95194602      0.99405813    0.0020448740      0.00000      0.00000
      0.96910892      0.99608666    0.0020336389      0.00000      0.00000
      0.98628861      0.99977892    0.0020489503      0.00000      0.00000
       1.0035013      0.99498085    0.0020807665      0.00000      0.00000
       1.0206516      0.99535531    0.0020624553      0.00000      0.00000
       1.0378065      0.99581735    0.0020534465      0.00000      0.00000
       1.0549635      0.99741465    0.0020674475      0.00000      0.00000
       1.0721177       1.0019050    0.0020899003      0.00000      0.00000
       1.0893100      0.99344164    0.0020449079      0.00000      0.00000
       1.1064706       1.0004457    0.0021003966      0.00000      0.00000
       1.1236278       1.0001530    0.0020707968      0.00000      0.00000
       1.1408128      0.98936663    0.0020415166      0.00000      0.00000
       1.1579989       1.0039210    0.0020989049      0.00000      0.00000
       1.1751856      0.99355791    0.0020586718      0.00000      0.00000
       1.1923734      0.99670026    0.0020700055      0.00000      0.00000
       1.2095557      0.99787888    0.0020752049      0.00000      0.00000
       1.2267322      0.99355873    0.0020616986      0.00000      0.00000
       1.2438903      0.99248196    0.0020517397      0.00000      0.00000
       1.2610724      0.99998577    0.0020830701      0.00000      0.00000
       1.2782571      0.99545778    0.0020738744      0.00000      0.00000
       1.2954189      0.99733302    0.0020393610      0.00000      0.00000
       1.3126110      0.99084819    0.0020316122      0.00000      0.00000
       1.3297718      0.99644821    0.0020539549      0.00000      0.00000
       1.3469247       1.0033905    0.0020684286      0.00000      0.00000
       1.3640834      0.99709625    0.0020505626      0.00000      0.00000
       1.3812403      0.99239410    0.0020382937      0.00000      0.00000
       1.3984073      0.99752049    0.0020654692      0.00000      0.00000
       1.4155817      0.99569329    0.0020532391      0.00000      0.00000
       1.4327269      0.99893376    0.0020720496      0.00000      0.00000
       1.4498929       1.0001929    0.0021599648      0.00000      0.00000
       1.4670406      0.99795446    0.0020993307      0.00000      0.00000
       1.4842200      0.99485194    0.0020518149      0.00000      0.00000
       1.5013747       1.0013068    0.0020392444      0.00000      0.00000
       1.5185259      0.99786004    0.0020351965      0.00000      0.00000
       1.5357130       1.0018198    0.0020728730      0.00000      0.00000
       1.5529072      0.99774953    0.0020745109      0.00000      0.00000
       1.5700583       1.0032902    0.0020890325      0.00000      0.00000
       1.5872133      0.99525460    0.0020718636      0.00000      0.00000
       1.6043720       1.0020490    0.0020952617      0.00000      0.00000
       1.6215549       1.0016987    0.0021196254      0.00000      0.00000
       1.6387078      0.99802548    0.0020643767      0.00000      0.00000
       1.6558656       1.0010337    0.0020579073      0.00000      0.00000
       1.6730446      0.99965489    0.0020588488      0.00000      0.00000
       1.6902109      0.99805166    0.0020806237      0.00000      0.00000
       1.7073672       1.0004618    0.0020848010      0.00000      0.00000
       1.7245177       1.0034866    0.0020869568      0.00000      0.00000
       1.7416723       1.0002604    0.0020970976      0.00000      0.00000
       1.7588465      0.99457117    0.0020587800      0.00000      0.00000
       1.7760022      0.99498844    0.0020691712      0.00000      0.00000
       1.7931647      0.99928715    0.0020727401      0.00000      0.00000
       1.8103677       1.0007122    0.0021103691      0.00000      0.00000
       1.8275192       1.0023590    0.0020971415      0.00000      0.00000
       1.8446959       1.0043896    0.0021004230      0.00000      0.00000
       1.8618395      0.99550056    0.0021040938      0.00000      0.00000
       1.8790021      0.99787556    0.0020998679      0.00000      0.00000
       1.8961957      0.99825567    0.0021377111      0.00000      0.00000
       1.9133663       1.0016237    0.0021037674      0.00000      0.00000
       1.9305401       1.0069611    0.0021156566      0.00000      0.00000
       1.9476975       1.0028383    0.0021167885      0.00000      0.00000
       1.9648636       1.0055382    0.0021231109      0.00000      0.00000
       1.9820230       1.0009652    0.0021236399      0.00000      0.00000
       1.9991862       1.0005167    0.0021116739      0.00000      0.00000
       2.0163497       1.0053325    0.0021577499      0.00000      0.00000
       2.0335066       1.0057360    0.0021385841      0.00000      0.00000
       2.0506635       1.0039505    0.0020912121      0.00000      0.00000
       2.0678104      0.99618420    0.0020928573      0.00000      0.00000
       2.0849738       1.0056964    0.0021268854      0.00000      0.00000
       2.1021310       1.0110134    0.0021274509      0.00000      0.00000
       2.1192868       1.0045969    0.0020850406      0.00000      0.00000
       2.1364658       1.0085690    0.0021030881      0.00000      0.00000
       2.1536434       1.0071578    0.0020887367      0.00000      0.00000
       2.1708035       1.0062350    0.0021019906      0.00000      0.00000
       2.1879862       1.0034215    0.0020810415      0.00000      0.00000
       2.2051383      0.99701831    0.0020477740      0.00000      0.00000
       2.2222890       1.0031832    0.0020870423      0.00000      0.00000
       2.2394492       1.0113311    0.0021173839      0.00000      0.00000
