#JD -  2457565 (hr) Flux  Fl_err  Model_fl   Residual for 1.14um (%) Airmass
      -4.5079613      0.99305992    0.0023486277      0.00000      0.00000       1.4160000
      -4.4866787      0.99483147    0.0023216915      0.00000      0.00000       1.4080000
      -4.4653956      0.99012798    0.0023101699      0.00000      0.00000       1.4010000
      -4.4441073      0.99279818    0.0023039202      0.00000      0.00000       1.3940001
      -4.4228128      0.99239506    0.0023104803      0.00000      0.00000       1.3870000
      -4.4015156      0.99271809    0.0022686067      0.00000      0.00000       1.3800000
      -4.3802279      0.98993440    0.0022758435      0.00000      0.00000       1.3730000
      -4.3589434      0.98943303    0.0022736078      0.00000      0.00000       1.3660001
      -4.3376587      0.99256945    0.0023237115      0.00000      0.00000       1.3600000
      -4.2950823      0.98802780    0.0023605735      0.00000      0.00000       1.3470000
      -4.2737971      0.99759502    0.0023807140      0.00000      0.00000       1.3410000
      -4.2525150      0.99585767    0.0023720859      0.00000      0.00000       1.3340000
      -4.2312308      0.98555782    0.0022690175      0.00000      0.00000       1.3279999
      -4.2099406      0.98980700    0.0022907894      0.00000      0.00000       1.3220000
      -4.1886509      0.99440979    0.0022523781      0.00000      0.00000       1.3160000
      -4.1673621      0.99395565    0.0022812315      0.00000      0.00000       1.3099999
      -4.1460789       1.0018260    0.0022454260      0.00000      0.00000       1.3049999
      -4.1247933      0.99449651    0.0022082823      0.00000      0.00000       1.2990000
      -4.1035074      0.99883218    0.0022399663      0.00000      0.00000       1.2930000
      -4.0822223       1.0049347    0.0022479193      0.00000      0.00000       1.2880000
      -4.0609334       1.0139980    0.0022412533      0.00000      0.00000       1.2819999
      -4.0396478       1.0034711    0.0022351845      0.00000      0.00000       1.2770000
      -4.0183600       1.0035558    0.0022368467      0.00000      0.00000       1.2720000
      -3.9970688       1.0046843    0.0022278038      0.00000      0.00000       1.2660000
      -3.9757763       1.0033931    0.0022334300      0.00000      0.00000       1.2610000
      -3.9544877       1.0106264    0.0022519515      0.00000      0.00000       1.2560000
      -3.9332025       1.0064171    0.0022315665      0.00000      0.00000       1.2510000
      -3.9119164       1.0031845    0.0022218147      0.00000      0.00000       1.2460001
      -3.8906290       1.0073749    0.0022638839      0.00000      0.00000       1.2420000
      -3.8693396       1.0013226    0.0022618194      0.00000      0.00000       1.2370000
      -3.8480549       1.0086727    0.0023077312      0.00000      0.00000       1.2320000
      -3.8267708       1.0016048    0.0022440360      0.00000      0.00000       1.2280000
      -3.8054845       1.0022855    0.0022670295      0.00000      0.00000       1.2230000
      -3.7841999       1.0077507    0.0022665030      0.00000      0.00000       1.2190000
      -3.7629137       1.0049012    0.0022378750      0.00000      0.00000       1.2140000
      -3.7416330       1.0115787    0.0022826403      0.00000      0.00000       1.2100000
      -3.7203483       1.0071070    0.0022619058      0.00000      0.00000       1.2060000
      -3.6990596       1.0194748    0.0022940351      0.00000      0.00000       1.2010000
      -3.6777688       1.0132442    0.0022636972      0.00000      0.00000       1.1970000
      -3.6564842       1.0181128    0.0034757008      0.00000      0.00000       1.1930000
      -3.6351994       1.0116744    0.0022462937      0.00000      0.00000       1.1890000
      -3.6139144       1.0138206    0.0022451835      0.00000      0.00000       1.1849999
      -3.5926299       1.0190586    0.0022611960      0.00000      0.00000       1.1810000
      -3.5713435       1.0020624    0.0022263499      0.00000      0.00000       1.1770000
      -3.5500550       1.0071123    0.0022861350      0.00000      0.00000       1.1730000
      -3.5287660       1.0056212    0.0022716302      0.00000      0.00000       1.1700000
      -3.5074870       1.0080599    0.0023204554      0.00000      0.00000       1.1660000
      -3.4862004       1.0134097    0.0022836446      0.00000      0.00000       1.1619999
      -3.4649138       1.0091485    0.0022305936      0.00000      0.00000       1.1590000
      -3.4436293       1.0028049    0.0022610220      0.00000      0.00000       1.1550000
      -3.4223535       1.0091958    0.0022935342      0.00000      0.00000       1.1520000
      -3.4010635       1.0134867    0.0022500751      0.00000      0.00000       1.1480000
      -3.3797848       1.0105197    0.0022507321      0.00000      0.00000       1.1450000
      -3.3584981       1.0091402    0.0022295226      0.00000      0.00000       1.1420000
      -3.3372108       1.0126159    0.0022090270      0.00000      0.00000       1.1390001
      -3.3159238       1.0113172    0.0022120659      0.00000      0.00000       1.1350000
      -3.2946643       1.0110499    0.0022136855      0.00000      0.00000       1.1320000
      -3.2733795       1.0063043    0.0022306811      0.00000      0.00000       1.1289999
      -3.2520884       1.0095240    0.0022140256      0.00000      0.00000       1.1260000
      -3.2307875       1.0101602    0.0022498531      0.00000      0.00000       1.1230000
      -3.2095167       1.0095343    0.0022424033      0.00000      0.00000       1.1200000
      -3.1882283       1.0119104    0.0022573715      0.00000      0.00000       1.1170000
      -3.1669402       1.0069813    0.0022466768      0.00000      0.00000       1.1140000
      -3.1456558       1.0063215    0.0022222785      0.00000      0.00000       1.1109999
      -3.1243688       1.0143198    0.0022242149      0.00000      0.00000       1.1090000
      -3.1030767       1.0062161    0.0022440215      0.00000      0.00000       1.1059999
      -3.0817351       1.0046619    0.0022330170      0.00000      0.00000       1.1030000
      -3.0604299       1.0045844    0.0022182745      0.00000      0.00000       1.1010000
      -3.0391400       1.0095190    0.0022358650      0.00000      0.00000       1.0980000
      -3.0178195       1.0125256    0.0022474814      0.00000      0.00000       1.0950000
      -2.9965365       1.0036701    0.0022324717      0.00000      0.00000       1.0930001
      -2.9752419       1.0034682    0.0022323988      0.00000      0.00000       1.0900000
      -2.9326723      0.99556252    0.0022238850      0.00000      0.00000       1.0860000
      -2.9113919       1.0076871    0.0022405060      0.00000      0.00000       1.0829999
      -2.8901050       1.0010022    0.0022344359      0.00000      0.00000       1.0810000
      -2.8688100       1.0021053    0.0022674986      0.00000      0.00000       1.0790000
      -2.8475259       1.0035018    0.0022416524      0.00000      0.00000       1.0760000
      -2.8262412      0.99524905    0.0022360203      0.00000      0.00000       1.0740000
      -2.8049542       1.0029579    0.0022513788      0.00000      0.00000       1.0720000
      -2.7836670       1.0013003    0.0022125296      0.00000      0.00000       1.0700001
      -2.7623799       1.0060111    0.0022291949      0.00000      0.00000       1.0680000
      -2.7410997       1.0061633    0.0022343619      0.00000      0.00000       1.0660000
      -2.7198104       1.0154890    0.0022620617      0.00000      0.00000       1.0640000
      -2.6985222       1.0043516    0.0022591192      0.00000      0.00000       1.0620000
      -2.6772096      0.99916888    0.0022110757      0.00000      0.00000       1.0599999
      -2.6559244      0.99503422    0.0022067997      0.00000      0.00000       1.0580000
      -2.6346418       1.0121466    0.0022615673      0.00000      0.00000       1.0560000
      -2.6133788       1.0021385    0.0022480529      0.00000      0.00000       1.0549999
      -2.5920948       1.0005574    0.0022719452      0.00000      0.00000       1.0530000
      -2.5708120       1.0016722    0.0022281913      0.00000      0.00000       1.0510000
      -2.5494897       1.0025610    0.0022195069      0.00000      0.00000       1.0490000
      -2.5282015       1.0073976    0.0022446999      0.00000      0.00000       1.0480000
      -2.5069191       1.0072878    0.0022642427      0.00000      0.00000       1.0460000
      -2.4856354       1.0056030    0.0022233381      0.00000      0.00000       1.0440000
      -2.4643516       1.0074463    0.0022277660      0.00000      0.00000       1.0430000
      -2.4430683       1.0026045    0.0022266157      0.00000      0.00000       1.0410000
      -2.4217818       1.0045203    0.0022282151      0.00000      0.00000       1.0400000
      -2.4004989       1.0025273    0.0022034173      0.00000      0.00000       1.0380000
      -2.3792167       1.0163413    0.0022375535      0.00000      0.00000       1.0369999
      -2.3579327      0.99936823    0.0022333493      0.00000      0.00000       1.0360000
      -2.3366460       1.0121451    0.0022374198      0.00000      0.00000       1.0340000
      -2.3153603       1.0132829    0.0022369897      0.00000      0.00000       1.0330000
      -2.2940740      0.99287795    0.0022411907      0.00000      0.00000       1.0319999
      -2.2727892       1.0025869    0.0022486627      0.00000      0.00000       1.0300000
      -2.2515030       1.0018839    0.0022140083      0.00000      0.00000       1.0290000
      -2.2302154       1.0153121    0.0022389591      0.00000      0.00000       1.0280000
      -2.2089278       1.0069795    0.0022173265      0.00000      0.00000       1.0270000
      -2.1876383       1.0075753    0.0022248369      0.00000      0.00000       1.0260000
      -2.1663489       1.0105255    0.0022503145      0.00000      0.00000       1.0240000
      -2.1450635       1.0129265    0.0022559313      0.00000      0.00000       1.0230000
      -2.1237799       1.0002172    0.0022443945      0.00000      0.00000       1.0220000
      -2.1024884       1.0112709    0.0022354941      0.00000      0.00000       1.0210000
      -2.0811985       1.0074050    0.0022219336      0.00000      0.00000       1.0200000
      -2.0599118       1.0102643    0.0022390927      0.00000      0.00000       1.0190001
      -2.0386263       1.0169426    0.0022663494      0.00000      0.00000       1.0180000
      -2.0173329       1.0126269    0.0022636188      0.00000      0.00000       1.0180000
      -1.9960691       1.0098787    0.0022456512      0.00000      0.00000       1.0170000
      -1.9747869       1.0036214    0.0022342948      0.00000      0.00000       1.0160000
      -1.9534993       1.0066069    0.0022560339      0.00000      0.00000       1.0150000
      -1.9109266       1.0051021    0.0022405631      0.00000      0.00000       1.0140001
      -1.8896425       1.0043125    0.0022522418      0.00000      0.00000       1.0130000
      -1.8683515       1.0105100    0.0022256775      0.00000      0.00000       1.0120000
      -1.8470625       1.0078424    0.0022118902      0.00000      0.00000       1.0120000
      -1.8257635       1.0032691    0.0022375651      0.00000      0.00000       1.0110000
      -1.8044778       1.0068030    0.0022209343      0.00000      0.00000       1.0100000
      -1.7832113       1.0028962    0.0022434027      0.00000      0.00000       1.0100000
      -1.7619204      0.99386735    0.0022081622      0.00000      0.00000       1.0089999
      -1.7406241       1.0011497    0.0021959924      0.00000      0.00000       1.0089999
      -1.7193345       1.0080455    0.0022948463      0.00000      0.00000       1.0080000
      -1.6980541      0.99949665    0.0022831938      0.00000      0.00000       1.0080000
      -1.6767681       1.0026721    0.0022294201      0.00000      0.00000       1.0070000
      -1.6554749      0.99761990    0.0022125385      0.00000      0.00000       1.0070000
      -1.6341845      0.99745136    0.0021897318      0.00000      0.00000       1.0070000
      -1.6128945      0.99528869    0.0022086899      0.00000      0.00000       1.0060000
      -1.5916034      0.99944121    0.0021902061      0.00000      0.00000       1.0060000
      -1.5703135       1.0047690    0.0022003753      0.00000      0.00000       1.0060000
      -1.5490272      0.99172664    0.0022147276      0.00000      0.00000       1.0060000
      -1.5277421      0.99232374    0.0022143367      0.00000      0.00000       1.0050000
      -1.5064534       1.0006379    0.0022124352      0.00000      0.00000       1.0050000
      -1.4851331      0.99703457    0.0022016006      0.00000      0.00000       1.0050000
      -1.4637620      0.99675601    0.0022055291      0.00000      0.00000       1.0050000
      -1.4424256       1.0015639    0.0022177638      0.00000      0.00000       1.0050000
      -1.4210700      0.99435853    0.0021918060      0.00000      0.00000       1.0050000
      -1.3997464      0.99522369    0.0022032607      0.00000      0.00000       1.0050000
      -1.3784496      0.99788417    0.0021686372      0.00000      0.00000       1.0050000
      -1.3571502      0.99614248    0.0021674301      0.00000      0.00000       1.0050000
      -1.3358176       1.0001554    0.0021993598      0.00000      0.00000       1.0050000
      -1.3144943      0.99615291    0.0021662556      0.00000      0.00000       1.0050000
      -1.2931982      0.99967010    0.0021715202      0.00000      0.00000       1.0050000
      -1.2718925      0.99499646    0.0021752182      0.00000      0.00000       1.0050000
      -1.2505543      0.99314759    0.0021741350      0.00000      0.00000       1.0050000
      -1.2292571      0.98860270    0.0021793630      0.00000      0.00000       1.0060000
      -1.2079121      0.98766504    0.0022091829      0.00000      0.00000       1.0060000
      -1.1864119      0.99774161    0.0021920824      0.00000      0.00000       1.0060000
      -1.1648556      0.99012419    0.0021679432      0.00000      0.00000       1.0060000
      -1.1432757      0.99165509    0.0021735118      0.00000      0.00000       1.0070000
      -1.1217138      0.99390265    0.0021978425      0.00000      0.00000       1.0070000
      -1.1001447      0.99135843    0.0022037948      0.00000      0.00000       1.0070000
      -1.0786917      0.98229897    0.0022422225      0.00000      0.00000       1.0080000
      -1.0572883      0.99052747    0.0022439562      0.00000      0.00000       1.0080000
      -1.0359918      0.99421550    0.0022145479      0.00000      0.00000       1.0089999
      -1.0146990      0.99326614    0.0022109896      0.00000      0.00000       1.0089999
     -0.99341132      0.99671454    0.0022290070      0.00000      0.00000       1.0100000
     -0.97212387      0.99135527    0.0021856269      0.00000      0.00000       1.0100000
     -0.95083896      0.99033428    0.0021961484      0.00000      0.00000       1.0110000
     -0.92955304      0.98243143    0.0021678284      0.00000      0.00000       1.0110000
     -0.90826621      0.98856653    0.0021779368      0.00000      0.00000       1.0120000
     -0.88698229      0.98422548    0.0021784592      0.00000      0.00000       1.0130000
     -0.86567354      0.98624243    0.0021836095      0.00000      0.00000       1.0130000
     -0.84438941      0.98429380    0.0021688849      0.00000      0.00000       1.0140001
     -0.82310593      0.98800142    0.0021823213      0.00000      0.00000       1.0150000
     -0.80182615      0.98628397    0.0021640179      0.00000      0.00000       1.0160000
     -0.78054763      0.98075892    0.0021666434      0.00000      0.00000       1.0160000
     -0.75925862      0.98872512    0.0021773760      0.00000      0.00000       1.0170000
     -0.73797115      0.98503946    0.0021748691      0.00000      0.00000       1.0180000
     -0.71670296      0.98842065    0.0021762251      0.00000      0.00000       1.0190001
     -0.69542237      0.98178805    0.0021600551      0.00000      0.00000       1.0200000
     -0.67411321      0.98830834    0.0021799813      0.00000      0.00000       1.0210000
     -0.65283032      0.98190652    0.0021728548      0.00000      0.00000       1.0220000
     -0.63155042      0.98112563    0.0021697593      0.00000      0.00000       1.0230000
     -0.61026839      0.98549021    0.0022007301      0.00000      0.00000       1.0240000
     -0.58898444      0.97571013    0.0021658997      0.00000      0.00000       1.0250000
     -0.56766572      0.98820582    0.0022110553      0.00000      0.00000       1.0260000
     -0.54637922      0.98330907    0.0021728594      0.00000      0.00000       1.0270000
     -0.52509350      0.98096798    0.0021728178      0.00000      0.00000       1.0290000
     -0.50380809      0.97674526    0.0021647079      0.00000      0.00000       1.0300000
     -0.48252201      0.97338026    0.0021800261      0.00000      0.00000       1.0310000
     -0.46121979      0.98384993    0.0021781000      0.00000      0.00000       1.0319999
     -0.43993957      0.98344460    0.0021573142      0.00000      0.00000       1.0340000
     -0.41866070      0.98587327    0.0021561225      0.00000      0.00000       1.0350000
     -0.39737700      0.98282649    0.0021823417      0.00000      0.00000       1.0360000
     -0.37609053      0.98031907    0.0021597135      0.00000      0.00000       1.0380000
     -0.35480246      0.97230075    0.0021326282      0.00000      0.00000       1.0390000
     -0.33352101      0.97835616    0.0021424480      0.00000      0.00000       1.0410000
     -0.31223339      0.98727597    0.0021642201      0.00000      0.00000       1.0420001
     -0.29094817      0.98267011    0.0021888800      0.00000      0.00000       1.0440000
     -0.26966213      0.98670447    0.0022046714      0.00000      0.00000       1.0450000
     -0.24837996      0.98995928    0.0021710305      0.00000      0.00000       1.0470001
     -0.22709475      0.97900720    0.0021701326      0.00000      0.00000       1.0490000
     -0.20581328      0.98250227    0.0021731226      0.00000      0.00000       1.0500000
     -0.18454986      0.98726523    0.0021888860      0.00000      0.00000       1.0520000
     -0.16326788      0.98380128    0.0021633515      0.00000      0.00000       1.0540000
     -0.14198078      0.98479012    0.0021655595      0.00000      0.00000       1.0560000
     -0.12069470      0.99219777    0.0021818192      0.00000      0.00000       1.0570000
    -0.099403773      0.98682499    0.0021746808      0.00000      0.00000       1.0590000
    -0.078121606      0.98491104    0.0021606234      0.00000      0.00000       1.0610000
    -0.056835741      0.99755782    0.0021895721      0.00000      0.00000       1.0630000
    -0.035551451      0.98584949    0.0021637785      0.00000      0.00000       1.0650001
    -0.014262501      0.99518373    0.0021685986      0.00000      0.00000       1.0670000
    0.0070317909      0.99285663    0.0021672467      0.00000      0.00000       1.0690000
     0.028319634      0.99339757    0.0022053426      0.00000      0.00000       1.0710000
     0.049611636       1.0021986    0.0022118491      0.00000      0.00000       1.0730000
     0.070890438      0.98965907    0.0021927818      0.00000      0.00000       1.0760000
     0.092175856      0.99192686    0.0022009922      0.00000      0.00000       1.0779999
      0.11345667      0.99395691    0.0021991813      0.00000      0.00000       1.0800000
      0.13474718      0.99875194    0.0022021915      0.00000      0.00000       1.0820000
      0.15603294      0.99437338    0.0021577941      0.00000      0.00000       1.0850000
      0.17732018       1.0013529    0.0021938888      0.00000      0.00000       1.0870000
      0.19860030      0.99578114    0.0021938930      0.00000      0.00000       1.0890000
      0.21991114      0.99787738    0.0021834610      0.00000      0.00000       1.0920000
      0.24119604      0.99659852    0.0021625692      0.00000      0.00000       1.0940000
      0.26248111       1.0013193    0.0022012188      0.00000      0.00000       1.0970000
      0.28376437       1.0018019    0.0021854134      0.00000      0.00000       1.1000000
      0.30505269      0.99807539    0.0022004627      0.00000      0.00000       1.1020000
      0.32633759       1.0000000    0.0021866273      0.00000      0.00000       1.1050000
      0.34762360       1.0054685    0.0022006403      0.00000      0.00000       1.1080000
      0.36890593       1.0049417    0.0021966624      0.00000      0.00000       1.1100000
      0.39019101       1.0037071    0.0022198182      0.00000      0.00000       1.1130000
      0.41147520       1.0058260    0.0023361282      0.00000      0.00000       1.1160001
      0.43276212       1.0102180    0.0022340608      0.00000      0.00000       1.1190000
      0.45407556       1.0066647    0.0022483955      0.00000      0.00000       1.1220000
      0.47536588       1.0022717    0.0022313239      0.00000      0.00000       1.1250000
      0.49665185       1.0070292    0.0022224044      0.00000      0.00000       1.1280000
      0.51793963       1.0024306    0.0022072008      0.00000      0.00000       1.1310000
      0.53922379       1.0061586    0.0022000547      0.00000      0.00000       1.1339999
      0.56051090       1.0059842    0.0022101534      0.00000      0.00000       1.1370000
      0.58182743       1.0086927    0.0022212599      0.00000      0.00000       1.1400000
      0.60311656      0.99706364    0.0022422908      0.00000      0.00000       1.1440001
      0.62439974       1.0081550    0.0022494989      0.00000      0.00000       1.1470000
      0.64568509      0.99935773    0.0022453569      0.00000      0.00000       1.1500000
      0.66694215       1.0050700    0.0022278331      0.00000      0.00000       1.1540000
      0.68823010       1.0051702    0.0022454825      0.00000      0.00000       1.1569999
      0.70951850       1.0098129    0.0022609353      0.00000      0.00000       1.1610000
      0.73080416      0.99777407    0.0022301401      0.00000      0.00000       1.1650000
      0.75209593       1.0011449    0.0022271872      0.00000      0.00000       1.1680000
      0.77338417       1.0039084    0.0022338733      0.00000      0.00000       1.1720001
      0.79466857       1.0021913    0.0022320551      0.00000      0.00000       1.1760000
      0.81595929       1.0005754    0.0022251582      0.00000      0.00000       1.1799999
      0.83724816       1.0045824    0.0022642032      0.00000      0.00000       1.1830000
      0.85853855       1.0069917    0.0022670571      0.00000      0.00000       1.1870000
      0.87982589       1.0027640    0.0022920049      0.00000      0.00000       1.1910000
      0.90109129       1.0024512    0.0023106384      0.00000      0.00000       1.1950001
      0.92238396       1.0051100    0.0024195710      0.00000      0.00000       1.2000000
      0.94367310       1.0002114    0.0022993594      0.00000      0.00000       1.2040000
      0.96495920       1.0018170    0.0022571671      0.00000      0.00000       1.2079999
      0.98624663       1.0000677    0.0022758330      0.00000      0.00000       1.2120000
       1.0075327       1.0033310    0.0022632400      0.00000      0.00000       1.2170000
       1.0288198      0.99518752    0.0022565617      0.00000      0.00000       1.2210000
       1.0501104       1.0027989    0.0022787180      0.00000      0.00000       1.2260000
       1.0713952      0.99269061    0.0022542383      0.00000      0.00000       1.2300000
       1.0926827      0.99605331    0.0022562076      0.00000      0.00000       1.2350000
       1.1139714       1.0036178    0.0022888296      0.00000      0.00000       1.2400000
       1.1352604      0.99823422    0.0022534542      0.00000      0.00000       1.2440000
       1.1565445      0.99827576    0.0022666974      0.00000      0.00000       1.2490000
       1.1778304      0.99992757    0.0022897951      0.00000      0.00000       1.2539999
       1.1991148      0.99596027    0.0022847960      0.00000      0.00000       1.2589999
       1.2204035       1.0016532    0.0022935624      0.00000      0.00000       1.2640001
       1.2416932      0.99788559    0.0023326678      0.00000      0.00000       1.2700000
       1.2629996      0.98880726    0.0024615026      0.00000      0.00000       1.2750000
       1.2842866      0.99475217    0.0024800964      0.00000      0.00000       1.2800000
       1.3055758      0.99523017    0.0025557031      0.00000      0.00000       1.2850000
       1.3268633      0.97443340    0.0023867374      0.00000      0.00000       1.2910000
       1.3481439      0.99462786    0.0023384385      0.00000      0.00000       1.2970001
       1.3694396      0.99604841    0.0023384429      0.00000      0.00000       1.3020000
       1.3907259      0.99058450    0.0024915226      0.00000      0.00000       1.3080000
       1.4120099      0.99575334    0.0024286420      0.00000      0.00000       1.3140000
       1.4332928      0.99864508    0.0024993158      0.00000      0.00000       1.3200001
       1.4545817      0.99420144    0.0024913163      0.00000      0.00000       1.3260000
       1.4758677      0.99715478    0.0024228907      0.00000      0.00000       1.3320000
       1.4971568      0.99583422    0.0023873566      0.00000      0.00000       1.3380001
       1.5184443      0.99253399    0.0023705773      0.00000      0.00000       1.3440000
       1.5397365      0.98382845    0.0037897670      0.00000      0.00000       1.3510000
       1.5610209      0.99734276    0.0023075964      0.00000      0.00000       1.3570000
       1.5823297      0.99434905    0.0023613437      0.00000      0.00000       1.3640000
       1.6036168       1.0004612    0.0023309127      0.00000      0.00000       1.3700000
       1.6248999      0.99505436    0.0023228334      0.00000      0.00000       1.3770000
       1.6461870      0.99841690    0.0023281867      0.00000      0.00000       1.3839999
       1.6674712      0.99658635    0.0023075106      0.00000      0.00000       1.3910000
       1.6887611      0.99793125    0.0023444482      0.00000      0.00000       1.3980000
       1.7100477       1.0035818    0.0023470662      0.00000      0.00000       1.4050000
       1.7313302       1.0089511    0.0023607041      0.00000      0.00000       1.4130000
       1.7526195       1.0106723    0.0023745376      0.00000      0.00000       1.4200000
       1.7739096      0.99577569    0.0023460235      0.00000      0.00000       1.4280000
       1.7951940       1.0046238    0.0023743485      0.00000      0.00000       1.4349999
       1.8164771      0.99402926    0.0023836506      0.00000      0.00000       1.4430000
       1.8377657       1.0025646    0.0023654762      0.00000      0.00000       1.4510000
       1.8590505       1.0022441    0.0023448133      0.00000      0.00000       1.4590000
       1.8803402       1.0015311    0.0023334629      0.00000      0.00000       1.4670000
       1.9016242      0.99967239    0.0023544810      0.00000      0.00000       1.4760000
       1.9229171      0.99928562    0.0023403878      0.00000      0.00000       1.4840000
       1.9442026       1.0097830    0.0023591677      0.00000      0.00000       1.4930000
       1.9654895       1.0053165    0.0023561404      0.00000      0.00000       1.5020000
       1.9867744       1.0042528    0.0023746372      0.00000      0.00000       1.5110000
       2.0080604       1.0004424    0.0023475135      0.00000      0.00000       1.5200000
       2.0293426       1.0017419    0.0023422485      0.00000      0.00000       1.5290000
       2.0506265       1.0062897    0.0023766384      0.00000      0.00000       1.5380000
       2.0719079       1.0051538    0.0023945710      0.00000      0.00000       1.5480000
       2.0931978       1.0035757    0.0024222980      0.00000      0.00000       1.5570000
       2.1144856      0.99619658    0.0024374234      0.00000      0.00000       1.5670000
       2.1357764      0.99799182    0.0024339725      0.00000      0.00000       1.5770000
       2.1570659      0.99756106    0.0024536701      0.00000      0.00000       1.5870000
       2.1783537       1.0003686    0.0024207186      0.00000      0.00000       1.5970000
       2.1996406      0.99822908    0.0024176300      0.00000      0.00000       1.6080000
       2.2209243       1.0029293    0.0024415921      0.00000      0.00000       1.6190000
       2.2422080      0.99958140    0.0024610841      0.00000      0.00000       1.6300000
       2.2634933       1.0074731    0.0024613441      0.00000      0.00000       1.6410000
       2.2847803      0.99802666    0.0024080540      0.00000      0.00000       1.6520000
       2.3060650       1.0018411    0.0024438013      0.00000      0.00000       1.6630000
       2.3273491      0.99695196    0.0024652120      0.00000      0.00000       1.6750000
       2.3486363       1.0044732    0.0024491495      0.00000      0.00000       1.6870000
       2.3699216       1.0010322    0.0024863748      0.00000      0.00000       1.6990000
       2.3912100       1.0000277    0.0024988826      0.00000      0.00000       1.7110000
       2.4124989      0.99726062    0.0024837556      0.00000      0.00000       1.7240000
       2.4337846      0.99229633    0.0024856875      0.00000      0.00000       1.7370000
       2.4550720      0.99550652    0.0025568960      0.00000      0.00000       1.7500000
       2.4763804      0.99217423    0.0025456620      0.00000      0.00000       1.7630000
       2.4976665      0.98653244    0.0026876839      0.00000      0.00000       1.7760000
       2.5189524       1.0002204    0.0027116575      0.00000      0.00000       1.7900000
       2.5402373       1.0021640    0.0027094877      0.00000      0.00000       1.8040000
       2.5615239      0.99598120    0.0026363239      0.00000      0.00000       1.8180000
       2.5828096      0.99582814    0.0026240849      0.00000      0.00000       1.8329999
       2.6040757      0.99346178    0.0026799580      0.00000      0.00000       1.8480000
       2.6253590      0.99331677    0.0026197866      0.00000      0.00000       1.8630000
       2.6466481      0.98950135    0.0027616378      0.00000      0.00000       1.8780000
       2.6679351      0.99578785    0.0027250605      0.00000      0.00000       1.8940001
       2.6893067      0.99650635    0.0026724850      0.00000      0.00000       1.9100000
       2.7106012      0.97554174    0.0026635740      0.00000      0.00000       1.9270000
       2.7318859      0.98583867    0.0027055525      0.00000      0.00000       1.9430000
       2.7531718      0.98672524    0.0027362067      0.00000      0.00000       1.9600000
       2.7744564      0.98855594    0.0027237718      0.00000      0.00000       1.9780000
       2.7957372       1.0029199    0.0027681105      0.00000      0.00000       1.9960001
       2.8170511      0.99548694    0.0027656778      0.00000      0.00000       2.0139999
       2.8383384      0.98613620    0.0027457052      0.00000      0.00000       2.0320001
       2.8596192      0.98730141    0.0027289917      0.00000      0.00000       2.0510001
       2.8809043       1.0121278    0.0027953186      0.00000      0.00000       2.0699999
       2.9021905      0.99461333    0.0027328303      0.00000      0.00000       2.0899999
       2.9234769      0.98394984    0.0027446593      0.00000      0.00000       2.1099999
       2.9447625      0.98908709    0.0027277323      0.00000      0.00000       2.1310000
       2.9660517      0.98298350    0.0027107856      0.00000      0.00000       2.1520000
