0.0025000000 0.9999651775 0.0002672612 ,
0.0075000000 0.9999563638 0.0002500000 ,
0.0125000000 0.9995355955 0.0002500000 ,
0.0175000000 1.0000477146 0.0002672612 ,
0.0225000000 0.9999672232 0.0002425356 ,
0.0275000000 1.0001276442 0.0002672612 ,
0.0325000000 0.9995717685 0.0002773501 ,
0.0375000000 1.0000000516 0.0002357023 ,
0.0425000000 1.0003712729 0.0002581989 ,
0.0475000000 0.9995870861 0.0002500000 ,
0.0525000000 0.9999909872 0.0002581989 ,
0.0575000000 0.9999911096 0.0002886751 ,
0.0625000000 1.0000561034 0.0002581989 ,
0.0675000000 0.9997922461 0.0002500000 ,
0.0725000000 0.9998807367 0.0002581989 ,
0.0775000000 1.0000719091 0.0002357023 ,
0.0825000000 0.9997753301 0.0002886751 ,
0.0875000000 0.9999404884 0.0002672612 ,
0.0925000000 0.9996932780 0.0002500000 ,
0.0975000000 1.0003807208 0.0002500000 ,
0.1025000000 0.9996430758 0.0002500000 ,
0.1075000000 0.9998616292 0.0002500000 ,
0.1125000000 1.0000464028 0.0002773501 ,
0.1175000000 0.9998377506 0.0002425356 ,
0.1225000000 0.9995096567 0.0002581989 ,
0.1275000000 1.0001386620 0.0002500000 ,
0.1325000000 0.9999760615 0.0002357023 ,
0.1375000000 0.9996142751 0.0002672612 ,
0.1425000000 0.9996901993 0.0002672612 ,
0.1475000000 1.0001791290 0.0002500000 ,
0.1525000000 0.9999637004 0.0002672612 ,
0.1575000000 0.9995004931 0.0002425356 ,
0.1625000000 1.0003013342 0.0002425356 ,
0.1675000000 1.0000786370 0.0002672612 ,
0.1725000000 1.0001681367 0.0002581989 ,
0.1775000000 0.9995061060 0.0002500000 ,
0.1825000000 0.9999920517 0.0002425356 ,
0.1875000000 1.0001126299 0.0002581989 ,
0.1925000000 0.9996104061 0.0002581989 ,
0.1975000000 0.9999009445 0.0002672612 ,
0.2025000000 1.0002399682 0.0002425356 ,
0.2075000000 1.0000761845 0.0002773501 ,
0.2125000000 0.9997323734 0.0002357023 ,
0.2175000000 0.9999379193 0.0002581989 ,
0.2225000000 1.0000516672 0.0002773501 ,
0.2275000000 0.9996211770 0.0002581989 ,
0.2325000000 1.0001262204 0.0002500000 ,
0.2375000000 0.9995540389 0.0002581989 ,
0.2425000000 0.9999631864 0.0002886751 ,
0.2475000000 1.0001705711 0.0002500000 ,
0.2525000000 0.9999332208 0.0002425356 ,
0.2575000000 1.0000322585 0.0002581989 ,
0.2625000000 0.9994878475 0.0002581989 ,
0.2675000000 0.9999851433 0.0002425356 ,
0.2725000000 1.0001125257 0.0002672612 ,
0.2775000000 1.0003007881 0.0002672612 ,
0.2825000000 0.9996006761 0.0002425356 ,
0.2875000000 1.0000718682 0.0002581989 ,
0.2925000000 0.9998983034 0.0002500000 ,
0.2975000000 0.9995762491 0.0002581989 ,
0.3025000000 1.0004975014 0.0002672612 ,
0.3075000000 1.0001061407 0.0002500000 ,
0.3125000000 1.0001863356 0.0002672612 ,
0.3175000000 0.9997554360 0.0002581989 ,
0.3225000000 1.0000150705 0.0002581989 ,
0.3275000000 1.0003041606 0.0002672612 ,
0.3325000000 1.0001081688 0.0002581989 ,
0.3375000000 0.9996401729 0.0002672612 ,
0.3425000000 0.9998894715 0.0002425356 ,
0.3475000000 0.9997989869 0.0002500000 ,
0.3525000000 0.9996748142 0.0002500000 ,
0.3575000000 1.0001525704 0.0002500000 ,
0.3625000000 1.0004808370 0.0002581989 ,
0.3675000000 1.0004930018 0.0002672612 ,
0.3725000000 0.9998159439 0.0002500000 ,
0.3775000000 1.0002415682 0.0002357023 ,
0.3825000000 1.0003396107 0.0002672612 ,
0.3875000000 0.9997459079 0.0002672612 ,
0.3925000000 1.0001287263 0.0002500000 ,
0.3975000000 1.0001858988 0.0002581989 ,
0.4025000000 0.9997732158 0.0002672612 ,
0.4075000000 0.9998328832 0.0002581989 ,
0.4125000000 1.0001161600 0.0002357023 ,
0.4175000000 1.0003561438 0.0002425356 ,
0.4225000000 0.9995528685 0.0002500000 ,
0.4275000000 1.0002374434 0.0002425356 ,
0.4325000000 0.9998415875 0.0002425356 ,
0.4375000000 0.9994706764 0.0002773501 ,
0.4425000000 0.9992052383 0.0002581989 ,
0.4475000000 0.9993085824 0.0002425356 ,
0.4525000000 0.9978335855 0.0002425356 ,
0.4575000000 0.9982378779 0.0002773501 ,
0.4625000000 0.9981039200 0.0002581989 ,
0.4675000000 0.9970329188 0.0002500000 ,
0.4725000000 0.9969160326 0.0002581989 ,
0.4775000000 0.9959677626 0.0002425356 ,
0.4825000000 0.9949730578 0.0002357023 ,
0.4875000000 0.9954718904 0.0002425356 ,
0.4925000000 0.9949137203 0.0002773501 ,
0.4975000000 0.9937191741 0.0002672612 ,
0.5025000000 0.9954244524 0.0002357023 ,
0.5075000000 0.9938651759 0.0002672612 ,
0.5125000000 0.9954881787 0.0002581989 ,
0.5175000000 0.9952371577 0.0002581989 ,
0.5225000000 0.9963591026 0.0002500000 ,
0.5275000000 0.9971857848 0.0002672612 ,
0.5325000000 0.9967966945 0.0002425356 ,
0.5375000000 0.9973039780 0.0002425356 ,
0.5425000000 0.9984481002 0.0002500000 ,
0.5475000000 0.9988061837 0.0003162278 ,
0.5525000000 0.9990141672 0.0002425356 ,
0.5575000000 0.9996544711 0.0002236068 ,
0.5625000000 1.0002256673 0.0002773501 ,
0.5675000000 0.9997671976 0.0002425356 ,
0.5725000000 1.0000067505 0.0002500000 ,
0.5775000000 1.0004431769 0.0002500000 ,
0.5825000000 1.0004689419 0.0002581989 ,
0.5875000000 1.0003107572 0.0002294157 ,
0.5925000000 1.0003429085 0.0002357023 ,
0.5975000000 1.0003695872 0.0002672612 ,
0.6025000000 0.9999778570 0.0002581989 ,
0.6075000000 1.0004556864 0.0002357023 ,
0.6125000000 0.9998096434 0.0002500000 ,
0.6175000000 0.9998731963 0.0002500000 ,
0.6225000000 0.9999931207 0.0002581989 ,
0.6275000000 1.0001065825 0.0002425356 ,
0.6325000000 1.0001283010 0.0002425356 ,
0.6375000000 0.9997015659 0.0002425356 ,
0.6425000000 1.0000020827 0.0002425356 ,
0.6475000000 1.0002953114 0.0002357023 ,
0.6525000000 1.0000250353 0.0002773501 ,
0.6575000000 0.9996139879 0.0002672612 ,
0.6625000000 1.0000473003 0.0002425356 ,
0.6675000000 1.0001817367 0.0002581989 ,
0.6725000000 0.9994624202 0.0002581989 ,
0.6775000000 1.0002033275 0.0002581989 ,
0.6825000000 0.9999841823 0.0002672612 ,
0.6875000000 1.0002281912 0.0002672612 ,
0.6925000000 0.9996872276 0.0002581989 ,
0.6975000000 1.0000936216 0.0002425356 ,
0.7025000000 1.0001367714 0.0002357023 ,
0.7075000000 1.0003769268 0.0003162278 ,
0.7125000000 0.9999336080 0.0002425356 ,
0.7175000000 1.0001263113 0.0002425356 ,
0.7225000000 1.0004696449 0.0002500000 ,
0.7275000000 0.9997186069 0.0002425356 ,
0.7325000000 0.9999119293 0.0002500000 ,
0.7375000000 1.0000645331 0.0002672612 ,
0.7425000000 1.0001290651 0.0002581989 ,
0.7475000000 0.9994804575 0.0002672612 ,
0.7525000000 1.0001615967 0.0002500000 ,
0.7575000000 0.9999590123 0.0002672612 ,
0.7625000000 1.0001893262 0.0002773501 ,
0.7675000000 0.9996913047 0.0002500000 ,
0.7725000000 0.9999175331 0.0002425356 ,
0.7775000000 0.9994871520 0.0002500000 ,
0.7825000000 0.9998549614 0.0002500000 ,
0.7875000000 0.9999678743 0.0002672612 ,
0.7925000000 1.0001925966 0.0002581989 ,
0.7975000000 1.0001606127 0.0002425356 ,
0.8025000000 0.9996796903 0.0002672612 ,
0.8075000000 0.9999812662 0.0002500000 ,
0.8125000000 1.0000009541 0.0002773501 ,
0.8175000000 0.9998830494 0.0002581989 ,
0.8225000000 1.0000516270 0.0002425356 ,
0.8275000000 1.0001943452 0.0002581989 ,
0.8325000000 0.9998688766 0.0002581989 ,
0.8375000000 0.9996318532 0.0002773501 ,
0.8425000000 0.9998917831 0.0002672612 ,
0.8475000000 0.9998966025 0.0002773501 ,
0.8525000000 0.9994526212 0.0002500000 ,
0.8575000000 1.0001476534 0.0002672612 ,
0.8625000000 1.0001228411 0.0002357023 ,
0.8675000000 1.0000086370 0.0002672612 ,
0.8725000000 1.0000137615 0.0002425356 ,
0.8775000000 0.9997865017 0.0002425356 ,
0.8825000000 1.0002257596 0.0003015113 ,
0.8875000000 0.9999909556 0.0002357023 ,
0.8925000000 1.0000696113 0.0002672612 ,
0.8975000000 1.0000374981 0.0002672612 ,
0.9025000000 1.0003346317 0.0002425356 ,
0.9075000000 0.9994855809 0.0002500000 ,
0.9125000000 0.9998491527 0.0002581989 ,
0.9175000000 1.0001102946 0.0002500000 ,
0.9225000000 0.9996199713 0.0002581989 ,
0.9275000000 1.0000036052 0.0002425356 ,
0.9325000000 0.9999701150 0.0002357023 ,
0.9375000000 1.0011190018 0.0002886751 ,
0.9425000000 0.9996727706 0.0002500000 ,
0.9475000000 1.0000315532 0.0002773501 ,
0.9525000000 1.0002426841 0.0002500000 ,
0.9575000000 1.0000388880 0.0002581989 ,
0.9625000000 0.9992424469 0.0002581989 ,
0.9675000000 0.9996902907 0.0002500000 ,
0.9725000000 0.9999240016 0.0002581989 ,
0.9775000000 0.9995656432 0.0002500000 ,
0.9825000000 0.9999068258 0.0002500000 ,
0.9875000000 1.0000157839 0.0002581989 ,
0.9925000000 1.0002228387 0.0002425356 ,
0.9975000000 0.9998723296 0.0002581989 ,
1.0025000000 0.9999651775 0.0002672612 ,
1.0075000000 0.9999563638 0.0002500000 ,
1.0125000000 0.9995355955 0.0002500000 ,
1.0175000000 1.0000477146 0.0002672612 ,
1.0225000000 0.9999672232 0.0002425356 ,
1.0275000000 1.0001276442 0.0002672612 ,
1.0325000000 0.9995717685 0.0002773501 ,
1.0375000000 1.0000000516 0.0002357023 ,
1.0425000000 1.0003712729 0.0002581989 ,
1.0475000000 0.9995870861 0.0002500000 ,
1.0525000000 0.9999909872 0.0002581989 ,
1.0575000000 0.9999911096 0.0002886751 ,
1.0625000000 1.0000561034 0.0002581989 ,
1.0675000000 0.9997922461 0.0002500000 ,
1.0725000000 0.9998807367 0.0002581989 ,
1.0775000000 1.0000719091 0.0002357023 ,
1.0825000000 0.9997753301 0.0002886751 ,
1.0875000000 0.9999404884 0.0002672612 ,
1.0925000000 0.9996932780 0.0002500000 ,
1.0975000000 1.0003807208 0.0002500000 ,
1.1025000000 0.9996430758 0.0002500000 ,
1.1075000000 0.9998616292 0.0002500000 ,
1.1125000000 1.0000464028 0.0002773501 ,
1.1175000000 0.9998377506 0.0002425356 ,
1.1225000000 0.9995096567 0.0002581989 ,
1.1275000000 1.0001386620 0.0002500000 ,
1.1325000000 0.9999760615 0.0002357023 ,
1.1375000000 0.9996142751 0.0002672612 ,
1.1425000000 0.9996901993 0.0002672612 ,
1.1475000000 1.0001791290 0.0002500000 ,
1.1525000000 0.9999637004 0.0002672612 ,
1.1575000000 0.9995004931 0.0002425356 ,
1.1625000000 1.0003013342 0.0002425356 ,
1.1675000000 1.0000786370 0.0002672612 ,
1.1725000000 1.0001681367 0.0002581989 ,
1.1775000000 0.9995061060 0.0002500000 ,
1.1825000000 0.9999920517 0.0002425356 ,
1.1875000000 1.0001126299 0.0002581989 ,
1.1925000000 0.9996104061 0.0002581989 ,
1.1975000000 0.9999009445 0.0002672612 ,
1.2025000000 1.0002399682 0.0002425356 ,
1.2075000000 1.0000761845 0.0002773501 ,
1.2125000000 0.9997323734 0.0002357023 ,
1.2175000000 0.9999379193 0.0002581989 ,
1.2225000000 1.0000516672 0.0002773501 ,
1.2275000000 0.9996211770 0.0002581989 ,
1.2325000000 1.0001262204 0.0002500000 ,
1.2375000000 0.9995540389 0.0002581989 ,
1.2425000000 0.9999631864 0.0002886751 ,
1.2475000000 1.0001705711 0.0002500000 ,
1.2525000000 0.9999332208 0.0002425356 ,
1.2575000000 1.0000322585 0.0002581989 ,
1.2625000000 0.9994878475 0.0002581989 ,
1.2675000000 0.9999851433 0.0002425356 ,
1.2725000000 1.0001125257 0.0002672612 ,
1.2775000000 1.0003007881 0.0002672612 ,
1.2825000000 0.9996006761 0.0002425356 ,
1.2875000000 1.0000718682 0.0002581989 ,
1.2925000000 0.9998983034 0.0002500000 ,
1.2975000000 0.9995762491 0.0002581989 ,
1.3025000000 1.0004975014 0.0002672612 ,
1.3075000000 1.0001061407 0.0002500000 ,
1.3125000000 1.0001863356 0.0002672612 ,
1.3175000000 0.9997554360 0.0002581989 ,
1.3225000000 1.0000150705 0.0002581989 ,
1.3275000000 1.0003041606 0.0002672612 ,
1.3325000000 1.0001081688 0.0002581989 ,
1.3375000000 0.9996401729 0.0002672612 ,
1.3425000000 0.9998894715 0.0002425356 ,
1.3475000000 0.9997989869 0.0002500000 ,
1.3525000000 0.9996748142 0.0002500000 ,
1.3575000000 1.0001525704 0.0002500000 ,
1.3625000000 1.0004808370 0.0002581989 ,
1.3675000000 1.0004930018 0.0002672612 ,
1.3725000000 0.9998159439 0.0002500000 ,
1.3775000000 1.0002415682 0.0002357023 ,
1.3825000000 1.0003396107 0.0002672612 ,
1.3875000000 0.9997459079 0.0002672612 ,
1.3925000000 1.0001287263 0.0002500000 ,
1.3975000000 1.0001858988 0.0002581989 ,
1.4025000000 0.9997732158 0.0002672612 ,
1.4075000000 0.9998328832 0.0002581989 ,
1.4125000000 1.0001161600 0.0002357023 ,
1.4175000000 1.0003561438 0.0002425356 ,
1.4225000000 0.9995528685 0.0002500000 ,
1.4275000000 1.0002374434 0.0002425356 ,
1.4325000000 0.9998415875 0.0002425356 ,
1.4375000000 0.9994706764 0.0002773501 ,
1.4425000000 0.9992052383 0.0002581989 ,
1.4475000000 0.9993085824 0.0002425356 ,
1.4525000000 0.9978335855 0.0002425356 ,
1.4575000000 0.9982378779 0.0002773501 ,
1.4625000000 0.9981039200 0.0002581989 ,
1.4675000000 0.9970329188 0.0002500000 ,
1.4725000000 0.9969160326 0.0002581989 ,
1.4775000000 0.9959677626 0.0002425356 ,
1.4825000000 0.9949730578 0.0002357023 ,
1.4875000000 0.9954718904 0.0002425356 ,
1.4925000000 0.9949137203 0.0002773501 ,
1.4975000000 0.9937191741 0.0002672612 ,
1.5025000000 0.9954244524 0.0002357023 ,
1.5075000000 0.9938651759 0.0002672612 ,
1.5125000000 0.9954881787 0.0002581989 ,
1.5175000000 0.9952371577 0.0002581989 ,
1.5225000000 0.9963591026 0.0002500000 ,
1.5275000000 0.9971857848 0.0002672612 ,
1.5325000000 0.9967966945 0.0002425356 ,
1.5375000000 0.9973039780 0.0002425356 ,
1.5425000000 0.9984481002 0.0002500000 ,
1.5475000000 0.9988061837 0.0003162278 ,
1.5525000000 0.9990141672 0.0002425356 ,
1.5575000000 0.9996544711 0.0002236068 ,
1.5625000000 1.0002256673 0.0002773501 ,
1.5675000000 0.9997671976 0.0002425356 ,
1.5725000000 1.0000067505 0.0002500000 ,
1.5775000000 1.0004431769 0.0002500000 ,
1.5825000000 1.0004689419 0.0002581989 ,
1.5875000000 1.0003107572 0.0002294157 ,
1.5925000000 1.0003429085 0.0002357023 ,
1.5975000000 1.0003695872 0.0002672612 ,
1.6025000000 0.9999778570 0.0002581989 ,
1.6075000000 1.0004556864 0.0002357023 ,
1.6125000000 0.9998096434 0.0002500000 ,
1.6175000000 0.9998731963 0.0002500000 ,
1.6225000000 0.9999931207 0.0002581989 ,
1.6275000000 1.0001065825 0.0002425356 ,
1.6325000000 1.0001283010 0.0002425356 ,
1.6375000000 0.9997015659 0.0002425356 ,
1.6425000000 1.0000020827 0.0002425356 ,
1.6475000000 1.0002953114 0.0002357023 ,
1.6525000000 1.0000250353 0.0002773501 ,
1.6575000000 0.9996139879 0.0002672612 ,
1.6625000000 1.0000473003 0.0002425356 ,
1.6675000000 1.0001817367 0.0002581989 ,
1.6725000000 0.9994624202 0.0002581989 ,
1.6775000000 1.0002033275 0.0002581989 ,
1.6825000000 0.9999841823 0.0002672612 ,
1.6875000000 1.0002281912 0.0002672612 ,
1.6925000000 0.9996872276 0.0002581989 ,
1.6975000000 1.0000936216 0.0002425356 ,
1.7025000000 1.0001367714 0.0002357023 ,
1.7075000000 1.0003769268 0.0003162278 ,
1.7125000000 0.9999336080 0.0002425356 ,
1.7175000000 1.0001263113 0.0002425356 ,
1.7225000000 1.0004696449 0.0002500000 ,
1.7275000000 0.9997186069 0.0002425356 ,
1.7325000000 0.9999119293 0.0002500000 ,
1.7375000000 1.0000645331 0.0002672612 ,
1.7425000000 1.0001290651 0.0002581989 ,
1.7475000000 0.9994804575 0.0002672612 ,
1.7525000000 1.0001615967 0.0002500000 ,
1.7575000000 0.9999590123 0.0002672612 ,
1.7625000000 1.0001893262 0.0002773501 ,
1.7675000000 0.9996913047 0.0002500000 ,
1.7725000000 0.9999175331 0.0002425356 ,
1.7775000000 0.9994871520 0.0002500000 ,
1.7825000000 0.9998549614 0.0002500000 ,
1.7875000000 0.9999678743 0.0002672612 ,
1.7925000000 1.0001925966 0.0002581989 ,
1.7975000000 1.0001606127 0.0002425356 ,
1.8025000000 0.9996796903 0.0002672612 ,
1.8075000000 0.9999812662 0.0002500000 ,
1.8125000000 1.0000009541 0.0002773501 ,
1.8175000000 0.9998830494 0.0002581989 ,
1.8225000000 1.0000516270 0.0002425356 ,
1.8275000000 1.0001943452 0.0002581989 ,
1.8325000000 0.9998688766 0.0002581989 ,
1.8375000000 0.9996318532 0.0002773501 ,
1.8425000000 0.9998917831 0.0002672612 ,
1.8475000000 0.9998966025 0.0002773501 ,
1.8525000000 0.9994526212 0.0002500000 ,
1.8575000000 1.0001476534 0.0002672612 ,
1.8625000000 1.0001228411 0.0002357023 ,
1.8675000000 1.0000086370 0.0002672612 ,
1.8725000000 1.0000137615 0.0002425356 ,
1.8775000000 0.9997865017 0.0002425356 ,
1.8825000000 1.0002257596 0.0003015113 ,
1.8875000000 0.9999909556 0.0002357023 ,
1.8925000000 1.0000696113 0.0002672612 ,
1.8975000000 1.0000374981 0.0002672612 ,
1.9025000000 1.0003346317 0.0002425356 ,
1.9075000000 0.9994855809 0.0002500000 ,
1.9125000000 0.9998491527 0.0002581989 ,
1.9175000000 1.0001102946 0.0002500000 ,
1.9225000000 0.9996199713 0.0002581989 ,
1.9275000000 1.0000036052 0.0002425356 ,
1.9325000000 0.9999701150 0.0002357023 ,
1.9375000000 1.0011190018 0.0002886751 ,
1.9425000000 0.9996727706 0.0002500000 ,
1.9475000000 1.0000315532 0.0002773501 ,
1.9525000000 1.0002426841 0.0002500000 ,
1.9575000000 1.0000388880 0.0002581989 ,
1.9625000000 0.9992424469 0.0002581989 ,
1.9675000000 0.9996902907 0.0002500000 ,
1.9725000000 0.9999240016 0.0002581989 ,
1.9775000000 0.9995656432 0.0002500000 ,
1.9825000000 0.9999068258 0.0002500000 ,
1.9875000000 1.0000157839 0.0002581989 ,
1.9925000000 1.0002228387 0.0002425356 ,
1.9975000000 0.9998723296 0.0002581989 ,
2.0025000000 0.9999651775 0.0002672612 ,
2.0075000000 0.9999563638 0.0002500000 ,
2.0125000000 0.9995355955 0.0002500000 ,
2.0175000000 1.0000477146 0.0002672612 ,
2.0225000000 0.9999672232 0.0002425356 ,
2.0275000000 1.0001276442 0.0002672612 ,
2.0325000000 0.9995717685 0.0002773501 ,
2.0375000000 1.0000000516 0.0002357023 ,
2.0425000000 1.0003712729 0.0002581989 ,
2.0475000000 0.9995870861 0.0002500000 ,
2.0525000000 0.9999909872 0.0002581989 ,
2.0575000000 0.9999911096 0.0002886751 ,
2.0625000000 1.0000561034 0.0002581989 ,
2.0675000000 0.9997922461 0.0002500000 ,
2.0725000000 0.9998807367 0.0002581989 ,
2.0775000000 1.0000719091 0.0002357023 ,
2.0825000000 0.9997753301 0.0002886751 ,
2.0875000000 0.9999404884 0.0002672612 ,
2.0925000000 0.9996932780 0.0002500000 ,
2.0975000000 1.0003807208 0.0002500000 ,
2.1025000000 0.9996430758 0.0002500000 ,
2.1075000000 0.9998616292 0.0002500000 ,
2.1125000000 1.0000464028 0.0002773501 ,
2.1175000000 0.9998377506 0.0002425356 ,
2.1225000000 0.9995096567 0.0002581989 ,
2.1275000000 1.0001386620 0.0002500000 ,
2.1325000000 0.9999760615 0.0002357023 ,
2.1375000000 0.9996142751 0.0002672612 ,
2.1425000000 0.9996901993 0.0002672612 ,
2.1475000000 1.0001791290 0.0002500000 ,
2.1525000000 0.9999637004 0.0002672612 ,
2.1575000000 0.9995004931 0.0002425356 ,
2.1625000000 1.0003013342 0.0002425356 ,
2.1675000000 1.0000786370 0.0002672612 ,
2.1725000000 1.0001681367 0.0002581989 ,
2.1775000000 0.9995061060 0.0002500000 ,
2.1825000000 0.9999920517 0.0002425356 ,
2.1875000000 1.0001126299 0.0002581989 ,
2.1925000000 0.9996104061 0.0002581989 ,
2.1975000000 0.9999009445 0.0002672612 ,
2.2025000000 1.0002399682 0.0002425356 ,
2.2075000000 1.0000761845 0.0002773501 ,
2.2125000000 0.9997323734 0.0002357023 ,
2.2175000000 0.9999379193 0.0002581989 ,
2.2225000000 1.0000516672 0.0002773501 ,
2.2275000000 0.9996211770 0.0002581989 ,
2.2325000000 1.0001262204 0.0002500000 ,
2.2375000000 0.9995540389 0.0002581989 ,
2.2425000000 0.9999631864 0.0002886751 ,
2.2475000000 1.0001705711 0.0002500000 ,
2.2525000000 0.9999332208 0.0002425356 ,
2.2575000000 1.0000322585 0.0002581989 ,
2.2625000000 0.9994878475 0.0002581989 ,
2.2675000000 0.9999851433 0.0002425356 ,
2.2725000000 1.0001125257 0.0002672612 ,
2.2775000000 1.0003007881 0.0002672612 ,
2.2825000000 0.9996006761 0.0002425356 ,
2.2875000000 1.0000718682 0.0002581989 ,
2.2925000000 0.9998983034 0.0002500000 ,
2.2975000000 0.9995762491 0.0002581989 ,
2.3025000000 1.0004975014 0.0002672612 ,
2.3075000000 1.0001061407 0.0002500000 ,
2.3125000000 1.0001863356 0.0002672612 ,
2.3175000000 0.9997554360 0.0002581989 ,
2.3225000000 1.0000150705 0.0002581989 ,
2.3275000000 1.0003041606 0.0002672612 ,
2.3325000000 1.0001081688 0.0002581989 ,
2.3375000000 0.9996401729 0.0002672612 ,
2.3425000000 0.9998894715 0.0002425356 ,
2.3475000000 0.9997989869 0.0002500000 ,
2.3525000000 0.9996748142 0.0002500000 ,
2.3575000000 1.0001525704 0.0002500000 ,
2.3625000000 1.0004808370 0.0002581989 ,
2.3675000000 1.0004930018 0.0002672612 ,
2.3725000000 0.9998159439 0.0002500000 ,
2.3775000000 1.0002415682 0.0002357023 ,
2.3825000000 1.0003396107 0.0002672612 ,
2.3875000000 0.9997459079 0.0002672612 ,
2.3925000000 1.0001287263 0.0002500000 ,
2.3975000000 1.0001858988 0.0002581989 ,
2.4025000000 0.9997732158 0.0002672612 ,
2.4075000000 0.9998328832 0.0002581989 ,
2.4125000000 1.0001161600 0.0002357023 ,
2.4175000000 1.0003561438 0.0002425356 ,
2.4225000000 0.9995528685 0.0002500000 ,
2.4275000000 1.0002374434 0.0002425356 ,
2.4325000000 0.9998415875 0.0002425356 ,
2.4375000000 0.9994706764 0.0002773501 ,
2.4425000000 0.9992052383 0.0002581989 ,
2.4475000000 0.9993085824 0.0002425356 ,
2.4525000000 0.9978335855 0.0002425356 ,
2.4575000000 0.9982378779 0.0002773501 ,
2.4625000000 0.9981039200 0.0002581989 ,
2.4675000000 0.9970329188 0.0002500000 ,
2.4725000000 0.9969160326 0.0002581989 ,
2.4775000000 0.9959677626 0.0002425356 ,
2.4825000000 0.9949730578 0.0002357023 ,
2.4875000000 0.9954718904 0.0002425356 ,
2.4925000000 0.9949137203 0.0002773501 ,
2.4975000000 0.9937191741 0.0002672612 ,
2.5025000000 0.9954244524 0.0002357023 ,
2.5075000000 0.9938651759 0.0002672612 ,
2.5125000000 0.9954881787 0.0002581989 ,
2.5175000000 0.9952371577 0.0002581989 ,
2.5225000000 0.9963591026 0.0002500000 ,
2.5275000000 0.9971857848 0.0002672612 ,
2.5325000000 0.9967966945 0.0002425356 ,
2.5375000000 0.9973039780 0.0002425356 ,
2.5425000000 0.9984481002 0.0002500000 ,
2.5475000000 0.9988061837 0.0003162278 ,
2.5525000000 0.9990141672 0.0002425356 ,
2.5575000000 0.9996544711 0.0002236068 ,
2.5625000000 1.0002256673 0.0002773501 ,
2.5675000000 0.9997671976 0.0002425356 ,
2.5725000000 1.0000067505 0.0002500000 ,
2.5775000000 1.0004431769 0.0002500000 ,
2.5825000000 1.0004689419 0.0002581989 ,
2.5875000000 1.0003107572 0.0002294157 ,
2.5925000000 1.0003429085 0.0002357023 ,
2.5975000000 1.0003695872 0.0002672612 ,
2.6025000000 0.9999778570 0.0002581989 ,
2.6075000000 1.0004556864 0.0002357023 ,
2.6125000000 0.9998096434 0.0002500000 ,
2.6175000000 0.9998731963 0.0002500000 ,
2.6225000000 0.9999931207 0.0002581989 ,
2.6275000000 1.0001065825 0.0002425356 ,
2.6325000000 1.0001283010 0.0002425356 ,
2.6375000000 0.9997015659 0.0002425356 ,
2.6425000000 1.0000020827 0.0002425356 ,
2.6475000000 1.0002953114 0.0002357023 ,
2.6525000000 1.0000250353 0.0002773501 ,
2.6575000000 0.9996139879 0.0002672612 ,
2.6625000000 1.0000473003 0.0002425356 ,
2.6675000000 1.0001817367 0.0002581989 ,
2.6725000000 0.9994624202 0.0002581989 ,
2.6775000000 1.0002033275 0.0002581989 ,
2.6825000000 0.9999841823 0.0002672612 ,
2.6875000000 1.0002281912 0.0002672612 ,
2.6925000000 0.9996872276 0.0002581989 ,
2.6975000000 1.0000936216 0.0002425356 ,
2.7025000000 1.0001367714 0.0002357023 ,
2.7075000000 1.0003769268 0.0003162278 ,
2.7125000000 0.9999336080 0.0002425356 ,
2.7175000000 1.0001263113 0.0002425356 ,
2.7225000000 1.0004696449 0.0002500000 ,
2.7275000000 0.9997186069 0.0002425356 ,
2.7325000000 0.9999119293 0.0002500000 ,
2.7375000000 1.0000645331 0.0002672612 ,
2.7425000000 1.0001290651 0.0002581989 ,
2.7475000000 0.9994804575 0.0002672612 ,
2.7525000000 1.0001615967 0.0002500000 ,
2.7575000000 0.9999590123 0.0002672612 ,
2.7625000000 1.0001893262 0.0002773501 ,
2.7675000000 0.9996913047 0.0002500000 ,
2.7725000000 0.9999175331 0.0002425356 ,
2.7775000000 0.9994871520 0.0002500000 ,
2.7825000000 0.9998549614 0.0002500000 ,
2.7875000000 0.9999678743 0.0002672612 ,
2.7925000000 1.0001925966 0.0002581989 ,
2.7975000000 1.0001606127 0.0002425356 ,
2.8025000000 0.9996796903 0.0002672612 ,
2.8075000000 0.9999812662 0.0002500000 ,
2.8125000000 1.0000009541 0.0002773501 ,
2.8175000000 0.9998830494 0.0002581989 ,
2.8225000000 1.0000516270 0.0002425356 ,
2.8275000000 1.0001943452 0.0002581989 ,
2.8325000000 0.9998688766 0.0002581989 ,
2.8375000000 0.9996318532 0.0002773501 ,
2.8425000000 0.9998917831 0.0002672612 ,
2.8475000000 0.9998966025 0.0002773501 ,
2.8525000000 0.9994526212 0.0002500000 ,
2.8575000000 1.0001476534 0.0002672612 ,
2.8625000000 1.0001228411 0.0002357023 ,
2.8675000000 1.0000086370 0.0002672612 ,
2.8725000000 1.0000137615 0.0002425356 ,
2.8775000000 0.9997865017 0.0002425356 ,
2.8825000000 1.0002257596 0.0003015113 ,
2.8875000000 0.9999909556 0.0002357023 ,
2.8925000000 1.0000696113 0.0002672612 ,
2.8975000000 1.0000374981 0.0002672612 ,
2.9025000000 1.0003346317 0.0002425356 ,
2.9075000000 0.9994855809 0.0002500000 ,
2.9125000000 0.9998491527 0.0002581989 ,
2.9175000000 1.0001102946 0.0002500000 ,
2.9225000000 0.9996199713 0.0002581989 ,
2.9275000000 1.0000036052 0.0002425356 ,
2.9325000000 0.9999701150 0.0002357023 ,
2.9375000000 1.0011190018 0.0002886751 ,
2.9425000000 0.9996727706 0.0002500000 ,
2.9475000000 1.0000315532 0.0002773501 ,
2.9525000000 1.0002426841 0.0002500000 ,
2.9575000000 1.0000388880 0.0002581989 ,
2.9625000000 0.9992424469 0.0002581989 ,
2.9675000000 0.9996902907 0.0002500000 ,
2.9725000000 0.9999240016 0.0002581989 ,
2.9775000000 0.9995656432 0.0002500000 ,
2.9825000000 0.9999068258 0.0002500000 ,
2.9875000000 1.0000157839 0.0002581989 ,
2.9925000000 1.0002228387 0.0002425356 ,
2.9975000000 0.9998723296 0.0002581989 ,
