Wavelength_microns Throughput
2.0004663860000003 1.638981731193968e-10
2.002074478 1.3522694285537895e-10
2.00368257 1.1814754032383982e-10
2.005290662 1.2231871184299065e-10
2.006898754 1.0983078929345718e-10
2.008506846 7.193755952160822e-11
2.010114938 6.077060255301319e-11
2.01172303 7.78296685794695e-11
2.013331122 7.076585231484048e-11
2.014939214 4.095982205270517e-11
2.016547306 3.485287938831082e-11
2.018155398 4.547496613232698e-11
2.01976349 4.085525420826051e-11
2.021371582 2.7218668898839415e-11
2.022979674 2.2475426790039372e-11
2.0245877660000002 2.1405895552877316e-11
2.026195858 2.345067328533124e-11
2.027803949 2.7904840360904476e-11
2.029412041 9.78786035843978e-12
2.031020133 2.795985092274221e-12
2.032628225 4.231639552930637e-12
2.034236317 1.6116684871182343e-11
2.035844409 1.1100807956047618e-12
2.037452501 9.102636606362254e-15
2.039060593 5.073944415301783e-14
2.040668685 5.1990465036948035e-12
2.042276777 4.598567638057339e-12
2.0438848689999998 1.4127960307461173e-12
2.045492961 1.814974570294612e-12
2.047101053 5.272508737494389e-12
2.0487091449999997 1.125695323438353e-11
2.0503172370000002 1.4407333137514218e-11
2.0519253290000004 4.285613789975912e-12
2.053533421 1.379545986628791e-12
2.055141513 2.2360824042164563e-12
2.056749605 1.1247692788273754e-11
2.058357697 1.8620468797599647e-12
2.059965788 2.0521614112749406e-14
2.06157388 4.635535972963398e-14
2.0631819719999998 4.319700484538961e-12
2.064790064 3.0271411832302975e-12
2.066398156 3.786398652675088e-14
2.068006248 3.5926681574815214e-14
2.06961434 2.5199859359071084e-12
2.071222432 2.4401900236663255e-11
2.072830524 2.0669073147775273e-11
2.074438616 4.2853431249175976e-12
2.076046708 9.747601774072104e-14
2.0776548 3.203420928920944e-14
2.079262892 3.023037592324249e-12
2.080870984 3.189683471283329e-11
2.0824790760000003 4.2816983029464263e-13
2.084087168 2.5894096851113603e-14
2.08569526 2.5821638743892267e-12
2.0873033519999997 1.2530004258343288e-10
2.088911444 1.6565786542922588e-12
2.090519536 2.221570297010437e-14
2.092127627 1.4493194032841536e-12
2.0937357189999997 1.0609026459103841e-10
2.0953438110000002 4.63256720402442e-11
2.0969519030000003 1.766908248430312e-11
2.098559995 3.1739173968544825e-12
2.100168087 3.5724981164882244e-12
2.101776179 1.5849049780963876e-11
2.103384271 1.553615681670728e-10
2.104992363 6.766460553397059e-11
2.1066004549999997 1.1637395470168218e-12
2.1082085470000003 7.278669585322262e-13
2.109816639 6.643409488738882e-11
2.111424731 4.960375420925356e-10
2.113032823 6.8562662709511336e-12
2.114640915 3.129095450516775e-13
2.116249007 2.1508875153078072e-11
2.1178570989999996 1.4413530072780877e-09
2.1194651909999997 2.3688472971356055e-11
2.1210732830000003 3.684014830069327e-13
2.122681375 2.662441721958336e-12
2.124289466 9.627783974110514e-11
2.125897558 4.236455783224921e-10
2.1275056500000002 7.030853964863241e-10
2.129113742 1.3453679386595515e-10
2.130721834 2.3404483137402338e-12
2.1323299259999997 6.360197573910919e-13
2.133938018 4.5234196684018106e-11
2.1355461100000004 9.303821227992309e-10
2.137154202 1.2533770147421973e-11
2.138762294 1.7149237657924015e-13
2.140370386 7.938854151150185e-12
2.141978478 5.454203975095662e-10
2.14358657 6.200771032344186e-11
2.1451946619999998 8.976699754216149e-13
2.146802754 1.0460447768077388e-12
2.1484108460000004 4.768281454778712e-11
2.150018938 6.158559953055889e-10
2.15162703 5.903341774937132e-10
2.153235122 4.51245891474314e-10
2.154843214 8.710436031125898e-11
2.156451305 2.2162860245877076e-11
2.158059397 8.604904617345849e-11
2.159667489 6.66789229974324e-10
2.161275581 1.1324607194038953e-10
2.1628836729999996 1.7134648312911214e-12
2.164491765 8.451242993290234e-13
2.1660998570000003 6.043407396142997e-11
2.167707949 1.1088343976755037e-09
2.169316041 1.637429118681324e-11
2.170924133 2.453646603974344e-13
2.172532225 6.311390098577805e-12
2.174140317 3.663434349866809e-10
2.1757484089999997 1.2506200798794973e-09
2.177356501 8.696150218338231e-10
2.1789645930000003 4.808857250608737e-10
2.180572685 2.991647530096756e-10
2.182180777 2.367079824781445e-10
2.183788869 5.23780277977504e-10
2.185396961 1.7377903936882635e-09
2.187005053 1.0865201748636597e-10
2.1886131449999997 1.9486342756092197e-12
2.1902212359999997 2.1704416531955444e-12
2.191829328 1.4775995309163218e-10
2.1934374200000004 1.9759629904872315e-09
2.195045512 3.307360745030446e-11
2.196653604 5.659287527962841e-13
2.198261696 1.2656668224098707e-11
2.199869788 7.34356746254501e-10
2.20147788 1.9542363980646316e-09
2.203085972 1.1010157723654828e-09
2.204694064 8.139814118774819e-10
2.206302156 9.36882779779069e-10
2.207910248 1.0850571295573577e-09
2.2095183400000002 1.7560649540251677e-09
2.211126432 3.728555603770779e-09
2.212734524 1.006713498853469e-09
2.2143426159999997 2.3500690437511853e-11
2.215950708 2.9554215328283444e-12
2.2175588 2.0730535802938689e-10
2.219166892 1.4742327634754573e-08
2.220774984 1.011691765074329e-09
2.222383075 2.0555943101038734e-11
2.2239911670000003 2.0257420557137805e-11
2.225599259 1.267049077118532e-09
2.227207351 3.8066045079186426e-08
2.228815443 5.7466147821253985e-09
2.230423535 1.3981074178166896e-09
2.232031627 2.2819522327355497e-09
2.2336397189999997 8.280928179918273e-09
2.2352478110000003 2.766018209546205e-08
2.236855903 3.571809224450324e-08
2.238463995 4.8157473419948335e-08
2.240072087 8.935044531217602e-09
2.241680179 2.392746332636588e-09
2.243288271 3.1601550999560027e-09
2.2448963629999996 1.8588036231592667e-08
2.2465044549999997 1.0748200256091632e-07
2.2481125470000003 2.1035195156254865e-09
2.249720639 4.2213808267131875e-11
2.251328731 2.0442541208861862e-10
2.252936823 1.3004393555427033e-08
2.2545449140000002 1.1428754335763882e-07
2.256153006 2.3572071941777494e-09
2.257761098 4.950622203427515e-11
2.2593691899999997 4.976732339311346e-10
2.260977282 2.3453737767641514e-08
2.262585374 2.6551714994295773e-07
2.264193466 2.485777218747284e-07
2.265801558 2.39827787775875e-07
2.2674096500000003 1.4498007361722957e-07
2.269017742 1.1759569949542744e-07
2.270625834 1.3768946712692146e-07
2.2722339259999997 2.648670247431925e-07
2.273842018 9.440416169548489e-07
2.2754501100000004 1.206929968752539e-07
2.277058202 2.174446409052317e-08
2.278666294 2.0881921801812395e-08
2.280274386 1.3280492834801871e-07
2.281882478 1.450710409191481e-06
2.28349057 3.1164406874817016e-07
2.285098662 1.1648137264717941e-07
2.286706753 1.1009748577082298e-07
2.288314845 2.899595288617951e-07
2.2899229369999996 1.318814735290019e-06
2.291531029 9.3676485285774e-07
2.2931391210000003 7.35235505953473e-07
2.294747213 6.579126231859916e-07
2.296355305 6.822775199938041e-07
2.297963397 7.116704066661662e-07
2.299571489 1.1014578435808673e-06
2.301179581 1.8586379733822366e-06
2.3027876729999996 7.459023424738422e-07
2.304395765 1.689501744738825e-08
2.3060038570000003 3.9615721481577065e-10
2.307611949 5.942904345849588e-09
2.309220041 3.667577931900675e-07
2.310828133 2.7646405666357496e-06
2.312436225 6.016293559850585e-08
2.314044317 1.351110039009836e-09
2.3156524089999997 7.356725500239994e-09
2.3172605010000003 4.294926640234906e-07
2.318868592 1.4000899781032576e-05
2.3204766840000004 8.633801983699456e-06
2.322084776 5.903889196100541e-06
2.323692868 6.4066086634445944e-06
2.32530096 1.0148688308566287e-05
2.326909052 1.5992182986296334e-05
2.328517144 2.2285933242155047e-05
2.3301252359999998 3.099975522061117e-05
2.331733328 3.065660428712913e-05
2.33334142 1.4332759084508142e-05
2.334949512 6.9818483531609195e-06
2.3365576040000002 1.2419070767158873e-05
2.338165696 3.587259239306189e-05
2.339773788 9.051389464831605e-05
2.3413818799999997 2.162196512315869e-05
2.342989972 6.047080503118016e-06
2.344598064 5.918843734635572e-06
2.346206156 2.2476180186008993e-05
2.347814248 0.00010067816199297235
2.3494223400000003 7.934871193572325e-05
2.3510304310000003 5.465717259591278e-05
2.352638523 4.3974248010892554e-05
2.354246615 6.347546183306823e-05
2.3558547069999998 9.589146916214366e-05
2.357462799 0.00014293477676077587
2.359070891 0.0001629072350559939
2.3606789829999997 0.0001867483304665466
2.3622870750000002 0.00019470583766530684
2.363895167 0.0002002689315233511
2.365503259 0.00021869128554355898
2.367111351 0.0003141654041457205
2.368719443 0.00045231277513503934
2.370327535 0.0005542942249215491
2.371935627 0.0005734546695630806
2.3735437189999997 0.0005905318675008626
2.3751518110000003 0.0007447328226464065
2.376759903 0.0009900488431636716
2.378367995 0.0012983715668912251
2.379976087 0.0014680122329503856
2.381584179 0.0016615195115548278
2.383192271 0.001945007959663262
2.384800362 0.0024165210703044754
2.3864084539999997 0.0030003098842054554
2.388016546 0.0036592408777240317
2.389624638 0.0044096597351521456
2.39123273 0.005312720959065358
2.392840822 0.00642449612086906
2.3944489140000003 0.007774404269704704
2.396057006 0.009404134980227827
2.397665098 0.011348051925748786
2.3992731899999997 0.013690401720511733
2.400881282 0.01635232497205027
2.4024893740000004 0.019235762185440396
2.404097466 0.022622773017824283
2.405705558 0.026438954245486597
2.40731365 0.030779105586900696
2.408921742 0.035824609738980745
2.410529834 0.040972631222395514
2.4121379259999998 0.04670215628049003
2.413746018 0.05321305245977511
2.41535411 0.060407537216939006
2.416962201 0.06856316666213898
2.418570293 0.07775594151782951
2.4201783850000003 0.08799708485941536
2.421786477 0.09966147015058856
2.423394569 0.11287809436071636
2.425002661 0.12793670445734417
2.426610753 0.14498020140939707
2.428218845 0.1639112301370144
2.4298269369999996 0.18504011803961007
2.431435029 0.2088592234284017
2.4330431210000003 0.23300104413221784
2.434651213 0.2591005063500114
2.436259305 0.28808314845570865
2.4378673969999998 0.312795189322651
2.439475489 0.33914693995912054
2.441083581 0.36665616191192163
2.4426916729999997 0.3858640497611518
2.4442997650000002 0.40605208013149
2.4459078570000004 0.42482250773327
2.447515949 0.4357298385107021
2.44912404 0.4468605334519396
2.450732132 0.45525503878977314
2.452340224 0.4591212526957312
2.453948316 0.46301450118296666
2.455556408 0.4654267215836801
2.4571644999999998 0.4661433735920927
2.458772592 0.466859388685885
2.460380684 0.4671518567773868
2.461988776 0.46712849538239487
2.463596868 0.4671044464980309
2.46520496 0.46718917790182374
2.466813052 0.46732853561757576
2.468421144 0.4675707409170544
2.470029236 0.4680202778679679
2.471637328 0.46861376693231854
2.47324542 0.46934775692964353
2.474853512 0.470348834910409
2.4764616040000003 0.4708843958936168
2.478069696 0.4714197096450855
2.479677788 0.472138484843996
2.481285879 0.47244265829439597
2.4828939709999998 0.47276403516256177
2.484502063 0.4732954684785427
2.486110155 0.4738237699384491
2.4877182469999997 0.47447623977136016
2.489326339 0.47484888656154284
2.4909344310000003 0.4754717043369853
2.492542523 0.47609461042774925
2.494150615 0.47665752265575284
2.495758707 0.47721926852001484
2.497366799 0.4777820394375117
2.498974891 0.47816149371886024
2.499778162 0.46862411583281577
2.5011293930000003 0.4689529060474582
2.502480624 0.4691285787170547
2.5038318559999997 0.4692794204888883
2.505183087 0.4693485227538054
2.506534319 0.46931974139301735
2.50788555 0.46921382646913773
2.509236782 0.4689707887259426
2.510588013 0.46865057405212235
2.511939244 0.46827851488526717
2.5132904760000003 0.4678319911517368
2.514641707 0.46731132591673724
2.515992939 0.4667977235891993
2.51734417 0.4662821926095142
2.5186954019999996 0.46577766183534813
2.5200466329999998 0.46529189329132264
2.521397865 0.46490372876189734
2.522749096 0.4645215073686105
2.524100327 0.46417535532913534
2.525451559 0.46408433490156226
2.52680279 0.4639976313230837
2.5281540220000003 0.4640994298702754
2.529505253 0.4642841421715081
2.5308564849999997 0.4645534360290219
2.532207716 0.46489715199690534
2.533558948 0.46561586547042416
2.534910179 0.4664071559465631
2.5362614100000003 0.4669735702824487
2.537612642 0.46822660861967835
2.538963873 0.46924592146496824
2.5403151050000004 0.47033748781704804
2.5416663359999996 0.4712039566207466
2.5430175680000002 0.4719346489048547
2.544368799 0.47324435783134755
2.54572003 0.4744601497730078
2.547071262 0.4751330877843655
2.548422493 0.4759209348355256
2.549773725 0.4768004830791624
2.551124956 0.4771133077979589
2.552476188 0.47729583175507556
2.553827419 0.4780204206690695
2.5551786510000003 0.4783872312657841
2.556529882 0.4782929798684573
2.557881113 0.47809238463751924
2.559232345 0.4774544727292863
2.560583576 0.4757794247386187
2.561934808 0.4746342061309756
2.5632860390000003 0.4739698755044613
2.564637271 0.4731013399456347
2.565988502 0.47314723815782916
2.567339733 0.47212951297987266
2.5686909649999996 0.4703941148643697
2.5700421959999997 0.46868073145578876
2.571393428 0.4691615301557243
2.572744659 0.4670242148757246
2.574095891 0.4660265489263841
2.575447122 0.46596040310742226
2.576798354 0.46422696556074117
2.5781495850000002 0.4641498394480474
2.5795008160000004 0.4639337157879061
2.580852048 0.4627346283137019
2.582203279 0.4630519358305301
2.583554511 0.46179062047933905
2.584905742 0.4631166953763227
2.586256974 0.4640118985104411
2.587608205 0.4641822905459858
2.588959437 0.46571505271611235
2.590310668 0.467324594419123
2.591661899 0.46865250874135583
2.593013131 0.4693967829504885
2.594364362 0.4668836656132729
2.5957155939999996 0.46972242560553806
2.5970668249999997 0.47438711464535227
2.598418057 0.47738847433058096
2.599769288 0.479277656415162
2.601120519 0.4798739062031098
2.602471751 0.4808829684185574
2.603822982 0.48146306713659026
2.6051742140000003 0.48102675754781377
2.6065254450000004 0.4832665153862866
2.607876677 0.48453473285377746
2.609227908 0.4852071284386473
2.61057914 0.48623256218559086
2.611930371 0.48688106196054315
2.613281602 0.4864009611047024
2.614632834 0.48661603558081296
2.615984065 0.4856059462664439
2.617335297 0.48543347153153615
2.618686528 0.4878871751737081
2.62003776 0.4862194438626207
2.621388991 0.48740508873110944
2.622740222 0.4882343445275583
2.6240914539999998 0.4878411334573183
2.625442685 0.48665263342518683
2.626793917 0.4847094075193416
2.628145148 0.4855389459915023
2.62949638 0.48360367888508676
2.630847611 0.48194193600421986
2.6321988430000003 0.4832623257087748
2.6335500740000004 0.48201760566574775
2.634901305 0.48219804595424987
2.636252537 0.48203634937407663
2.637603768 0.4814007771351069
2.6389549999999997 0.480806220999112
2.640306231 0.4802373492908407
2.641657463 0.4795204950195698
2.643008694 0.47930925094422694
2.6443599250000003 0.47899055633324633
2.645711157 0.47813785566553124
2.6470623879999997 0.4787876653561975
2.64841362 0.47908293928378326
2.649764851 0.47924384404561265
2.651116083 0.47804880560576507
2.652467314 0.4773734603740029
2.653818546 0.47881895360158305
2.6551697770000002 0.4787007786513069
2.6565210080000004 0.479425544797102
2.65787224 0.4800063716651868
2.659223471 0.47947423014696366
2.6605747030000004 0.4797381666142101
2.6619259339999997 0.4796095071764906
2.663277166 0.4800394856295445
2.664628397 0.4781307176226673
2.6659796289999997 0.4781233224260614
2.66733086 0.4787640648128745
2.668682091 0.4812817918209901
2.670033323 0.47853377803372277
2.6713845540000003 0.4803784429407752
2.672735786 0.48225931646005543
2.6740870169999997 0.4824156510833752
2.675438249 0.4813568382358089
2.67678948 0.4805987987231879
2.678140711 0.4814147010193855
2.679491943 0.48129080349699244
2.680843174 0.48294824901365924
2.6821944060000003 0.48273410315762794
2.6835456370000004 0.481412332603799
2.684896869 0.4815682437565086
2.6862481 0.4810923435771344
2.6875993319999996 0.4816422536272503
2.6889505629999997 0.4813542841416597
2.690301794 0.4813470324078926
2.691653026 0.48087731679829987
2.693004257 0.4786979945742259
2.694355489 0.4781183700009127
2.69570672 0.4787506505117296
2.697057952 0.47965791784807243
2.6984091830000003 0.4799151981487538
2.699760414 0.48046539128132104
2.7011116459999998 0.4800087118227215
2.702462877 0.48050320409931063
2.703814109 0.48119994558374796
2.70516534 0.4814758961795683
2.706516572 0.481757547583044
2.707867803 0.4815055627703643
2.7092190350000003 0.4808614286146061
2.7105702660000004 0.4802826205805404
2.7119214969999996 0.4818700474725086
2.713272729 0.48369652004867625
2.71462396 0.4838976240379835
2.7159751919999997 0.48437142118887383
2.717326423 0.4844751247427846
2.718677655 0.4849157252703979
2.720028886 0.4828465761247775
2.7213801170000003 0.4844279840154479
2.722731349 0.48703198744934295
2.7240825799999997 0.48523987778007305
2.7254338120000003 0.48643364316173554
2.726785043 0.48839464017269885
2.7281362749999998 0.48925448308204883
2.729487506 0.48970357495044087
2.730838738 0.4899911815485384
2.732189969 0.4902664005763279
2.7335412000000003 0.4898320410028909
2.734892432 0.4886445911339575
2.736243663 0.48988939170538576
2.737594895 0.48979623854972487
2.7389461259999996 0.4878755828840498
2.740297358 0.4874516108120899
2.741648589 0.48884614216500594
2.7429998209999997 0.4902819763037257
2.744351052 0.49044171239623124
2.745702283 0.4898676566437643
2.747053515 0.4897632827200005
2.7484047460000003 0.48954827504679427
2.749755978 0.4894470748823752
2.7511072089999997 0.4881067831821358
2.7524584410000004 0.48673970311027914
2.753809672 0.4848103798604148
2.755160903 0.48146324909766086
2.756512135 0.48129752502660533
2.757863366 0.4815735819675953
2.7592145980000002 0.48085712542598913
2.760565829 0.48009323875778287
2.761917061 0.47754443153901677
2.7632682920000002 0.4769803381069435
2.764619524 0.4775258526024447
2.7659707549999997 0.47751038264613055
2.767321986 0.47635617381626794
2.768673218 0.4766436105344838
2.770024449 0.4764671268174744
2.771375681 0.47616625595754675
2.772726912 0.47708168345051377
2.774078144 0.47793165580338964
2.7754293750000003 0.4780182210052033
2.776780606 0.47790986023381526
2.7781318379999997 0.4785867483847688
2.779483069 0.47967883500069985
2.780834301 0.4796139845880766
2.782185532 0.4801682108200959
2.783536764 0.4810717809127204
2.784887995 0.4818315748302582
2.786239227 0.48111022758326244
2.787590458 0.48165592266082236
2.788941689 0.48322016864761136
2.7902929210000003 0.4843192374100988
2.791644152 0.48483457696665544
2.7929953839999997 0.4856389355788184
2.794346615 0.48634150754379213
2.795697847 0.486826608621337
2.797049078 0.48767374763368204
2.7984003090000003 0.4887689730754023
2.799751541 0.4894661800048426
2.801102772 0.4896862196004424
2.8024540040000003 0.48936661123351644
2.803805235 0.49002839304270096
2.8051564669999998 0.49072377324974786
2.806507698 0.4915476246560976
2.80785893 0.4920392279333069
2.8092101609999998 0.4922521326967107
2.810561392 0.4922204458101404
2.811912624 0.4925031486390388
2.813263855 0.4926515489349231
2.814615087 0.49226338323432445
2.8159663179999996 0.4922665405781725
2.8173175500000003 0.4924462866922163
2.818668781 0.4925925289991999
2.8200200129999997 0.49206770244847076
2.821371244 0.4921149270976355
2.822722475 0.49217057355916094
2.824073707 0.4920718911873686
2.8254249380000003 0.4918463020206341
2.82677617 0.4915556712630284
2.828127401 0.4913344246309304
2.8294786330000004 0.4911892173327788
2.830829864 0.4908878089506029
2.8321810949999997 0.4904855640972512
2.833532327 0.4900346009647404
2.834883558 0.48970721866402384
2.83623479 0.4893398574553453
2.837586021 0.4886103623033808
2.838937253 0.48843017722807996
2.8402884840000002 0.4884619565432929
2.841639716 0.4886398987118214
2.8429909469999997 0.4884673191297098
2.8443421779999998 0.4883238614533996
2.84569341 0.48818168796119954
2.847044641 0.48801396881158404
2.848395873 0.48781829242224445
2.849747104 0.4876969899626053
2.851098336 0.48751552368262857
2.8524495670000003 0.4871341972466508
2.8538007980000004 0.4866126558753136
2.85515203 0.48630450609218906
2.856503261 0.4861329940816261
2.8578544929999996 0.48588278429514786
2.8592057239999997 0.4855389030763589
2.860556956 0.48494128183454754
2.861908187 0.48457545076164066
2.863259419 0.4844428085680417
2.86461065 0.4846336784986929
2.865961881 0.48462961648682285
2.8673131130000002 0.48444031099465157
2.868664344 0.48434092986333693
2.8700155759999997 0.4841269442571688
2.871366807 0.4838884306999775
2.872718039 0.4837886449212262
2.87406927 0.48371360683764403
2.8754205010000002 0.4835526288665462
2.876771733 0.4833091317321976
2.878122964 0.48309128720235894
2.8794741960000003 0.4828715648799599
2.8808254270000004 0.48262416654327317
2.882176659 0.4823726613746511
2.88352789 0.48203334413427473
2.8848791219999996 0.48169872572314804
2.8862303529999997 0.4807914270703393
2.887581584 0.4804166165341097
2.888932816 0.4800588022232007
2.890284047 0.47970820209599474
2.891635279 0.4794507263439046
2.89298651 0.4796852585244766
2.8943377420000003 0.47942328968700315
2.895688973 0.47911931688152054
2.8970402049999997 0.4788307508053603
2.898391436 0.47853436922155157
2.899742667 0.4780955730664449
2.901093899 0.4775920668841173
2.9024451300000003 0.4772708665004586
2.903796362 0.47684581334335147
2.905147593 0.4763767903821524
2.9064988250000003 0.47598292877326387
2.907850056 0.4755616894916869
2.9092012869999997 0.47512828556285935
2.910552519 0.4744184012388937
2.91190375 0.4737897987382885
2.9132549819999998 0.4734063353559449
2.914606213 0.47307733261488166
2.915957445 0.4727541573307802
2.917308676 0.4724063778222424
2.918659908 0.4720680567771401
2.920011139 0.47177454868530644
2.9213623699999998 0.4712268072786995
2.922713602 0.47067307194906777
2.924064833 0.4701896481148855
2.925416065 0.4697483502312972
2.926767296 0.4696956856147636
2.928118528 0.4693180733453486
2.9294697590000003 0.4688325293711854
2.93082099 0.46825208732919776
2.932172222 0.4676369760304533
2.933523453 0.46701755933844646
2.934874685 0.46635795767428234
2.9362259159999997 0.4657176885046326
2.937577148 0.46476249024612903
2.938928379 0.46391235977622153
2.940279611 0.4632832730293462
2.941630842 0.4626881196147575
2.942982073 0.4620295941748951
2.9443333050000002 0.4619735773212586
2.9456845360000004 0.4613908464700162
2.947035768 0.4607512658061986
2.948386999 0.46018317091495026
2.949738231 0.4595480736042845
2.951089462 0.4592044215949649
2.952440694 0.45834187189041636
2.953791925 0.457481163540096
2.955143156 0.45664235031989076
2.956494388 0.45581537348651024
2.957845619 0.45497954534606805
2.959196851 0.4541273689160135
2.960548082 0.4532996407077488
2.9618993139999996 0.45244463671254687
2.9632505449999997 0.4516046375115653
2.964601776 0.4507775941641774
2.965953008 0.4499940547613797
2.967304239 0.4492155240269226
2.968655471 0.44841130972168
2.970006702 0.44760940158444384
2.9713579340000003 0.4468870905270071
2.9727091650000004 0.4462361018435872
2.974060397 0.4455896072561585
2.975411628 0.44540722767309004
2.976762859 0.44539226628743434
2.978114091 0.4447917668369717
2.979465322 0.4442157081740309
2.980816554 0.44352569015285803
2.982167785 0.4427652578644376
2.983519017 0.4420404562125527
2.984870248 0.44132590489213186
2.9862214789999997 0.440579932490292
2.987572711 0.43988061010065316
2.988923942 0.4396389766423872
2.9902751739999998 0.4391020753638119
2.991626405 0.4386722697200722
2.992977637 0.4382851121422241
2.994328868 0.4379214889502427
2.9956801 0.43754734003320084
2.997031331 0.4371550883417518
2.9983825619999998 0.43679905243434014
2.9997337940000004 0.43649461503667153
3.001085025 0.43595143684370613
3.002436257 0.4357359004719663
3.003787488 0.43510243904017226
3.0051387199999997 0.43446244511438203
3.006489951 0.4340531831963618
3.007841182 0.43365558635070384
3.009192414 0.4329884359298699
3.0105436450000003 0.432477811102515
3.011894877 0.43213355412743926
3.0132461079999997 0.4317699267490915
3.01459734 0.43138965044680233
3.015948571 0.4309727844473031
3.017299803 0.43053656194704365
3.018651034 0.4300923707585138
3.020002265 0.4296507385104059
3.021353497 0.42893843052841535
3.0227047280000003 0.42820238344035155
3.02405596 0.42745804373460483
3.0254071909999998 0.4266851746599923
3.0267584230000004 0.4258300579157628
3.0281096539999997 0.42494641080928497
3.029460886 0.42404815106776916
3.030812117 0.42337657560158776
3.032163348 0.4228218387992554
3.03351458 0.42226539335802366
3.034865811 0.4216762919643477
3.036217043 0.4211362635949217
3.0375682740000003 0.42085621365192244
3.038919506 0.4201481470487531
3.0402707369999997 0.4194951320637105
3.041621968 0.4190399983486322
3.0429732 0.4185846284590178
3.044324431 0.41807516081086327
3.045675663 0.41755378913251057
3.047026894 0.4170105869753492
3.0483781260000002 0.41664591523677075
3.0497293570000004 0.41637881830944234
3.051080589 0.41572504343863625
3.05243182 0.41502887814364847
3.053783051 0.41434651213166673
3.0551342829999997 0.4136560908127655
3.056485514 0.4130114194433621
3.057836746 0.4123471559829501
3.059187977 0.4116811947444575
3.060539209 0.4112170542482578
3.06189044 0.41105067713475
3.063241671 0.410901050016455
3.0645929030000003 0.4107919134593581
3.065944134 0.4111444555532965
3.0672953659999997 0.41106717524489533
3.068646597 0.41131251083733295
3.069997829 0.4114366965543655
3.07134906 0.4111562513173167
3.072700292 0.41086665613373846
3.074051523 0.4106416838242212
3.075402754 0.41044525549507305
3.0767539860000004 0.4102661003626082
3.0781052169999996 0.4101092954375369
3.079456449 0.4099943346895612
3.08080768 0.4101000115022408
3.0821589119999997 0.41042894711302785
3.083510143 0.41079245194438646
3.084861374 0.4111705421402787
3.086212606 0.41156750897454586
3.0875638370000003 0.412020279572155
3.088915069 0.4124797469434899
3.0902662999999997 0.4130175274854955
3.0916175320000003 0.41367101462490896
3.092968763 0.41432625209519997
3.0943199949999998 0.4154531416025288
3.095671226 0.41613805484085925
3.097022457 0.4168234053762255
3.098373689 0.41752486293116425
3.0997249200000003 0.4182354503572153
3.101076152 0.41880224396946825
3.102427383 0.41931631866345975
3.103778615 0.4198351935402994
3.1051298459999996 0.4203266400613184
3.106481078 0.42085592936054
3.107832309 0.4214034337989822
3.10918354 0.42192830501561285
3.110534772 0.4224618559488663
3.111886003 0.42310869764917075
3.113237235 0.4237536891508633
3.1145884660000003 0.424366210851716
3.115939698 0.42496418207646075
3.1172909289999997 0.42558390643062854
3.11864216 0.4261770623887286
3.119993392 0.4267533221024687
3.121344623 0.42815464762687483
3.122695855 0.4290391135426932
3.124047086 0.42990793261208116
3.1253983180000002 0.430767840673383
3.126749549 0.4316009722480251
3.128100781 0.4324437491826313
3.1294520120000002 0.43325615359217956
3.130803243 0.4339784375248956
3.1321544749999997 0.43461631891746827
3.133505706 0.43524177651799
3.134856938 0.4358319421317239
3.136208169 0.4364339281758097
3.137559401 0.4370150792177238
3.138910632 0.43758488709242394
3.140261863 0.43816754935627483
3.1416130950000003 0.4388666771796864
3.142964326 0.43953586842921866
3.1443155579999997 0.4402089131918403
3.145666789 0.44083493178416217
3.147018021 0.4415087659641747
3.148369252 0.4427070143607849
3.149720484 0.4433838987376147
3.151071715 0.4440231602824034
3.152422946 0.44468012475563085
3.153774178 0.44532939584336706
3.155125409 0.4459868818790619
3.1564766410000002 0.44663237140462736
3.157827872 0.44730625659023243
3.1591791039999997 0.447956176501946
3.160530335 0.4486028106041424
3.161881566 0.4492021602093212
3.163232798 0.44981485569658836
3.1645840290000002 0.4504200778629824
3.165935261 0.45104880765561534
3.167286492 0.45167740282114605
3.1686377240000003 0.45232528158495605
3.169988955 0.452974085328778
3.1713401869999998 0.4539323315695513
3.172691418 0.45525001183314245
3.174042649 0.45633993471617984
3.1753938809999998 0.4572821340273085
3.176745112 0.45825130074673587
3.178096344 0.45922831644199424
3.179447575 0.4602066489335945
3.180798807 0.4611147173511673
3.182150038 0.46196968736162386
3.1835012700000003 0.46284499733584195
3.184852501 0.46370815762976125
3.186203732 0.46456345919329667
3.187554964 0.46540522992207134
3.188906195 0.46626996615304767
3.190257427 0.46712554643045345
3.1916086580000003 0.4679967077408875
3.19295989 0.46887381445068255
3.194311121 0.46976412053153965
3.195662352 0.4706177739813115
3.197013584 0.4714822640314024
3.1983648149999997 0.4728736788641568
3.199716047 0.47373931168755
3.201067278 0.4745249799403419
3.2024185099999998 0.4752939681022316
3.203769741 0.4760889667975228
3.205120973 0.4768561301425171
3.206472204 0.4775833799377449
3.207823435 0.47832921402641404
3.209174667 0.4790507240705186
3.2105258979999998 0.4797741274074499
3.21187713 0.4804957601398882
3.213228361 0.4806442097767756
3.214579593 0.48134152958116855
3.215930824 0.48203973466033995
3.217282055 0.4827279141220892
3.2186332870000003 0.4833749226635754
3.2199845180000004 0.4840399664318736
3.22133575 0.4850040396513826
3.222686981 0.48616461053947674
3.2240382129999996 0.48692329253687977
3.2253894439999997 0.48770145467711185
3.226740676 0.48847008861213453
3.228091907 0.4892292116004821
3.229443138 0.48995877364365037
3.23079437 0.4905424712254408
3.232145601 0.4910220853152678
3.2334968330000002 0.49148375119425614
3.234848064 0.4919535152924486
3.2361992959999997 0.49239996546125037
3.237550527 0.4928383194241788
3.238901759 0.4932594969572002
3.24025299 0.4937166610951742
3.2416042210000002 0.4941087917692646
3.242955453 0.4944867150457801
3.244306684 0.4950244590785021
3.2456579160000003 0.49582136100762325
3.2470091470000004 0.49619749806940766
3.248360379 0.49658846622659514
3.24971161 0.4970004506379216
3.251062841 0.49752403241446375
3.2524140729999997 0.4980760768779534
3.253765304 0.4986052396330559
3.255116536 0.4991714317228987
3.256467767 0.4997286586222067
3.257818999 0.5003188216549994
3.25917023 0.5008992818905037
3.2605214620000003 0.5014597709538627
3.261872693 0.5019643022289931
3.263223924 0.5025124174522796
3.264575156 0.5030911421414105
3.265926387 0.5036497998533371
3.267277619 0.5043679289655394
3.2686288500000003 0.5053630770638443
3.269980082 0.5059602148543398
3.271331313 0.5063931770733267
3.272682544 0.5068614929697116
3.274033776 0.5073447855489902
3.2753850069999997 0.5078313646039228
3.276736239 0.5083118803653766
3.27808747 0.5087872936636241
3.2794387019999998 0.5092342962039194
3.280789933 0.5097180487308892
3.282141165 0.5102387021232858
3.283492396 0.5107479581380647
3.2848436270000003 0.5112868870249612
3.286194859 0.5118161877050467
3.2875460899999998 0.5123359592559008
3.288897322 0.5128221509859361
3.290248553 0.513922276545762
3.291599785 0.5144116513270652
3.292951016 0.5149227817753868
3.294302247 0.5154454332878599
3.2956534790000003 0.5159745925922499
3.29700471 0.5165078248879924
3.298355942 0.5169969738445644
3.299707173 0.5175100749511686
3.301058405 0.5179112795499806
3.3024096359999997 0.5182927490184492
3.303760868 0.5186484741652019
3.305112099 0.5190319298064533
3.30646333 0.5194409451867414
3.307814562 0.5198180352283809
3.309165793 0.520190206090144
3.3105170250000002 0.5205392753302287
3.3118682560000003 0.5213938496305621
3.313219488 0.5217668861385238
3.3145707189999998 0.522059652400375
3.315921951 0.5223476982506529
3.317273182 0.522676896421423
3.318624413 0.5229944316076346
3.319975645 0.5232997110334191
3.321326876 0.5235464719622338
3.322678108 0.5237661963817841
3.324029339 0.5240198180189185
3.325380571 0.5242653595022735
3.326731802 0.5245194931448415
3.328083033 0.5247772997696711
3.3294342649999997 0.5250626588550109
3.330785496 0.524987139684038
3.332136728 0.5246109071045003
3.333487959 0.5242413518020528
3.334839191 0.5243822772908818
3.336190422 0.5241222048814106
3.3375416540000002 0.5237424478450721
3.3388928850000004 0.5233914098432582
3.340244116 0.522822310054305
3.341595348 0.5211184748278528
3.342946579 0.5194013486217095
3.344297811 0.5176647242482457
3.345649042 0.5159507126540817
3.347000274 0.514226721464302
3.348351505 0.5125249101816768
3.3497027360000002 0.5108291633592736
3.351053968 0.5073176179555897
3.3524051989999997 0.5033232348640025
3.353756431 0.49930675918141665
3.355107662 0.4952582784380346
3.3564588939999997 0.49118542182103736
3.357810125 0.4871253974782229
3.359161357 0.48304457484922253
3.360512588 0.48073786190942297
3.3618638190000003 0.48132990725380936
3.363215051 0.4819153249714196
3.3645662819999997 0.4825322157840089
3.3659175140000004 0.48313855785166426
3.367268745 0.4837349224234911
3.368619977 0.48430710342317435
3.369971208 0.48488711049708727
3.371322439 0.4894599362712148
3.372673671 0.4944841586070965
3.374024902 0.4999225562938249
3.375376134 0.5045986571088996
3.3767273650000003 0.5092947051345992
3.378078597 0.513982823694118
3.3794298279999997 0.5186807206568738
3.38078106 0.5215247584663649
3.382132291 0.5229913534349377
3.383483522 0.5244645739551318
3.384834754 0.5259254924648895
3.386185985 0.5274054927930161
3.387537217 0.5288655042615636
3.3888884480000003 0.5303092375863167
3.39023968 0.5314442274197202
3.3915909109999998 0.5311402084437772
3.3929421430000004 0.5308296841415017
3.3942933739999996 0.530459500246695
3.3956446049999998 0.5300774392510788
3.396995837 0.529678984948801
3.398347068 0.5292554597735165
3.3996983 0.528833951332742
3.401049531 0.5283388780130179
3.402400763 0.5278341816819339
3.4037519940000003 0.5272925028729389
3.405103225 0.5267241266849442
3.4064544569999997 0.5261453346622411
3.407805688 0.5255592175156879
3.40915692 0.5250721330558751
3.410508151 0.5250680564929052
3.411859383 0.5246978302562235
3.413210614 0.5243070745935284
3.4145618460000002 0.5238909118721786
3.4159130770000004 0.5240116878417238
3.4172643079999996 0.5236285043770331
3.41861554 0.5232074215486023
3.419966771 0.5227749219395664
3.4213180029999997 0.5227710221649694
3.422669234 0.5227671628207377
3.424020466 0.5227713015222683
3.425371697 0.5227994346730293
3.4267229280000002 0.5228022534292779
3.42807416 0.5228136738850854
3.429425391 0.5228300353793531
3.4307766230000003 0.522740324857401
3.432127854 0.5225937312600724
3.4334790859999997 0.5224577530426949
3.434830317 0.5223246328278707
3.436181549 0.522128955387311
3.43753278 0.5219061735669732
3.4388840110000003 0.5216986472951891
3.440235243 0.5214575234866167
3.441586474 0.5210399920017028
3.4429377060000004 0.5206210929657863
3.4442889369999996 0.5208542845881166
3.445640169 0.5204918339477621
3.4469914 0.5201284193708241
3.448342631 0.51999264783514
3.449693863 0.52003004666321
3.451045094 0.5199375849487282
3.452396326 0.5199186460411165
3.4537475570000002 0.5199097682534879
3.455098789 0.5199214171684727
3.45645002 0.5199265831138958
3.4578012520000003 0.5199639760141804
3.459152483 0.5200121320174756
3.460503714 0.5202438474216831
3.461854946 0.5207851631759809
3.463206177 0.5213120499650283
3.464557409 0.5218535357640958
3.4659086400000003 0.5223997613873439
3.467259872 0.522951563533417
3.468611103 0.5235098893695418
3.469962335 0.5240669319831406
3.4713135659999996 0.5242817521774868
3.4726647969999997 0.524495486538256
3.474016029 0.5247253406141934
3.47536726 0.5249534903316501
3.476718492 0.5256154841729391
3.478069723 0.5260420097753035
3.479420955 0.5265519888816913
3.4807721860000003 0.527371289035965
3.482123417 0.5280056277480254
3.483474649 0.5286346021980654
3.48482588 0.5292804677381272
3.486177112 0.5299169514513444
3.487528343 0.530565004801094
3.488879575 0.5312181217131295
3.490230806 0.5318729914413802
3.491582038 0.5326601146130674
3.492933269 0.533435978783653
3.4942845 0.5342152320879676
3.495635732 0.5349922781886923
3.496986963 0.5357501956021331
3.4983381949999997 0.536517493484508
3.4996894259999998 0.537267762810495
3.501040658 0.5379595045362234
3.502391889 0.5386352899439326
3.50374312 0.5392993658748304
3.505094352 0.539966777303566
3.506445583 0.5406218207152014
3.5077968150000003 0.5417692623622107
3.509148046 0.5425177599043504
3.5104992779999997 0.5434321274065543
3.511850509 0.5443918015236662
3.513201741 0.5450739389721998
3.514552972 0.5458313731827256
3.515904203 0.5465975626791677
3.517255435 0.5472552187586697
3.518606666 0.5478454996307333
3.519957898 0.548417687712179
3.521309129 0.548925303134624
3.5226603610000002 0.549438547685664
3.524011592 0.549919012413857
3.5253628239999997 0.550391459393612
3.526714055 0.550851901966385
3.528065286 0.5512952115972437
3.529416518 0.5517541232891453
3.5307677490000002 0.552152456265242
3.532118981 0.552503609907453
3.533470212 0.5528441434129993
3.5348214440000003 0.5537091932663669
3.536172675 0.5541577051439052
3.537523906 0.5544611530415605
3.538875138 0.5547534960162175
3.540226369 0.5550254355524363
3.5415776009999997 0.5551629384534317
3.542928832 0.5558859633480656
3.544280064 0.5560661282775667
3.545631295 0.5561998245324664
3.546982527 0.5563378477423014
3.548333758 0.556459298273524
3.5496849889999997 0.5565811533998639
3.551036221 0.5566611955747925
3.552387452 0.5573294266361147
3.553738684 0.5573875385865802
3.555089915 0.5574287110051926
3.556441147 0.5574762645563969
3.5577923780000003 0.5575448733680392
3.5591436090000004 0.5576155305246632
3.560494841 0.5577066351013452
3.561846072 0.5578336905180317
3.563197304 0.5579806788582304
3.5645485349999997 0.5581451402827629
3.565899767 0.5582919833600102
3.567250998 0.5584497965710895
3.5686022299999998 0.5590064340194415
3.569953461 0.5594453312411387
3.571304692 0.5595726482256732
3.572655924 0.559684525036422
3.574007155 0.5598021064929386
3.575358387 0.5599330982219222
3.5767096179999998 0.5600647741391105
3.57806085 0.5608433978376681
3.579412081 0.5609891675044698
3.580763312 0.5610896441902787
3.582114544 0.5611726612447413
3.583465775 0.5612624412038661
3.5848170070000003 0.5619107638923851
3.5861682380000004 0.5621541399935583
3.58751947 0.5622708537255561
3.588870701 0.5624040404680067
3.5902219329999996 0.5625218305883767
3.5915731639999997 0.5625769932148557
3.592924395 0.5626368694171301
3.594275627 0.5626788407406621
3.595626858 0.5627406558199213
3.59697809 0.5628209143875597
3.598329321 0.5629017297555085
3.5996805530000002 0.5629913667829498
3.601031784 0.5630910736624064
3.602383016 0.563212739565929
3.603734247 0.5638097146950648
3.605085478 0.564059644996928
3.60643671 0.5641433212927388
3.607787941 0.5642302199974096
3.609139173 0.5643103547377272
3.610490404 0.564400608905717
3.6118416360000003 0.5644470609134096
3.6131928670000004 0.5644847450881376
3.6145440979999997 0.5645243551904486
3.61589533 0.5645535969486803
3.617246561 0.5645889287454168
3.6185977929999997 0.5646158875339289
3.619949024 0.5652193714831629
3.621300256 0.5652601062237934
3.622651487 0.5652669353552049
3.624002719 0.5652788400235393
3.62535395 0.5653009406636209
3.6267051809999997 0.5653118778079179
3.628056413 0.5653367124507512
3.629407644 0.5653605605006868
3.630758876 0.5653983900040344
3.632110107 0.5654778545598708
3.633461339 0.5655465239935198
3.6348125700000002 0.5656013257720555
3.6361638010000004 0.5656755496981984
3.637515033 0.5657517708881268
3.638866264 0.5658243639037541
3.640217496 0.565906522723802
3.6415687269999997 0.5660379385275086
3.642919959 0.5661716103577492
3.64427119 0.5663034002359197
3.6456224219999998 0.5664225253747422
3.646973653 0.5665355209533594
3.648324884 0.5666308072864794
3.649676116 0.5671762146661989
3.6510273470000003 0.5675737531788222
3.652378579 0.5677637435702709
3.6537298099999997 0.5679561775736296
3.655081042 0.5681549142561343
3.656432273 0.5683323040378578
3.657783504 0.5685086085664559
3.659134736 0.5686771763195937
3.660485967 0.568797694207144
3.6618371990000003 0.5688654903490047
3.66318843 0.5689224919198924
3.664539662 0.5689866441320073
3.665890893 0.5690764447491948
3.667242125 0.5691655508493259
3.6685933559999997 0.5692510289437639
3.669944587 0.5699246609200112
3.671295819 0.5700850606200777
3.67264705 0.5702201062924369
3.673998282 0.570351776072938
3.675349513 0.5704615315217842
3.676700745 0.5705789487330901
3.6780519760000003 0.5707005740068513
3.679403208 0.570823301835098
3.6807544389999998 0.57096180049703
3.68210567 0.5710880534891699
3.683456902 0.5712095268571415
3.684808133 0.571336454849481
3.686159365 0.571435978004889
3.687510596 0.5715309563067565
3.688861828 0.5716324710126077
3.690213059 0.5716962655079352
3.6915642899999996 0.571637208071098
3.692915522 0.5715862564659703
3.694266753 0.5721977590973876
3.6956179849999997 0.57216060059721
3.696969216 0.5721142034602218
3.698320448 0.5720578122617157
3.699671679 0.5720050690518557
3.701022911 0.5719336423877102
3.702374142 0.5718533457425256
3.703725373 0.5717804039293068
3.7050766050000004 0.5716947012647952
3.706427836 0.5716130193436009
3.707779068 0.5715527541337629
3.709130299 0.5714904000455397
3.710481531 0.5714543110411188
3.711832762 0.5714672258207182
3.713183993 0.5714734185562951
3.714535225 0.5714803783225479
3.7158864560000002 0.5714748962185944
3.717237688 0.5714584484335302
3.7185889189999997 0.5714494128680652
3.719940151 0.5714341352873403
3.721291382 0.5714185056623496
3.7226426139999997 0.571424759358669
3.723993845 0.5714392812527133
3.725345076 0.5714587808962109
3.726696308 0.5714821624713771
3.7280475390000003 0.5714896941721904
3.729398771 0.5714880935064944
3.730750002 0.5714850681373201
3.7321012340000004 0.5714784636167317
3.733452465 0.571484565548251
3.7348036959999997 0.5714974938285602
3.736154928 0.5721755779991754
3.737506159 0.5722154205753012
3.738857391 0.5722602258838617
3.740208622 0.5724151741529837
3.741559854 0.572883247104368
3.7429110850000002 0.5728452169815647
3.744262317 0.572795340329369
3.7456135479999997 0.5727515153537819
3.746964779 0.5727149704047665
3.748316011 0.5726870270670675
3.749667242 0.5726701702201766
3.751018474 0.572644105356947
3.752369705 0.5726250638626179
3.753720937 0.5726335909564415
3.7550721680000003 0.572646742893997
3.7564234 0.5726591459816078
3.757774631 0.5726751360324672
3.759125862 0.572686259857105
3.7604770939999996 0.5726941473313263
3.7618283249999998 0.5726965480217664
3.763179557 0.572693771996971
3.764530788 0.5727050570453377
3.76588202 0.5727290437400361
3.767233251 0.5727624626721249
3.768584482 0.5728189109740762
3.7699357140000003 0.5728807890551991
3.771286945 0.5729205747462904
3.7726381769999997 0.5729594048710673
3.773989408 0.5730095456603429
3.77534064 0.5730567119044268
3.776691871 0.5735655720098566
3.778043103 0.5738186446940414
3.779394334 0.5738590957133879
3.780745565 0.5739486584627811
3.7820967970000003 0.5740799867268956
3.7834480279999996 0.5742112587851622
3.7847992599999998 0.5743541233990564
3.786150491 0.5745012937353406
3.7875017229999997 0.5746372114629265
3.7888529539999998 0.5747744065077431
3.790204185 0.5748819099875648
3.791555417 0.5748379582135943
3.792906648 0.574789342113214
3.79425788 0.5747396442234152
3.795609111 0.5746934374416433
3.7969603430000003 0.574663623427736
3.798311574 0.5746250456369967
3.7996628059999997 0.5745745089987889
3.801014037 0.5746499786552975
3.802365268 0.5747392303757662
3.8037165 0.5748077071330869
3.8050677310000003 0.5748901441619337
3.806418963 0.5749588738605096
3.807770194 0.575010324258512
3.8091214260000004 0.5750681618498401
3.8104726569999996 0.5750894903902098
3.811823889 0.5750516310839874
3.81317512 0.5750192576262637
3.814526351 0.574979601458886
3.815877583 0.5749346986378678
3.817228814 0.5750350215740084
3.818580046 0.5754745186815667
3.8199312770000002 0.5753817896918026
3.821282509 0.5752818645636449
3.82263374 0.5751737434481915
3.823984971 0.5750611015855399
3.825336203 0.5749480373373917
3.826687434 0.5748195591964305
3.828038666 0.5746805691316744
3.829389897 0.5745507090640375
3.830741129 0.5744074584121228
3.8320923600000003 0.5742327427182902
3.833443592 0.5740560482812751
3.834794823 0.5738728398481704
3.836146054 0.5736782610688931
3.8374972859999996 0.5734926452284954
3.8388485169999997 0.5738282900682204
3.840199749 0.5737019749873763
3.84155098 0.573494536882217
3.842902212 0.5732855962577604
3.844253443 0.5730646104223616
3.845604674 0.5728409958220957
3.8469559060000003 0.5726017694565153
3.848307137 0.572347058249576
3.849658369 0.5720923023717259
3.8510096 0.5718375995463184
3.852360832 0.571574702142777
3.853712063 0.5713133930731339
3.855063295 0.5710511470680919
3.856414526 0.5707775966465908
3.857765757 0.5710091319298971
3.859116989 0.5708892022503237
3.86046822 0.570599203970434
3.861819452 0.5703210715417865
3.863170683 0.5700527845454146
3.8645219149999996 0.5697721438475437
3.8658731459999998 0.5694918407555949
3.867224377 0.5692077370045793
3.868575609 0.568916833571298
3.86992684 0.5686313581211125
3.871278072 0.568348973978985
3.872629303 0.5680600133195488
3.8739805350000003 0.5677745345387922
3.875331766 0.5675003243631653
3.876682998 0.567227149945257
3.878034229 0.566957693346116
3.87938546 0.5666940407137951
3.880736692 0.5664163688494944
3.882087923 0.5661374533499413
3.883439155 0.565874910566446
3.884790386 0.5656054572494627
3.886141618 0.5653445085754216
3.887492849 0.5651026047665842
3.8888440810000002 0.5648578271562116
3.890195312 0.5646147798578087
3.891546543 0.5643881772648002
3.892897775 0.5641713381165296
3.894249006 0.5639533368470564
3.895600238 0.5637387541500363
3.8969514690000002 0.5635253013884637
3.898302701 0.5639635504557079
3.899653932 0.5637764062328396
3.9010051629999998 0.5636046648471524
3.902356395 0.563437071168154
3.903707626 0.5632904624972073
3.905058858 0.5631536561483014
3.906410089 0.5630226105972267
3.9077613209999997 0.5629046913447341
3.909112552 0.5627909379368121
3.910463784 0.5626763067638522
3.911815015 0.562578613353083
3.913166246 0.5625148436817047
3.914517478 0.5627880785225988
3.9158687089999997 0.5630475816635053
3.917219941 0.5630268536625384
3.918571172 0.5630013805294328
3.919922404 0.562985671672791
3.921273635 0.5629942184418575
3.922624866 0.5630087990700986
3.9239760980000002 0.5630309722996154
3.9253273290000004 0.5630725148310834
3.926678561 0.5631283180024526
3.928029792 0.5631901258025658
3.929381024 0.563271097990483
3.9307322549999997 0.5633739257746722
3.932083487 0.5634726733924954
3.933434718 0.5635760681036045
3.934785949 0.5636747537821507
3.936137181 0.5637492756629954
3.937488412 0.5641306868421256
3.938839644 0.5645279153565269
3.940190875 0.5645979122826466
3.941542107 0.5647209703553595
3.9428933379999997 0.564828910936115
3.944244569 0.5649070248830386
3.945595801 0.5649525787153736
3.946947032 0.5649702365664745
3.948298264 0.5649261864174809
3.949649495 0.5648189920238806
3.9510007270000003 0.5646048891736005
3.9523519580000004 0.5643052648818433
3.95370319 0.5639209205283376
3.955054421 0.5634515570877634
3.956405652 0.562895182596033
3.9577568839999997 0.562217435843386
3.959108115 0.5614044958707477
3.960459347 0.5604642145293165
3.961810578 0.5593679828421954
3.96316181 0.5581063897904758
3.964513041 0.5566715380990306
3.965864273 0.5550425981420888
3.967215504 0.5532067954134415
3.968566735 0.5511670321714341
3.9699179669999998 0.5494701020911532
3.971269198 0.5469944872911658
3.97262043 0.5441857096527524
3.973971661 0.5411098497875584
3.975322893 0.5377364338366957
3.976674124 0.5340704725371916
3.978025355 0.5307160444751983
3.9793765870000004 0.5264297074405626
3.9807278179999996 0.5218162829253175
3.98207905 0.51688973314603
3.983430281 0.5115964341249905
3.9847815129999997 0.5059063822736033
3.986132744 0.4998850601247574
3.987483976 0.49351742727473547
3.988835207 0.4868011006862831
3.9901864380000003 0.47975550738264955
3.99153767 0.4723965927389738
3.9928889009999997 0.4647099431443559
3.994240133 0.4567086561285358
3.995591364 0.44837730584311547
3.996942596 0.4397577101994993
3.998293827 0.4308813992036341
3.999645058 0.4217873363382704
4.00099629 0.4124714282447869
4.002347521 0.40294952698290415
4.003698753 0.3932638751742101
4.005049984 0.3834482509423854
4.006401216 0.3734396798136564
4.007752447 0.3633701257467533
4.009103679 0.3532488276135643
4.01045491 0.3430969504201324
4.011806141 0.3329749376008483
4.013157373 0.322894336754144
4.014508604 0.31285339332739703
4.015859836 0.3028320631869658
4.017211067 0.29289669826227765
4.018562299 0.2832518672532365
4.01991353 0.273668301450391
4.021264761 0.2643563998937345
4.022615993 0.254910239129174
4.023967224 0.24562592831082286
4.025318456 0.23652776395135514
4.026669687 0.22764788125996793
4.028020919 0.21893944096957224
4.02937215 0.2104504550241292
4.030723382 0.20221428016858126
4.032074613 0.19420685349486236
4.033425844 0.18640610670700714
4.034777076 0.1788454338152452
4.036128307 0.1715412317512319
4.037479539 0.1644211787482354
4.03883077 0.1575497925746235
4.040182002 0.15093255343174197
4.041533233 0.14455032326956693
4.042884465 0.1383787037362532
4.044235696 0.13245834427858424
4.0455869269999996 0.1267640121487159
4.046938159 0.12123614518533997
4.04828939 0.11594610981696216
4.049640622 0.11086235459095566
4.050991853 0.10594285916460136
4.052343085 0.10120268096414949
4.053694316 0.09668855657501854
4.055045547 0.09233953735287995
4.056396779 0.08813768022784982
4.05774801 0.08414265922869708
4.059099241999999 0.08030598009522125
4.0604504729999995 0.0766466473445658
4.061801705 0.07314733101144705
4.063152936 0.06979092530677634
4.064504168 0.06653426151685302
4.065855399 0.06341101491875298
4.06720663 0.06045136749837887
4.0685578620000005 0.05760870473477621
4.069909093000001 0.054868157262921775
4.071260325 0.052266787450870524
4.072611556 0.04984614566329895
4.073962788 0.047464819322395047
4.075314019 0.04518117820639679
4.07666525 0.04301732023068434
4.078016482 0.04093909460647872
4.079367713 0.038931053141971095
4.080718945 0.03704177106578733
4.082070176 0.03524271823966188
4.083421408 0.03348407373319965
4.084772639 0.03183048167539726
4.086123871 0.030269328175243082
4.087475102 0.02876617987933035
4.088826333 0.027302049237030973
4.090177565 0.02595357838165023
4.091528796 0.02464949476500902
4.092880028 0.02338376265290391
4.094231259 0.0221976104468794
4.095582491 0.021089423898894583
4.096933722 0.020009637693002114
4.098284953 0.018966036829962205
4.0996361850000005 0.018023784932040557
4.100987416 0.017099554711550936
4.102338648 0.016202232541381072
4.103689878999999 0.015372184633930992
4.105041110999999 0.014606708489523787
4.106392342 0.01382373570891675
4.107743574 0.013090336890744514
4.109094805 0.012424105604940153
4.110446036 0.011777516729726921
4.111797268 0.011141420502679992
4.113148499 0.010558329510246085
4.1144997309999995 0.01003122319242155
4.115850962000001 0.009478312262285188
4.117202194000001 0.008969275913173707
4.118553425 0.008511541145289379
4.119904657 0.008072232721657321
4.121255887999999 0.00760928580812384
4.122607119 0.007221461676892209
4.123958351000001 0.006854004570915894
4.125309582 0.006477946342508538
4.126660814 0.006124357544487208
4.128012045 0.005823371809734496
4.129363277 0.005523586560472547
4.130714508 0.005200822082397019
4.132065739 0.004933938895904728
4.133416971 0.004681578009577565
4.134768202 0.004420946800888697
4.136119434 0.004161249525867907
4.1374706649999995 0.003971007316607329
4.138821897 0.0037525305053821094
4.140173128000001 0.0035326311167069584
4.14152436 0.0033439233537229988
4.142875591 0.003189473339285808
4.144226821999999 0.00299860619190864
4.145578054 0.0028223890679710826
4.146929285000001 0.0026890911373385587
4.148280517 0.0025508280124676374
4.149631748 0.0023954977168851926
4.15098298 0.0022671670442528675
4.152334211 0.002178530109778971
4.153685442 0.0020447189329248455
4.155036674 0.0019261295691584905
4.156387905 0.0018342024535802307
4.157739136999999 0.0017522275655722662
4.159090368 0.0016223018915579404
4.1604416 0.0015447995479791765
4.161792831 0.0014798205593332444
4.163144063 0.001394691489170223
4.164495294 0.0012894995084306933
4.165846525 0.0012369377721549155
4.167197757 0.0011792542492207007
4.1685489879999995 0.0010931258670837433
4.169900220000001 0.0010247197766841173
4.171251451 0.0009867776855223159
4.172602683 0.0009314284969268536
4.173953914 0.0008525749977727099
4.1753051459999995 0.0008201312509005012
4.1766563770000005 0.0007864275888450629
4.178007608 0.0007295600062143542
4.17935884 0.0006645716478867326
4.180710071 0.0006581587727553242
4.182061303 0.0006171682237485932
4.183412534 0.0005671246888470063
4.184763766 0.0005331951328497202
4.186114997 0.0005391377334399603
4.187466228 0.0004862955276045589
4.18881746 0.0004445154002686495
4.190168691 0.0004252965489839505
4.1915199229999995 0.0004116069451316866
4.1928711540000005 0.00035554317301166234
4.194222386000001 0.00033683049727149415
4.195573617 0.00033484926529405194
4.196924849 0.0003065595620218783
4.198276079999999 0.0002564630889626438
4.199627311 0.0002426144067155729
4.200978543 0.00024217080693936577
4.202329774 0.00020411571650539754
4.203681006 0.00018013621666479522
4.205032237 0.00018686902753966883
4.206383469 0.00018461936987032985
4.2077347 0.00013174103892393994
4.209085931 0.00012400879118315252
4.210437163 0.00012859379119417987
4.211788394 0.00010715278623016991
4.213139626 5.33064621847204e-05
4.2144908569999995 6.67056692256702e-05
4.215842089 7.119753103853036e-05
4.217193320000001 4.030574553005913e-05
4.218544552 2.4580653552866568e-05
4.219895783 3.609989110223855e-05
4.221247013999999 2.752447848521471e-05
4.2225982459999996 1.3773272288281488e-05
4.223949477 7.869268899122004e-06
4.225300709 2.1872816259349785e-05
4.22665194 9.474154656975014e-06
4.228003171999999 1.0098615318675798e-07
4.229354403 3.540939046224706e-08
4.2307056339999995 7.184426539009839e-06
4.232056866 1.0248138435750584e-08
4.233408097000001 5.960595863007914e-09
4.234759329 5.958587188815913e-09
4.23611056 5.956573244615381e-09
4.237461792 5.954554811006466e-09
4.238813023 5.952532439243412e-09
4.240164255 5.95050694929738e-09
4.241515486 5.948479083080615e-09
4.242866717 5.952339303680524e-09
4.244217949 5.9512118581272095e-09
4.24556918 1.3877537590767218e-07
4.246920412000001 6.823815153459852e-08
4.248271643 5.951665710169629e-09
4.249622875 5.9496315345522105e-09
4.250974105999999 5.947598597088189e-09
4.2523253379999995 5.9455687824884985e-09
4.2536765690000005 5.9435413166578446e-09
4.2550278 5.941516619373049e-09
4.256379032 5.939496643143281e-09
4.257730263 5.93748016579464e-09
4.259081495 5.935467990413025e-09
4.260432726 5.92985979067661e-09
4.261783958 5.9166159786289635e-09
4.263135189 5.903385424921991e-09
4.26448642 5.890168903497941e-09
4.265837652 5.876965273803844e-09
4.267188883 5.863775987707503e-09
4.2685401149999995 5.850601046698127e-09
4.2698913460000005 5.837439524661847e-09
4.271242578000001 5.819135710429405e-09
4.272593809 5.800398854872064e-09
4.273945041 5.78167934627724e-09
4.275296271999999 5.762979326303661e-09
4.276647503 5.744297081936325e-09
4.277998735 5.725632181749663e-09
4.279349966 5.706987068474597e-09
4.280701198 5.7111746056437094e-09
4.282052429 5.736508817340719e-09
4.283403661 5.7618340311205734e-09
4.284754892 5.787148108006058e-09
4.286106123 5.812451801099295e-09
4.287457355 5.837746061473357e-09
4.288808586 5.863029074844663e-09
4.290159818 5.88518875491205e-09
4.2915110489999995 5.884139703708838e-09
4.292862281 5.883095546264993e-09
4.294213512000001 5.88997085755076e-09
4.295564744 5.894222459939375e-09
4.296915975 5.8931914883398926e-09
4.298267206 5.892165998214047e-09
4.299618438 5.891144532020986e-09
4.300969669 5.889553984462933e-09
4.302320901 5.88774330503622e-09
4.303672132 5.8859357404706774e-09
4.305023363999999 5.884130901126526e-09
4.306374595 5.882329883644372e-09
4.3077258259999995 5.880530641558451e-09
4.309077058 5.878733119319082e-09
4.310428289000001 5.876937705917134e-09
4.311779521 5.875142779914716e-09
4.313130752 5.8733483908659335e-09
4.314481984 5.871554352356531e-09
4.315833215 5.8697594260181655e-09
4.317184447 5.867963686225788e-09
4.318535678 5.8661665366791334e-09
4.319886909 5.864367061826462e-09
4.321238141 5.862565257271867e-09
4.322589372 5.860760328452317e-09
4.323940604000001 5.858951579015046e-09
4.325291835 5.857138869038289e-09
4.326643067 5.85532135995335e-09
4.327994297999999 5.853498536342665e-09
4.329345529999999 5.851670001552115e-09
4.3306967610000004 5.849835097574034e-09
4.332047992 5.847993352298487e-09
4.333399224 5.846144122433085e-09
4.334750455 5.844287031885631e-09
4.336101687 5.842421520439056e-09
4.337452918 5.840546871156986e-09
4.33880415 5.838662923886391e-09
4.340155381 5.836768938181295e-09
4.341506612 5.8348643169813905e-09
4.342857844 5.832949018495081e-09
4.344209075 5.831022060394247e-09
4.3455603069999995 5.832676184515419e-09
4.3469115380000005 5.833542744848668e-09
4.34826277 5.831542281004044e-09
4.349614001 5.829387316444737e-09
4.350965233 5.827219385655425e-09
4.352316464 5.831678865111333e-09
4.353667695 5.829479988277715e-09
4.355018927 5.827266982655523e-09
4.356370158 5.82503809408935e-09
4.35772139 5.822794507386199e-09
4.359072621 5.820535597308839e-09
4.360423853 5.8182600345156e-09
4.361775084 5.815968964759555e-09
4.363126315000001 5.813661482231773e-09
4.364477547000001 5.811336813094362e-09
4.365828778 5.808995978209989e-09
4.36718001 5.806637787346428e-09
4.3685312409999995 5.804262107189771e-09
4.369882473 5.801869783020799e-09
4.371233704 5.799459317267039e-09
4.372584936 5.797031282622737e-09
4.373936167 5.794586300041156e-09
4.375287398 5.792122586906739e-09
4.37663863 5.7896414392338935e-09
4.377989861 5.787143230102769e-09
4.379341093 5.7846258981697e-09
4.380692324 5.782091475760325e-09
4.382043555999999 5.779539796169519e-09
4.383394787 5.77696936417598e-09
4.3847460179999995 5.774382096281853e-09
4.38609725 5.771777526487471e-09
4.387448481000001 5.769154893276193e-09
4.388799713 5.766515803311951e-09
4.390150944 5.763859587729761e-09
4.391502176 5.761186181082685e-09
4.392853407 5.758496880591566e-09
4.394204639 5.755790848556166e-09
4.39555587 5.753068657034268e-09
4.396907101 5.750682913551291e-09
4.398258332999999 5.748452598248899e-09
4.399609564 5.74620653114533e-09
4.400960796000001 5.743945448280791e-09
4.402312027 5.741668338694365e-09
4.403663259 5.7393767417566144e-09
4.405014489999999 5.737162444147759e-09
4.406365721999999 5.741052522635736e-09
4.407716953 5.738716258303909e-09
4.409068184 5.736366936468016e-09
4.410419416 5.734004350542263e-09
4.411770647 5.73162978521611e-09
4.413121879 5.730038655384016e-09
4.41447311 5.733367927623903e-09
4.415824342 5.730956508275158e-09
4.417175573000001 5.728534605558003e-09
4.418526804 5.7261027630567754e-09
4.419878036 5.723661680005146e-09
4.421229266999999 5.721211688546235e-09
4.4225804989999995 5.7187534053512876e-09
4.4239317300000005 5.716287371884056e-09
4.425282962 5.713814156043884e-09
4.426634193 5.7113342599135194e-09
4.427985425 5.708848133656637e-09
4.429336656 5.706356686659683e-09
4.430687887 5.703860101226977e-09
4.432039119 5.7013589023046694e-09
4.43339035 5.698854188065813e-09
4.434741582 5.696345862588616e-09
4.436092813 5.693834645948035e-09
4.437444045 5.691321580760734e-09
4.438795276 5.688806412022265e-09
4.440146507000001 5.686290147715816e-09
4.441497739000001 5.683773556518293e-09
4.44284897 5.681256331462736e-09
4.444200202 5.6787019068654916e-09
4.445551432999999 5.675930625164975e-09
4.446902665 5.673160463355822e-09
4.448253896 5.670393253804048e-09
4.449605128 2.234481056367356e-07
4.450956359 1.766906818196705e-07
4.45230759 5.662108987006002e-09
4.453658822 5.6593550965116274e-09
4.455010053 5.656604902110288e-09
4.456361285 5.653861086140857e-09
4.457712516 5.6511216552525766e-09
4.459063747999999 5.6483873898499394e-09
4.460414979 2.2745840136687125e-08
4.4617662110000005 2.887508420088055e-06
4.463117442 1.9082346733767767e-08
4.464468673000001 5.637516234446904e-09
4.465819905 5.634815094469563e-09
4.467171136 5.632121808033317e-09
4.468522368 5.629436693126653e-09
4.469873599 5.6267583971331835e-09
4.471224831000001 5.624089088199583e-09
4.472576062 5.621428070460618e-09
4.473927293 5.618774345466851e-09
4.475278524999999 5.616130578804817e-09
4.476629756 5.617375485788693e-09
4.4779809880000006 5.617025991564627e-09
4.479332219 5.614405843892469e-09
4.480683451 5.611793540510823e-09
4.482034682 5.6091892408418805e-09
4.483385914 5.606595598530069e-09
4.484737145 5.60870920670624e-09
4.486088376 5.6078044816630744e-09
4.487439608 5.6052339199047785e-09
4.488790839 5.602670757709987e-09
4.490142071 5.600116197667619e-09
4.491493302 5.5975707046760946e-09
4.492844534 7.2064822298059545e-09
4.494195765000001 4.21502493036619e-07
4.495546996 7.230357384075495e-08
4.496898228 5.587212247923219e-09
4.498249458999999 5.5845874442312904e-09
4.4996006909999995 1.9589999053845743e-07
4.5009519220000005 9.989849579099758e-07
4.502303154 6.816788862384211e-09
4.503654385 5.57415325171421e-09
4.505005617 3.2325927217616384e-08
4.506356848 8.660758384438812e-06
4.507708079 2.76910350114966e-08
4.509059311 5.563807526841839e-09
4.510410542 7.077084375253078e-09
4.511761774 6.40386786501821e-07
4.513113005 1.2103001913392833e-07
4.514464237 7.0050602129931106e-09
4.5158154679999996 5.727547351256818e-08
4.517166699000001 5.069853591356854e-07
4.518517931 5.143839842793761e-07
4.519869162 7.728380521369275e-09
4.521220394 9.573495097203816e-08
4.522571624999999 1.703680688692671e-06
4.523922857 1.8314864421111753e-06
4.525274088 2.7508206406797264e-08
4.52662532 2.566871668818226e-08
4.527976551 4.895749567636602e-06
4.529327782 2.6780521957582254e-08
4.530679014 5.522702571306955e-09
4.532030245 5.52011302101167e-09
4.533381477 5.517517468631239e-09
4.534732708 5.5149146725040096e-09
4.53608394 5.512304085906739e-09
4.537435171 5.509685094109553e-09
4.5387864030000005 6.152642540969869e-08
4.540137634 1.4195031757984782e-06
4.541488865 1.1485693264645638e-08
4.542840097 5.499109483506745e-09
4.544191328 1.0951966363305064e-08
4.5455425599999995 1.9050202416875657e-06
4.5468937910000005 9.414787452998409e-08
4.548245023000001 5.4882696952035775e-09
4.549596254 5.485512180943167e-09
4.550947485 1.899566530900882e-07
4.552298716999999 1.0906951532030017e-06
4.553649948 7.576184474858316e-09
4.5550011800000005 5.47431705485858e-09
4.556352411 1.8619204936127706e-08
4.557703643 3.637986181787715e-06
4.559054874 4.809727609141125e-08
4.560406106 1.9271256292756967e-08
4.561757337 2.6827214628320035e-06
4.563108568 5.011364902857608e-06
4.5644598 5.232190674225367e-07
4.565811031 5.899519465931666e-09
4.567162263 5.453931763674642e-09
4.568513493999999 2.0140559444855894e-08
4.569864726 1.780219687902152e-06
4.571215957000001 2.329524683976108e-08
4.572567188 3.34616302152799e-08
4.57391842 8.967826222419868e-06
4.575269650999999 3.7710392990039924e-06
4.5766208829999995 2.1817392263429582e-07
4.5779721140000005 5.5087943988937375e-09
4.579323346 1.7711514853132965e-07
4.580674577 1.5877015533330333e-07
4.582025809 5.42504898839451e-09
4.58337704 5.421681259998375e-09
4.584728271 3.3824326222103226e-08
4.586079503 6.042407393277352e-06
4.587430734 2.929359683530633e-08
4.588781966 5.407894006610736e-09
4.590133197 5.5134116453217245e-09
4.591484429 6.159155651178414e-07
4.5928356599999995 5.766759910536074e-07
4.5941868910000005 5.393572960695475e-09
4.595538123 5.389906115080758e-09
4.596889354 1.7752253572775875e-08
4.598240586 9.362245791962324e-07
4.599591817 1.973000963964145e-08
4.6009430490000005 5.374891332432472e-09
4.60229428 5.371047346062489e-09
4.603645512 1.286641892133407e-07
4.604996743 1.9591488850805013e-07
4.606347974 5.926384156179047e-09
4.607699206 5.3553162735922256e-09
4.609050437 1.9473698621797658e-08
4.610401669 2.827498049156625e-06
4.611752900000001 4.5856301704631036e-08
4.613104132 1.117382374724551e-08
4.614455363 3.2537363726225836e-07
4.6158065950000005 1.0563256855782925e-06
4.617157826 3.6828785843512097e-07
4.618509057 7.45483554877441e-09
4.619860289 5.0965879569451104e-08
4.62121152 2.3038949918431495e-07
4.622562751999999 7.812763790462471e-09
4.6239139830000004 5.3099852529116074e-09
4.625265215000001 8.914508177195697e-09
4.626616446 4.4269914236062843e-07
4.627967677 6.405481652606548e-08
4.629318908999999 5.291960117641519e-09
4.63067014 5.287369880158834e-09
4.6320213720000005 6.603602662596551e-08
4.633372603 3.1186088787859186e-06
4.634723835 1.827850466160093e-08
4.636075066 5.268684905870407e-09
4.637426298 5.98348505275082e-09
4.638777529 3.906179983300659e-07
4.64012876 2.8240259871521253e-07
4.641479992 5.289475660072324e-09
4.642831223 5.244630657141024e-09
4.644182455 1.9690611894685078e-08
4.645533685999999 2.1102024649343203e-06
4.646884918 3.965962420222795e-08
4.648236149000001 5.224872123514304e-09
4.64958738 5.21986570314576e-09
4.650938612 9.768922827005474e-08
4.652289842999999 7.049189407245409e-07
4.6536410749999995 9.347857696233181e-09
4.6549923060000005 8.026982655602899e-08
4.656343538 4.9252027525058935e-06
4.657694769 7.572488386510635e-06
4.659046001 2.4763038596699147e-07
4.660397232 6.368754849087448e-09
4.661748463 5.101889332940061e-07
4.663099695 5.7917903135434285e-06
4.664450926000001 7.1608461183966316e-06
4.665802158 3.724967321347067e-08
4.667153389 2.2673524493908242e-08
4.668504621 4.381032679605271e-06
4.6698558519999995 6.9802727156394465e-06
4.6712070830000005 1.0923810251514006e-06
4.672558315 9.011227834611912e-09
4.673909546 7.3343955780509e-08
4.675260778 1.0560376901199541e-06
4.676612009 1.2249101228136883e-08
4.6779632410000005 5.1149500083894564e-09
4.679314472 6.252601922797832e-09
4.680665704 6.779732161802868e-07
4.682016935 4.867067486997772e-07
4.683368166 5.4432377965665735e-09
4.684719398 5.087722740860303e-09
4.686070629 1.698533933731779e-08
4.687421861 2.4946433224794334e-06
4.688773092 8.187938154195089e-08
4.690124324 5.065839230991769e-09
4.691475555 5.060360918071825e-09
4.6928267869999996 7.941719166734117e-08
4.694178018 4.948186042367092e-06
4.695529249 2.361110928570892e-08
4.696880481 2.167187786850072e-08
4.698231712 1.4436284440380634e-06
4.699582943999999 5.388852632629101e-06
4.700934175 1.2390845056351675e-06
4.702285407000001 7.961148449568984e-09
4.703636638 5.016753668694605e-09
4.704987869 5.011283136516224e-09
4.706339100999999 5.0058193857630675e-09
4.707690332 5.000360358996642e-09
4.7090415640000005 4.994906795718649e-09
4.710392795 4.989657859587938e-09
4.711744027 2.1369038145721083e-08
4.713095258 2.254824263916929e-06
4.71444649 4.674916515944669e-08
4.7157977209999995 1.1760299869258265e-08
4.717148952 1.3105250647509276e-06
4.718500184000001 6.241333598711132e-06
4.719851415 3.7251964334143673e-06
4.721202647 2.1038314843386368e-08
4.722553877999999 3.846768186710397e-08
4.72390511 8.652210014167731e-06
4.725256341000001 8.685565551043031e-06
4.726607572 1.0783099410754353e-06
4.727958804 8.676744817480069e-09
4.729310035 1.1769451004498402e-07
4.730661267 9.003752250797146e-06
4.7320124980000005 4.38049013262193e-06
4.73336373 2.083244851882868e-07
4.734714961 5.049728877991234e-09
4.736066193 4.1318483091900316e-07
4.737417424 1.0282268934857937e-05
4.738768654999999 5.200542018707769e-06
4.740119887 2.589301924344837e-06
4.741471118000001 1.8645982722264947e-06
4.74282235 7.779955916239973e-06
4.744173581 6.185844106129732e-06
4.745524813 1.4105787648381202e-06
4.7468760439999995 2.70951469411437e-08
4.748227276 1.3921234714636934e-08
4.749578507 2.1690006972128473e-06
4.750929738 1.6244561693585627e-07
4.75228097 4.836216516709219e-09
4.753632201 4.831149948726341e-09
4.7549834330000005 3.082772999454031e-08
4.756334664 6.366025317752558e-06
4.757685896 7.819251815751642e-08
4.759037127 1.0213191823430118e-08
4.760388358 1.0777282267939377e-06
4.76173959 7.659083851851704e-06
4.763090821 8.870371663587007e-06
4.764442053 3.87362918459834e-08
4.765793284 1.9096419308523184e-08
4.767144516 3.044325212142949e-06
4.768495747 8.484899886975692e-06
4.7698469789999995 3.2212592546259004e-06
4.77119821 1.8907823083309462e-08
4.772549441 3.823856523862277e-08
4.773900673 8.074812031671028e-06
4.775251904 9.049402682703127e-06
4.776603135999999 1.5109893019540272e-06
4.777954367 1.127384740920336e-08
4.779305599000001 5.5339707508243784e-08
4.78065683 6.15295826658695e-06
4.782008061000001 3.2486808722121927e-06
4.783359293 3.4318428983585415e-07
4.784710524 7.122475659786293e-09
4.7860617560000005 1.1869699488094997e-07
4.787412987 1.036353922465736e-05
4.788764219 5.901729493763307e-06
4.79011545 2.161289782033258e-06
4.791466682 5.280032722371168e-07
4.7928179129999995 2.440616631233135e-06
4.7941691440000005 2.864444367167243e-06
4.795520376000001 1.6377287725229028e-08
4.796871607 4.6690010917538065e-09
4.798222839 4.664002541335641e-09
4.799574069999999 2.836945449180173e-07
4.800925302 2.088562326538919e-06
4.802276533000001 1.23786622252341e-08
4.803627764 3.1350083707163227e-08
4.804978996 2.0128575516493635e-06
4.806330227 6.115757877870887e-06
4.807681459 1.6062857527453538e-06
4.80903269 1.0028217061643466e-08
4.810383922 5.2079538985378884e-08
4.811735153 4.305045164452731e-06
4.813086384999999 7.732530056041881e-06
4.814437616 1.3292876072169615e-06
4.815788846999999 1.0810453406029294e-08
4.817140079 6.834675289817014e-08
4.818491310000001 5.29849452672936e-06
4.819842542 6.273943106303205e-06
4.821193773 7.050181179579191e-07
4.822545005 7.460534161553831e-09
4.8238962359999995 1.0370337382897921e-07
4.825247468 1.0075264821111586e-05
4.826598699 9.905389979742405e-06
4.82794993 8.367363001519358e-07
4.829301162 7.311374618331987e-09
4.830652393 1.212925120116115e-07
4.8320036250000005 1.209232163644944e-05
4.833354856 8.766996879440695e-06
4.834706088 6.746654778156123e-07
4.836057318999999 7.146543989416699e-09
4.83740855 1.5063523290187602e-07
4.838759782 1.001490160530072e-05
4.840111013 6.744087397103101e-06
4.841462245 4.888546442011286e-06
4.842813476 3.3232504875485145e-06
4.844164708 6.266356866645035e-06
4.845515939 1.2417415087770335e-05
4.8468671709999995 4.104739517844036e-06
4.8482184020000005 2.0660385206581876e-06
4.849569633 1.7900983835109294e-06
4.850920865 4.881992144884746e-06
4.852272096 1.8229974049418154e-05
4.853623327999999 8.82229126194783e-06
4.854974559 5.780977035701211e-06
4.856325791000001 5.03308862774774e-06
4.857677022 7.534486027476831e-06
4.859028253 1.5352465026879554e-05
4.860379485 5.733316065906832e-06
4.861730716 3.984570964936473e-06
4.863081948 6.985692995954312e-06
4.864433179 1.006996492709725e-05
4.865784411 1.6857631744141877e-05
4.867135642 1.185630630128531e-07
4.868486874 8.809344550555211e-09
4.8698381049999995 8.857859489208173e-07
4.8711893360000005 8.759630865747336e-06
4.872540568000001 1.2905064162739315e-05
4.873891799 6.496086863735396e-06
4.875243031 4.07528542016764e-06
4.876594261999999 9.875220147637322e-06
4.8779454939999995 1.5811601509591347e-05
4.879296725000001 1.6680448646874286e-05
4.880647956 9.4873730937874e-06
4.881999188 5.280181424601869e-06
4.883350419 9.683852152711964e-06
4.884701651 1.2929970812759893e-05
4.8860528819999995 1.0685750105730498e-05
4.887404114 6.065758479603412e-06
4.888755345 2.920696842150276e-06
4.890106576999999 8.114495269942697e-06
4.891457808 1.5923117307055955e-05
4.892809038999999 1.1739711161554659e-05
4.894160271 5.579004147731354e-06
4.895511502000001 1.8887373184019757e-06
4.896862734 4.486552858465398e-06
4.898213965 1.2152706677713468e-05
4.899565197 5.841751507357121e-06
4.900916428 4.1329940297161955e-06
4.902267660000001 4.092837251261695e-06
4.903618891 7.641427143705285e-06
4.904970122 2.4787259890748413e-05
4.906321354 1.1351881684310668e-05
4.907672585 8.289422646879505e-06
4.9090238170000005 8.40086861220368e-06
4.910375048 1.0558330720057823e-05
4.91172628 1.9236738906707634e-05
4.913077511 5.678863850796953e-06
4.914428742 1.928087540082873e-06
4.915779974 2.8207505411763444e-06
4.917131205 5.5565421164775385e-06
4.918482437 1.2171151495710598e-05
4.919833668 5.218615753268339e-07
4.9211849 4.876751668645379e-09
4.922536131 1.7000897287549408e-07
4.9238873629999995 9.293077346752198e-06
4.9252385940000005 1.3289590424577138e-05
4.926589825 9.825851494857413e-06
4.927941057 3.4847888831815336e-06
4.929292288 5.048461927037642e-06
4.930643519999999 1.797973824052292e-05
4.931994751 1.9831894502834688e-05
4.933345983000001 1.0752136729939585e-05
4.934697214 2.1736123622864784e-06
4.936048445 2.276949257293255e-06
4.937399677 8.721292342515484e-06
4.938750908 1.1782288496403926e-05
4.94010214 1.0767939258861804e-05
4.941453371 4.120179031626124e-06
4.942804603 3.115578747799075e-06
4.944155834 8.806202682206788e-06
4.945507066 1.4778692711448088e-05
4.9468582969999995 9.364101746672543e-06
4.9482095280000005 1.7846223991956273e-07
4.949560760000001 5.350743396044576e-09
4.950911991 5.723947313035968e-07
4.952263223 9.7227452442771e-06
4.953614453999999 5.909875481091525e-06
4.9549656859999995 4.558874961858002e-06
4.9563169170000005 3.839317515733911e-06
4.957668148 7.348070309157558e-06
4.95901938 2.0481408861305763e-05
4.960370611 8.594091649669188e-06
4.961721843 5.8031464238925245e-06
4.9630730739999995 5.219397639775169e-06
4.964424306 6.977768870269583e-06
4.965775537000001 1.6105632214749616e-05
4.967126769 8.179237001462913e-06
4.968478 4.236071564977161e-06
4.969829230999999 5.977855179140462e-06
4.971180463 8.620960956031388e-06
4.972531694000001 1.3577661341279184e-05
4.973882926 1.1724027888982476e-05
4.975234157 5.83101448656041e-06
4.976585389 6.568068107971117e-06
4.97793662 9.5547514669448e-06
4.979287852000001 1.2362188842571175e-05
4.980639083 1.3186210890867793e-05
4.981990314 5.417319545034651e-06
4.983341545999999 4.392235791052525e-06
4.984692777 8.301712500553807e-06
4.986044009 1.366249466416305e-05
4.98739524 1.792518447874939e-05
4.988746472 6.9515242501256674e-06
4.990097703 4.189871390180143e-06
4.991448934 8.416334470042561e-06
4.992800166 1.5841485792590673e-05
4.9941513969999995 1.4459516736462069e-05
4.995502629 1.0117578039398146e-05
4.99685386 6.356019902043985e-06
4.998205092 8.880317394588152e-06
4.999556323 1.689493083552998e-05
5.0009075549999995 1.2435053959161604e-05
5.0022587860000005 9.329221270548133e-06
5.003610017 5.3450839006345966e-06
5.004961249 5.401094833145695e-06
5.006312479999999 1.2090175547528275e-05
5.007663711999999 1.301453786904273e-05
5.009014943 9.879179335559549e-06
5.010366175 6.495926912338025e-06
5.011717406 4.442868123712242e-06
5.013068637 8.818114327804643e-06
5.014419869 1.3554110186138731e-05
5.0157711 1.0259587811714653e-05
5.017122332 8.576017247448282e-06
5.018473563 8.017458543468286e-06
5.019824795000001 9.893089823544148e-06
5.021176026 1.560875093751698e-05
5.022527258 5.980799098122397e-06
5.0238784889999994 2.2994272550691016e-06
5.0252297200000005 2.4489585348550005e-06
5.026580952000001 3.1749581340960316e-06
5.027932183 7.167416222769874e-06
5.029283415 4.568572018204044e-06
5.030634646 6.298007615006091e-07
5.031985878 7.871649951475776e-07
5.033337109 2.970239832239211e-06
5.034688341 5.987918174846018e-06
5.036039572 1.1673795198349493e-05
5.037390803 4.218790684122047e-06
5.038742035 2.5751872494249337e-06
5.0400932659999995 5.520751704287702e-06
5.041444498 9.275957465365203e-06
5.042795729000001 1.1155912579405204e-05
5.044146961 6.6530116496426e-06
5.045498192 2.521321149328238e-06
5.046849422999999 3.6861662751716683e-06
5.048200655 7.701220381449599e-06
5.049551886000001 8.11223763453823e-06
5.050903118 7.921706518885963e-06
5.052254349 3.6596392199845874e-06
5.053605581 3.1109233113762627e-06
5.054956812 8.043128271006078e-06
5.056308044000001 1.2343422205761104e-05
5.057659275 1.1433428719024103e-05
5.059010506 7.4424111275214906e-06
5.060361737999999 4.114008425904426e-06
5.061712969 6.347030468275028e-06
5.063064201 1.1327930263999635e-05
5.064415432 7.823296808833282e-06
5.065766664 4.837792647085638e-06
5.067117895 1.9057633978457757e-06
5.068469126 1.693343062316405e-06
5.069820358 6.200969818760794e-06
5.0711715889999995 9.912905024714663e-06
5.072522821 7.6114647914070465e-06
5.073874052 6.154872176820628e-06
5.075225284 5.09174977068487e-06
5.076576515 7.5710810474499284e-06
5.0779277469999995 1.411136963080159e-05
5.0792789780000005 7.303358088151593e-06
5.080630209 4.884118714821326e-06
5.081981441 5.462560387095626e-06
5.083332671999999 6.661422703856253e-06
5.084683904 9.7300877598001e-06
5.086035135 6.628429360820154e-06
5.087386367 2.004593723953128e-06
5.088737598 2.0414315670821236e-06
5.090088829 4.069658256547456e-06
5.091440061 7.048369569420727e-06
5.092791292 1.2846466351164808e-05
5.094142524 7.166059474316209e-06
5.095493755000001 4.47301777798e-06
5.096844987000001 6.724572277033261e-06
5.098196218 9.502265146437288e-06
5.09954745 1.1004665090065707e-05
